# Waveform generated with NOW which implements a spherical B-tensor 
# 3 blocks : 35ms, 10ms (gradients silenced for 180 RF pulse), 35ms 
# NB : gradient waveforms are dimensionless.
#      81
0.000000 0.000000 0.000000
-0.229877 -0.144448 -0.968109
-0.221695 -0.148831 -0.969352
-0.203767 -0.158393 -0.971768
-0.172170 -0.175096 -0.975009
-0.118254 -0.203114 -0.977601
-0.021900 -0.251499 -0.973248
0.167954 -0.339725 -0.931301
0.549372 -0.480406 -0.691624
0.879846 -0.486553 -0.008934
0.817765 -0.339833 0.476148
0.707858 -0.243424 0.671286
0.625678 -0.189319 0.763956
0.562186 -0.156645 0.818750
0.507827 -0.135527 0.857139
0.456189 -0.121328 0.887758
0.402197 -0.111732 0.914711
0.340551 -0.105553 0.940121
0.264122 -0.102241 0.964743
0.161567 -0.101644 0.987172
0.013424 -0.103745 1.000000
-0.210988 -0.107718 0.977151
-0.530444 -0.108611 0.847216
-0.847236 -0.095528 0.532924
-0.991048 -0.070243 0.154381
-0.996960 -0.047792 -0.121368
-0.961738 -0.032514 -0.291454
-0.923342 -0.022508 -0.397337
-0.890432 -0.015777 -0.466717
-0.863796 -0.011086 -0.514468
-0.842601 -0.007721 -0.548551
-0.825938 -0.005271 -0.573359
-0.813173 -0.003498 -0.591337
-0.804047 -0.002282 -0.603694
-0.798834 -0.001606 -0.610578
0.000000 0.000000 0.000000
0.000000 0.000000 0.000000
0.000000 0.000000 0.000000
0.000000 0.000000 0.000000
0.000000 0.000000 0.000000
0.000000 0.000000 0.000000
0.000000 0.000000 0.000000
0.000000 0.000000 0.000000
0.000000 0.000000 0.000000
0.000000 0.000000 0.000000
0.000000 0.000000 0.000000
0.798834 0.001606 0.610578
0.804047 0.002282 0.603694
0.813173 0.003498 0.591337
0.825938 0.005271 0.573359
0.842601 0.007721 0.548551
0.863796 0.011086 0.514468
0.890432 0.015777 0.466717
0.923342 0.022508 0.397337
0.961738 0.032514 0.291454
0.996960 0.047792 0.121368
0.991048 0.070243 -0.154381
0.847236 0.095528 -0.532924
0.530444 0.108611 -0.847216
0.210988 0.107718 -0.977151
-0.013424 0.103745 -1.000000
-0.161567 0.101644 -0.987172
-0.264122 0.102241 -0.964743
-0.340551 0.105553 -0.940121
-0.402197 0.111732 -0.914711
-0.456189 0.121328 -0.887758
-0.507827 0.135527 -0.857139
-0.562186 0.156645 -0.818750
-0.625678 0.189319 -0.763956
-0.707858 0.243424 -0.671286
-0.817765 0.339833 -0.476148
-0.879846 0.486553 0.008934
-0.549372 0.480406 0.691624
-0.167954 0.339725 0.931301
0.021900 0.251499 0.973248
0.118254 0.203114 0.977601
0.172170 0.175096 0.975009
0.203767 0.158393 0.971768
0.221695 0.148831 0.969352
0.229877 0.144448 0.968109
0.000000 0.000000 0.000000
