4.194410220869709272e-01 3.548550186859941169e-01 8.355519999999999614e-01
-7.926598920800094206e-01 -7.968998915027249857e-03 6.096120000000000427e-01
8.762912363461012877e-01 4.558301229427705326e-01 1.559890000000000443e-01
5.868519128542590835e-01 -7.903488826355720143e-01 1.759360000000000090e-01
6.610004045334066936e-01 7.501954591209365475e-01 1.688899999999992491e-02
8.771878824318496415e-01 -4.655999375963524867e-01 1.172949999999999132e-01
3.013665429553974429e-01 -2.710594883528569254e-01 9.141690000000000094e-01
4.281859136248414299e-01 5.348658921049834758e-01 7.284059999999999979e-01
-1.302810090434698420e-01 7.089050492087183297e-01 6.931669999999999776e-01
-3.348699824012814075e-01 2.574302177242707157e-01 9.064170000000000282e-01
6.064701928326031721e-01 7.635902427903233924e-01 2.216389999999999194e-01
-5.628697148369387060e-01 -2.254512863200900108e-01 7.952040000000000219e-01
3.069181189896197370e-02 2.259986149213282780e-01 9.736439999999999539e-01
1.922801489789921839e-02 -8.462606556842201533e-01 5.324219999999999509e-01
9.598725227561305529e-01 -2.289898861473615432e-01 -1.618899999999999784e-01
-1.549180923484312078e-01 1.414470843182105975e-01 9.777489999999999792e-01
-6.232620291557161574e-01 5.538660259094244642e-01 5.520659999999999457e-01
-8.049215310396010681e-01 1.948968864498983322e-01 5.604609999999999870e-01
-3.792799560378543600e-01 -9.186168935235859978e-01 1.108589999999998882e-01
-2.724981784453295863e-01 7.886365164383255522e-01 5.511779999999999458e-01
-5.089706284449287965e-01 3.425034229016905019e-01 7.897089999999999943e-01
5.384559166421833964e-01 2.737199576256897984e-02 8.422089999999999854e-01
5.458101119388023698e-02 7.589921556597627461e-01 6.488080000000000513e-01
-5.804829718080753986e-01 7.116479654378737862e-01 3.957229999999999914e-01
5.963894334994574997e-01 -2.922207224243280055e-01 7.476140000000000008e-01
1.148180477199059052e-01 8.829793669779545384e-01 4.551530000000000298e-01
7.127475979428553599e-01 7.879306610159202140e-02 6.969809999999999617e-01
4.368977913439973104e-01 -3.960848108356806452e-01 8.076119999999999965e-01
-8.062630563492212410e-01 1.090230076195497499e-01 -5.814240000000001629e-01
-1.541669634934219324e-01 -7.779518157818116064e-01 6.091170000000000195e-01
3.390570376778485051e-01 8.434930937335064494e-01 4.166050000000001141e-01
-7.400510370623195056e-02 -4.481796280515547015e-01 8.908749999999999725e-01
-8.978120658403128118e-01 -4.383820321483873350e-01 4.188899999999991242e-02
-3.122507311236691341e-01 6.303104572452642440e-01 7.107799999999999674e-01
-0.000000000000000000e+00 0.000000000000000000e+00 1.000000000000000000e+00
3.459802902283185683e-02 2.309511937352460020e-01 -9.723500000000000476e-01
-8.566594573828891779e-01 -3.610621927763331129e-01 3.684680000000000177e-01
-4.052368752919821571e-01 8.272507454209941935e-01 3.891520000000000534e-01
5.682461912446294949e-01 -6.348822136711438358e-01 5.234699999999999909e-01
-8.158193126285899488e-02 8.531022812156947577e-01 5.153259999999999508e-01
2.268083146114447390e-01 2.909164035373666413e-01 9.294759999999999689e-01
-7.845678547878726095e-01 3.842479288812830629e-01 4.866280000000000605e-01
-1.476838360028023545e-01 3.509496102840083398e-01 9.246750000000000247e-01
-7.620299900007353189e-02 -9.896169870143673997e-01 -1.218660000000000854e-01
-3.138683218537963726e-01 -6.758276930221798207e-01 6.668910000000000116e-01
-4.607755682569549815e-01 -5.469874874770721540e-01 6.989210000000000145e-01
6.664098177462394190e-01 -1.073981317874017349e-01 7.378099999999999659e-01
-7.443621579357141416e-01 6.468011372356166078e-01 -1.660519999999999774e-01
-8.978708957101916299e-01 9.375998910955829838e-03 4.401590000000000225e-01
-6.828580809164789267e-01 6.992950828642109373e-01 2.114029999999999243e-01
2.644792491272432433e-01 -4.872924590070010220e-01 8.322239999999999638e-01
5.286192266459289330e-02 6.044701156783539586e-01 7.948720000000000230e-01
8.447707474855864485e-01 8.312997515122652614e-02 5.286319999999999908e-01
-3.254486481314416979e-01 4.516405116953271515e-01 8.307250000000000467e-01
3.906538962490273548e-01 1.597509575728864317e-01 9.065699999999999870e-01
2.147100963507851124e-01 -8.089543630168740673e-01 5.472590000000000510e-01
5.244571594155870153e-01 7.456782266586129415e-01 4.109849999999998782e-01
-8.438363832329697223e-01 -1.957600889055292337e-01 4.996179999999999510e-01
-1.643679688230035019e-01 -9.838488133854714768e-01 7.088499999999994805e-02
2.423817427272739189e-01 4.768914938101639356e-01 8.448820000000000219e-01
1.169840318186406575e-01 -3.617200983847251861e-01 9.249180000000000179e-01
-1.387062448511797441e-01 5.412109553725650279e-01 8.293679999999999941e-01
-9.359207769585193848e-01 -3.016439281145261164e-01 1.818329999999999391e-01
-9.712536823210672354e-01 3.987698695698254497e-02 2.346830000000000305e-01
-3.631525516782407315e-01 -1.847907718707370028e-01 9.132209999999999495e-01
-7.447516185082263540e-01 -3.949097977112966396e-01 5.379510000000000680e-01
2.391100276773929223e-01 7.797990902630730359e-01 5.785670000000000535e-01
9.082079681927791581e-01 -1.112469961039124350e-01 4.034630000000000161e-01
4.267153736976571077e-01 -5.795835075725230823e-01 6.942599999999999882e-01
-2.753049251608029602e-01 -5.086548617266963834e-01 8.157680000000000486e-01
-4.550591183479273383e-01 6.913351797966071910e-01 5.612279999999999491e-01
4.778453827131270981e-01 -1.717771375787396360e-01 8.614849999999999453e-01
3.170319627892271841e-01 -8.725638975851625068e-01 3.716489999999999516e-01
-9.046590629777432335e-01 1.991550138641546841e-01 3.767349999999999866e-01
3.410863603247973330e-01 -4.504704758785509772e-02 9.389520000000000088e-01
7.927999866767328208e-02 -5.626089905451686635e-01 8.229130000000000056e-01
2.025770506795520343e-01 -9.603652402586081438e-01 1.914710000000000301e-01
-2.822749486485895409e-01 9.593268254794274918e-01 -3.590999999999938859e-03
2.100570323717477483e-01 9.382591445944848951e-01 2.748560000000000447e-01
-1.176220049310997967e-01 -9.074910380449981995e-01 4.032680000000000708e-01
-5.246839396044308268e-01 8.252669050047831689e-01 2.089050000000000074e-01
8.139340592134906016e-01 -5.431890395168610386e-01 -2.060510000000000119e-01
3.979782939675077236e-01 -7.378115449860567221e-01 5.452040000000000219e-01
-7.327034111792956050e-01 5.594823139708920978e-01 3.874600000000001376e-01
-4.756209323995879146e-01 8.795808749844136187e-01 1.105499999999999018e-02
-4.615045661094097640e-01 -7.148543279187483668e-01 5.253540000000000987e-01
9.871473541191264633e-01 8.647903102260143249e-02 1.343929999999999292e-01
-2.515429044776341660e-01 -9.317126461860200104e-01 2.619880000000001097e-01
9.886926654429485373e-01 1.168889604467320265e-01 -9.393500000000004624e-02
7.926019974594582518e-01 -6.094019980466726105e-01 -2.028000000000000289e-02
9.364783623838282001e-01 8.388503246052489426e-02 3.405460000000000709e-01
-2.141259786511657548e-01 9.069819095718946178e-01 3.626759999999999984e-01
-3.438099240716948057e-01 9.185797971373066417e-01 1.949510000000000132e-01
-6.740077192588244115e-01 1.797851918554965733e-01 7.165129999999999555e-01
4.603198554285567456e-02 4.258628662503721740e-01 9.036159999999999748e-01
-4.878027389201773922e-01 5.224967203514039316e-01 6.993179999999999952e-01
-9.367843879904839133e-01 -1.524330631336076880e-01 3.149590000000000445e-01
-5.586469698431647535e-01 -8.136559560772907984e-01 1.608650000000000635e-01
8.515657845857470543e-01 2.719519312063458649e-01 4.481940000000000923e-01
4.961599550941785813e-02 -7.212189347248236793e-01 6.909279999999999866e-01
5.954457697579953468e-01 -4.717138176016347773e-01 6.503309999999999924e-01
5.834440010737161897e-01 5.806870010686424610e-01 5.677990000000000537e-01
-7.340061944674612926e-01 -5.546211469412211104e-01 3.919569999999999443e-01
-7.090769569660204663e-01 -6.770309589108967074e-01 1.970760000000000844e-01
7.570408237259630413e-01 6.246728545473344552e-01 1.915019999999999500e-01
-6.043573299058473403e-01 -4.003385561160388573e-01 6.888260000000000494e-01
-7.204376910459345806e-01 -2.138052050825762218e-01 6.597399999999999931e-01
8.154998729388267531e-01 -4.903449236004768785e-01 3.074439999999999396e-01
2.455938199294496471e-01 6.411295299207961929e-01 7.270739999999999981e-01
7.268644826314644147e-01 4.416992932843492037e-01 5.258990000000001164e-01
7.944800808795013936e-01 6.071260618065253967e-01 -1.411899999999995797e-02
7.338451496736697610e-01 2.629080536222296871e-01 6.263790000000000191e-01
-6.466189868522419504e-01 7.626169844936449005e-01 1.729800000000002516e-02
4.055101068252638385e-01 -8.953262358596240089e-01 1.842619999999999536e-01
4.255719469945181133e-01 8.726448913110619321e-01 2.395399999999998919e-01
2.961779111741232318e-01 9.512907147011019360e-01 8.558400000000003505e-02
-1.843312380988450516e-01 -9.230711923219687975e-02 9.785199999999999454e-01
9.191860211566696970e-01 -3.007650069226313061e-01 2.542389999999999928e-01
-9.973110666308200312e-01 7.215600482077667854e-02 1.281199999999996057e-02
-4.237887047662054485e-01 -3.728856201137044635e-01 8.254449999999999843e-01
1.898180108746055916e-01 8.626755046718440068e-02 9.780219999999999470e-01
9.621391522281894648e-01 2.680050424033491030e-01 4.961399999999991511e-02
-2.629400453626293613e-02 -9.745291681265609851e-01 2.227139999999999953e-01
-6.622421556167629175e-01 3.727280875853914988e-01 6.500070000000000014e-01
-3.313883768996495061e-01 4.931005608206007196e-02 9.422049999999999592e-01
9.630870456497290233e-01 -2.630710124694028984e-01 5.707000000000007900e-02
7.253735514516934657e-01 -4.864073697821174047e-01 4.870740000000000069e-01
4.201708558458598919e-01 6.934857620757312047e-01 5.852640000000000065e-01
6.231102863532705233e-02 -9.974334583752478833e-01 3.526800000000000768e-02
-8.756053205671393558e-01 3.781431384416715225e-01 3.005380000000001384e-01
6.703861396779815518e-01 -6.547271364153572915e-01 3.491630000000000567e-01
-1.220238959748358998e-01 -6.293854634499611578e-01 7.674530000000000518e-01
9.270137334238677251e-01 2.739939212091070941e-01 2.560720000000000218e-01
1.536311244364406692e-01 -1.387101123508841516e-01 9.783439999999999914e-01
2.462758596725022342e-01 -6.649996210845311451e-01 7.050699999999999745e-01
-9.077033357564071592e-01 4.122611524940121841e-01 7.820100000000000662e-02
4.973188962304021521e-01 8.662048192593796436e-01 4.861199999999998161e-02
5.901417085678436480e-01 4.076537986866139440e-01 6.968149999999999622e-01
1.138649728786048920e-01 -9.224917802725153271e-01 3.688410000000000299e-01
4.352720267363643925e-01 8.404290516229300234e-01 -3.228270000000000306e-01
-1.316800417021352955e-02 9.494893006965234861e-01 3.135230000000000516e-01
5.766753674514877304e-01 2.213561410458082801e-01 7.864139999999999464e-01
7.377027062919123690e-01 -3.011998800806340859e-01 6.042130000000000001e-01
-5.957791285562425987e-01 -7.139511540552087032e-01 3.678599999999999648e-01
-2.215033572325973421e-01 -3.201360710161984535e-01 9.211129999999999596e-01
-4.959713389019483332e-01 -4.482794024722470960e-02 8.671809999999999796e-01
-8.318303289188732075e-01 -5.089892012623835615e-01 2.213329999999999742e-01
-2.991778396912656013e-01 -8.287445559330495204e-01 4.729430000000000578e-01
6.853439923469759609e-01 6.177259931020453454e-01 3.856399999999999273e-01
-5.127122822741485564e-01 1.526450840388705599e-01 8.448820000000000219e-01
8.451511744053881170e-01 -3.066910632887648314e-01 4.377899999999999570e-01
5.027018560622917853e-01 -7.842847754371665703e-01 3.635769999999998725e-01
8.191177056355096742e-01 4.577838354872510451e-01 3.456590000000000495e-01
9.728788657814609886e-01 -1.028059858168681590e-01 2.072139999999999260e-01
-1.440869988767244925e-01 9.768239923848609507e-01 1.582839999999999248e-01
-6.082936950596581349e-01 -5.714327135382323286e-01 5.508570000000000411e-01
-6.582946623003144149e-01 -2.373698782312268912e-02 7.523859999999999992e-01
