-7.152899938549052428e-02 -5.070829956436228025e-01 8.589240000000000208e-01
0.000000000000000000e+00 0.000000000000000000e+00 1.000000000000000000e+00
9.327128815960917807e-01 3.361989573209813176e-01 1.304490000000000371e-01
2.944550576897183580e-01 9.457201852857665125e-01 1.375119999999999676e-01
-4.108570717575881770e-01 -8.899531554333519612e-01 1.979389999999999206e-01
-6.033428400296634297e-01 -4.327938852490176846e-01 6.698260000000000325e-01
8.463278160846913201e-01 4.694028979941611834e-01 2.517739999999999978e-01
5.277077494652868683e-01 -1.233779414250459755e-01 8.404179999999999984e-01
-7.196765071298956151e-01 -2.879952029397594426e-01 6.317629999999999635e-01
7.619589873030232496e-01 6.289819895188981658e-01 1.542730000000001045e-01
1.313480730064142676e-01 9.476475267252596479e-01 2.910529999999998951e-01
-4.404455438640003662e-01 -4.755105075498803902e-01 7.615100000000000202e-01
-2.423829158432933006e-01 -7.281837471705222553e-01 -6.410919999999999952e-01
3.307477175100730360e-01 -7.341683729505630307e-01 5.929609999999999603e-01
-8.010398156678912029e-02 -7.823748199630068401e-01 6.176350000000000451e-01
-3.875517138324243716e-01 3.380297503993635183e-02 9.212280000000000468e-01
-1.300959914824895425e-01 9.808419357833290109e-01 -1.449969999999999315e-01
2.978912381146485433e-02 3.630355088714398160e-01 9.312989999999999879e-01
9.744405400270769180e-01 -1.558139264499122933e-01 1.618259999999999699e-01
6.919655812330605116e-01 3.568747840248632230e-01 6.275539999999999452e-01
-8.376672443129042911e-01 -5.234751526760607065e-01 1.558440000000000658e-01
-1.015159790883766316e-01 6.874348583929449363e-01 7.191159999999999775e-01
-8.697640261943081486e-01 2.973800089560667964e-02 4.925709999999998701e-01
-2.913004235191776203e-01 2.110833068922025324e-01 9.330530000000000213e-01
6.838285548847368167e-01 -5.250704260622974379e-02 7.277510000000000367e-01
8.883640489875400670e-01 -3.714450204827940416e-01 -2.698849999999999860e-01
-7.044921763345279864e-01 -6.687151673795356244e-01 2.377200000000000424e-01
4.985430248290167454e-01 -7.160740356627479652e-01 4.885620000000000518e-01
1.713200689400121712e-01 -9.299343742100243393e-01 3.253789999999999738e-01
5.720193154984937189e-01 6.776103737374706837e-01 4.622100000000000097e-01
3.298697178012771625e-01 -1.687858556061671567e-01 9.288149999999999462e-01
-8.557414809747274642e-01 4.335847370217040253e-01 -2.823309999999999986e-01
-8.939457591456609897e-01 2.045879448782058352e-01 3.987540000000000529e-01
4.818958983039375310e-01 -8.710138161871148199e-01 9.545300000000002394e-02
1.146362816630929621e-01 -1.900434669396976195e-01 9.750600000000000378e-01
1.168020839311742221e-01 -7.586885451753800913e-01 6.408970000000000500e-01
-7.937616910926068581e-01 2.004449219930628801e-01 5.742509999999999559e-01
-7.871432815571764996e-01 -5.126251833634389854e-01 3.429590000000000138e-01
9.816336488662077420e-01 1.907679317616430559e-01 -1.725000000000036183e-03
6.956045341796803783e-01 -3.923823013244480129e-01 6.018059999999999521e-01
-5.676500729027573744e-01 5.160810662797988835e-01 6.414309999999999734e-01
9.001253324426249369e-01 1.052599219363852534e-01 4.227230000000000709e-01
-5.698984732105280004e-01 -8.620292031775296515e-02 -8.171810000000001573e-01
9.541647897154762470e-01 -2.510399446743206281e-02 2.982269999999999643e-01
-6.362349656126744524e-01 -6.449669651407262672e-01 4.233470000000000288e-01
-2.600000958500145454e-02 -9.563523525628929711e-01 2.910570000000000657e-01
-2.628995126010477690e-01 -4.997339743805013779e-01 8.253179999999999961e-01
-9.580901048735706027e-01 1.883370206155724202e-01 2.158530000000001003e-01
-6.095930773397989499e-01 7.919501004756511753e-01 3.480400000000004324e-02
-1.745629407655179266e-01 -6.557007775009072725e-01 7.345639999999999947e-01
1.716798690016614060e-01 5.011036176386799434e-01 8.481870000000000243e-01
8.929552798338357134e-01 2.938000920709116781e-01 3.410460000000001268e-01
-4.883398863628663489e-01 7.708048206330205820e-01 4.091259999999998787e-01
-2.952742833070874373e-01 6.923616643008810856e-01 6.583679999999999533e-01
-5.772802215828004568e-01 3.366095461083701973e-02 8.158520000000000216e-01
-9.295710169536774981e-01 -3.590610065486168345e-01 8.350399999999995326e-02
2.898839014954369131e-01 -9.567096749034075254e-01 2.596000000000006983e-02
1.055759534239759101e-01 9.897405633647731182e-01 9.626699999999999147e-02
9.630417808469849961e-01 1.597229636529071128e-01 2.168849999999999112e-01
-2.870618202135976071e-01 -1.533109039816028807e-01 9.455639999999999601e-01
1.390759564648977875e-01 -5.017078429498326164e-01 8.537839999999999874e-01
8.785225767274225106e-01 -1.117330733498820700e-01 4.644499999999999740e-01
9.844220009260936655e-01 -1.735440001632612972e-01 -2.821000000000006835e-02
7.459320088781555835e-01 -5.105980060771873053e-01 4.276389999999999358e-01
4.318354687333577635e-01 2.273722467999143571e-01 8.728230000000000155e-01
-1.962486232811287978e-01 2.034896093813315029e-02 9.803429999999999644e-01
-4.839521387613713310e-01 6.671481912883332477e-01 5.663070000000000048e-01
-5.384827589393156311e-01 -7.810926503309981728e-01 3.161179999999999546e-01
-5.334606647625981246e-01 3.657304557485565599e-01 7.626669999999999838e-01
-4.552388574595288562e-01 -7.374377690998359380e-01 4.989419999999999411e-01
-7.253990921966860794e-01 -5.856320744325943517e-01 -3.617059999999999165e-01
9.331859283757848456e-01 -3.381019740498781845e-01 1.218650000000000289e-01
-1.021214745097270143e-01 1.977969821887056168e-01 9.749090000000000256e-01
3.844784972889123131e-01 4.147944576503642122e-01 8.246949999999999559e-01
-1.799964404574369015e-01 -3.385908285433207876e-01 9.235569999999999613e-01
-8.590247802201776972e-01 5.065108704101772830e-01 -7.431799999999992579e-02
1.840899182702811221e-02 -8.799686093236008810e-01 4.746750000000001246e-01
-4.763976649262867125e-01 -1.313979075814429298e-01 8.693560000000000176e-01
-3.624209733447230075e-01 -6.389089530096315750e-01 6.785619999999999985e-01
2.764602931271811226e-01 1.490916973678721169e-01 9.493899999999999562e-01
8.208509040479041730e-01 -3.256279619362233979e-01 4.692229999999998902e-01
-6.604213625324081294e-01 -1.290140708211217624e-01 7.397289999999999699e-01
4.741503472930778257e-02 7.904705789829362672e-01 6.106620000000000381e-01
6.440141196153712499e-01 5.286920981961414912e-01 5.529290000000000038e-01
-9.502676709132830135e-01 1.094399620999019461e-02 3.112420000000000742e-01
7.465240172196224711e-01 6.639430153147759528e-01 -4.337700000000009604e-02
-9.617231776198890136e-01 -1.824710337004298855e-01 2.044329999999999758e-01
7.875309468126970858e-01 4.195919716621100415e-01 4.513730000000000242e-01
-5.542597973003674655e-02 9.686526457518017663e-01 2.421570000000000666e-01
6.246991385048183965e-01 7.781361725240242277e-01 6.523099999999992793e-02
-2.641259472886899884e-01 -9.629378078276147335e-01 5.466499999999996362e-02
9.965229014373623295e-01 1.842299817784489105e-02 8.125699999999989875e-02
7.057969318677200787e-01 1.570829848364006798e-01 6.907790000000000319e-01
-3.566316278764622427e-01 3.851455981238583459e-01 8.511619999999999742e-01
-3.710956748765742441e-01 -3.190245801798035630e-01 8.720729999999999871e-01
-5.387339808631275151e-01 -5.964569788126947714e-01 5.949830000000000396e-01
-8.927494056092151187e-01 -3.530271603933517466e-01 2.799469999999998904e-01
-1.945040974777930698e-01 9.058624539825840261e-01 3.762730000000000241e-01
5.164279949281488369e-01 -8.071149920733052818e-01 2.861250000000000737e-01
-1.678980906015454522e-01 -8.838854769642701115e-01 4.365280000000000826e-01
5.713859415812831966e-01 2.954289697952293681e-01 7.656629999999999825e-01
8.130602578991071860e-01 2.332960740004798028e-01 5.333910000000000595e-01
6.448689501991756723e-01 -6.707689481990152247e-01 3.663509999999999267e-01
-3.345580776662958056e-01 9.175792130122786272e-01 -2.147539999999999727e-01
-8.824598465509943257e-02 9.951028269637525181e-01 4.453099999999998726e-02
3.683171732703254264e-01 -8.404853953961110014e-01 3.973999999999999755e-01
7.666259760914359012e-01 -6.007569812643488438e-01 2.266620000000000579e-01
4.095459471130459828e-01 1.204296903916378912e-02 9.122099999999999653e-01
7.688116333684420489e-01 -1.902119092915798282e-01 6.105310000000000459e-01
-4.762071427049316963e-01 2.033720609444787386e-01 8.554920000000000302e-01
2.392993925170392930e-02 -3.527621044817736418e-01 9.354069999999999885e-01
-6.468900522055758273e-01 7.455560601681588961e-01 -1.602480000000000848e-01
-8.234848804116517984e-01 -3.275609524308530363e-01 4.632239999999999691e-01
-8.395186841605206673e-01 5.283248012363114254e-01 1.268120000000000080e-01
3.112198971206640019e-01 8.921387050875011493e-01 3.274610000000000021e-01
-3.275901160840757192e-02 5.329711888624377725e-01 8.454990000000000006e-01
6.972199711091929542e-02 9.925929588697800510e-01 -9.948899999999999411e-02
-6.934899804289158531e-01 3.622659897764374803e-01 6.227639999999999842e-01
-8.628778986017936470e-01 -5.035809408233721252e-01 -4.298799999999992905e-02
-4.330878285863498101e-01 8.960096453645800540e-01 9.798800000000003341e-02
5.385541844873902306e-01 -4.372041497688717859e-01 7.202859999999999818e-01
7.427842120120830005e-01 -3.310400944884111379e-02 -6.687119999999999731e-01
4.415155088855466925e-01 -5.974486886122829521e-01 6.694170000000000398e-01
-2.709889117090807376e-01 -7.753037473982233863e-01 5.704989999999999783e-01
-5.501560959205128443e-01 -2.867960500033071014e-01 7.842679999999999652e-01
-6.826768740797316548e-01 5.361399011085877797e-01 4.964940000000000464e-01
6.065893539922826427e-01 -5.660513303351784042e-01 5.582430000000000447e-01
1.992765988784392928e-01 -2.196873529453897272e-02 9.796970000000000400e-01
-8.831000040452791078e-02 -1.762060054951370969e-01 -9.803840000000000332e-01
9.833101851375633529e-02 6.536921230771005620e-01 7.503450000000000397e-01
-1.421849866740801938e-01 8.131059237937524609e-01 5.644839999999999858e-01
-8.059605983356715742e-01 3.777822804611228324e-01 4.557499999999999329e-01
9.143232086116559465e-01 -2.455830560321421163e-01 3.220280000000000920e-01
-5.924861686292054452e-01 -7.955392264207244990e-01 1.267969999999999098e-01
-7.091407654725889742e-01 -4.811388408775065795e-01 5.153879999999999573e-01
4.515829600947487421e-01 8.921499211629537740e-01 -1.188900000000002455e-02
6.330926311763271919e-01 7.300185747097365230e-01 2.574229999999999019e-01
4.748159195329886284e-01 8.629898537491866861e-01 1.726219999999999699e-01
-8.942662852964333720e-02 -1.725892830792840615e-01 9.809259999999999646e-01
-5.573640191185370574e-01 7.994700274231867354e-01 2.240379999999999039e-01
-6.409571787808584498e-01 6.701321869185830060e-01 3.742950000000000998e-01
3.689858932989455442e-01 7.786997748204239622e-01 5.074210000000000109e-01
-2.387323929309018156e-01 3.406335606505700442e-01 -9.093819999999999126e-01
-6.167001732987602118e-03 8.995292527764872093e-01 4.368169999999998998e-01
2.446100668811869439e-02 -6.461161766608259915e-01 7.628470000000000528e-01
2.298848178532417463e-01 3.319427369887491541e-01 9.148589999999999778e-01
-8.093579119455600601e-01 -1.337049854535089788e-01 5.718940000000000135e-01
-9.044879638842304725e-01 -1.630639934889333287e-01 3.940960000000000574e-01
4.547379456966659794e-01 6.404519235193036897e-01 6.188979999999999482e-01
-3.228471460782730840e-01 8.050473642588454881e-01 4.976629999999999665e-01
-2.193659398534637817e-01 -9.440647411529604627e-01 2.462120000000000974e-01
-3.522979625146172578e-01 -8.541509091162107215e-01 3.825080000000001257e-01
-7.127156683283943917e-01 6.772616848273717016e-01 1.826279999999999293e-01
-2.420939489874508466e-01 9.552877987076259236e-01 1.697520000000000140e-01
5.230015919471141528e-01 4.796886257404737175e-01 7.045339999999999936e-01
-7.527199668413364630e-01 6.581719710063451689e-01 -1.490999999999999791e-02
3.191798143852698222e-01 5.824246612987680205e-01 7.476000000000000423e-01
-1.673557072726044315e-01 3.818283321314520085e-01 9.089549999999999574e-01
1.838070487215312243e-01 8.577042273507112791e-01 4.801650000000000085e-01
2.393779918638464788e-01 -6.296439785992019589e-01 7.390849999999999920e-01
4.443375370417472769e-01 -3.066093705787119039e-01 8.417569999999999775e-01
-7.833168876434466465e-01 5.340379233992508246e-01 3.181479999999999309e-01
-6.499928621445956178e-01 1.993619577178074032e-01 7.333239999999999759e-01
-4.037788981148036083e-01 5.451138624518687692e-01 7.347200000000000397e-01
6.262011701068906921e-01 -2.565680696964469099e-01 7.362370000000000303e-01
-9.928415747368745103e-01 -6.746997110063620781e-03 1.192479999999999235e-01
-4.800837559935242083e-01 -8.030825918267374686e-01 -3.529559999999999365e-01
-9.299670505405552845e-01 3.595430195399437201e-01 7.674700000000006517e-02
-3.733451577897486939e-01 8.799823719137489508e-01 2.936739999999999906e-01
3.477644089917735770e-01 -4.770095609918131863e-01 8.071690000000000254e-01
8.087518301383941344e-01 2.335899509392588488e-02 5.876860000000000417e-01
2.057198782734214193e-01 -8.442765004328669498e-01 4.948499999999999566e-01
-2.242040059846781841e-01 5.496790146725836212e-01 8.047269999999999701e-01
