4.206286548227796129e-01 -4.205316546717725590e-01 8.038809999999999567e-01
-9.558997110643276951e-01 -2.528509235718446879e-01 1.494060000000001220e-01
4.455380102255129260e-01 3.863130088662439787e-01 8.076250000000000373e-01
-6.268598792740455450e-02 -2.843499452374930736e-01 9.566689999999999916e-01
7.977731995820148692e-01 -1.548440387379336203e-01 5.827360000000000317e-01
4.100095228619583532e-01 6.472642467628729745e-01 6.426049999999999818e-01
-1.259439478409237201e-01 9.099286231574665873e-01 3.951809999999999490e-01
-9.409629705509133801e-01 1.495499953195714507e-02 3.381789999999998964e-01
8.387854089321368223e-01 4.355766930616787880e-01 3.266680000000000139e-01
7.224080610300090410e-02 1.605451243696523478e-02 9.972579999999999778e-01
7.562809886463962572e-01 -6.424619903550943256e-01 1.236190000000000622e-01
-9.623684382642300195e-01 -2.059280937800054001e-01 -1.773150000000000837e-01
-8.200018277561583746e-01 5.435708858213064154e-01 1.792419999999999569e-01
1.813518921781028803e-01 9.532354332584483947e-01 2.417719999999999314e-01
8.237449316624442242e-01 -4.249319647478112527e-01 3.753359999999999475e-01
-6.242781593268674767e-01 7.636451948958090652e-01 1.646899999999999475e-01
6.071919960713819675e-01 -6.849009955685937401e-01 4.027760000000001339e-01
-4.209860933846988340e-01 7.946631762751371619e-01 4.373569999999999403e-01
6.856925261892792278e-01 3.919973008123456282e-01 6.133220000000000338e-01
-6.622097451405206670e-01 5.929947717787457107e-01 4.580779999999998742e-01
1.538359935488841368e-01 8.257159653735828275e-01 5.427039999999999642e-01
-6.407198647111430612e-01 -7.518198412522341112e-01 1.557080000000000131e-01
-7.809682445178237620e-01 4.419695724536342601e-02 6.230050000000000310e-01
-9.249318725097102067e-01 3.653899496355654808e-01 -1.048389999999999739e-01
2.564503375532595775e-01 -2.098054580434436933e-01 9.435120000000000173e-01
-9.994260446601345160e-01 3.378300150961977000e-02 -2.508000000000069202e-03
1.409220594933449089e-01 6.095482573341950427e-01 7.801230000000000109e-01
4.270643746710143795e-01 8.318157297664281469e-01 3.545400000000000218e-01
-6.401343269431318816e-01 -2.306797574562265696e-01 7.328130000000000477e-01
-6.427274061361876178e-01 3.368522128552046135e-01 6.880640000000000089e-01
4.273438642819933908e-01 9.035717130391661689e-01 3.058400000000005212e-02
5.699003083417421012e-01 -1.560510844306671474e-01 8.067600000000000326e-01
-5.383081874625829100e-01 -7.157052492400406418e-01 4.449609999999999399e-01
-6.872740334455074152e-01 -4.735150230431378060e-01 5.508520000000000083e-01
1.386619329983987126e-01 9.852505239258427805e-01 -1.002710000000000823e-01
-8.301884991362340482e-01 3.211641930943223699e-01 4.556760000000000255e-01
-4.403917265201801046e-01 -5.494346588053714564e-01 7.100539999999999630e-01
3.124081388583387908e-01 -8.524213788819875459e-01 4.192599999999999660e-01
-8.529184578362696278e-01 -2.382798485357067175e-01 4.644920000000000715e-01
-4.327224770781307739e-01 5.878282896410879088e-01 6.835269999999999957e-01
-3.495800170945894125e-01 -8.908910435648943471e-01 2.900120000000000475e-01
-3.734710115782898243e-01 9.168810284250018539e-01 1.408849999999999825e-01
-2.658788264500962506e-01 -2.722298223045439489e-02 9.636219999999999786e-01
-1.208788788778341061e-01 2.434677560422283393e-01 9.623469999999999525e-01
-8.479101389059701122e-02 9.908141623167305845e-01 1.053460000000001062e-01
8.636434110854483981e-01 1.439140685016276344e-01 4.831240000000000534e-01
6.525874365547545963e-01 -4.429152962925236858e-01 6.147810000000000219e-01
-2.100199299585693222e-02 -9.204786930213006979e-01 3.902280000000000748e-01
-2.410280615822025796e-01 -7.796171991906835075e-01 5.780159999999999743e-01
-8.099565002416498904e-01 -5.190533205753511403e-01 2.730460000000000664e-01
6.619616310084948108e-01 1.204151147845385073e-01 7.398019999999999596e-01
3.835984048807402069e-01 -6.677967048465811573e-01 6.378869999999999818e-01
-3.739243993367720176e-01 -2.987753190804658399e-01 8.780170000000000474e-01
1.360559497540078933e-01 -5.187538084221983148e-01 8.440280000000000005e-01
2.094110080273876018e-01 -9.635820369371532745e-01 1.663030000000000896e-01
-1.501851104640738732e-01 7.486295506316150705e-01 6.457540000000000502e-01
1.694617541385184112e-01 3.367315114572682067e-01 9.262259999999999938e-01
-9.457152848593802785e-01 2.710610816464459338e-01 1.792999999999999594e-01
7.309703831977289179e-02 -7.606903987778981246e-01 6.449859999999999483e-01
9.448980209989945589e-01 -1.129640025104618889e-01 3.072570000000000578e-01
6.755287962006026881e-01 7.228467819253016069e-01 1.454420000000000990e-01
-5.430142240817928956e-01 3.776194604159487100e-02 8.388740000000000085e-01
6.377597506576864195e-01 6.342447520319310916e-01 4.370309999999999473e-01
3.857513078377767801e-01 9.055483751542410531e-02 9.181479999999999642e-01
5.118369750758916537e-01 -8.468229587636137978e-01 1.446159999999999946e-01
8.626777435843857589e-01 5.050558498811323904e-01 2.656500000000002609e-02
-1.574439774631418432e-01 -5.646269191781293495e-01 8.101899999999999658e-01
-1.485029969973139796e-01 5.201989894817325988e-01 8.410349999999999770e-01
-3.995115745752430558e-01 3.103496695203816769e-01 8.625969999999999471e-01
