-8.987780792937116736e-01 -3.478010306843650756e-01 2.668939999999999646e-01
-8.233432025828606449e-01 -5.572291371057318532e-01 1.077109999999998902e-01
-1.865369756399176404e-01 -9.699198733370261172e-01 1.563950000000000895e-01
-5.150342359650095236e-01 -7.148263275005607431e-01 4.730359999999999565e-01
3.585211610814759697e-01 -2.042015221803949454e-01 9.109140000000000015e-01
4.057709304172966158e-01 7.374518735397459501e-01 5.399209999999999843e-01
-1.942730165684641574e-01 4.190220357360568415e-01 8.869489999999999874e-01
-2.935123981447203545e-01 1.528831656342029555e-01 9.436510000000000176e-01
1.447282420573500206e-01 -4.454967450913521199e-01 8.835079999999999600e-01
-5.686034264091922585e-01 -2.603727373434599479e-01 7.803179999999999561e-01
7.699197610520907009e-01 3.236118995656550590e-01 -5.499989999999999046e-01
-2.697199712315539316e-02 -7.919299155324217576e-01 6.100160000000000027e-01
7.680214970946248609e-01 2.657508259846640963e-01 5.826829999999999510e-01
6.607830891086138303e-01 7.457821005709895923e-01 8.470400000000002927e-02
-5.200568729088226316e-01 7.112098261949821865e-01 4.729919999999999125e-01
1.929641100826181566e-01 9.725945548480227076e-01 1.297099999999999087e-01
-5.844296478683806695e-02 9.668754174364576626e-01 2.484680000000000777e-01
-4.168500750565471979e-01 -8.687461564233540656e-01 2.674250000000000238e-01
4.328039021043953993e-01 8.605018053637126796e-01 2.687329999999999997e-01
-9.461997087032236742e-02 6.513727994685527545e-01 7.528350000000000319e-01
-3.872678997103415344e-01 5.644828538174926358e-01 7.289600000000000524e-01
8.207952249648392540e-01 -4.206791153003900385e-01 3.864249999999999075e-01
-3.138660055620460243e-01 -6.808100120646918274e-01 6.618049999999999766e-01
4.104193511364647717e-01 -4.534972830312473113e-01 7.911359999999999504e-01
4.298171076542589564e-01 -6.668821670308235916e-01 6.087080000000000268e-01
-5.369050955308194428e-01 8.405001495490893593e-01 -7.274899999999992484e-02
9.368532805632783234e-01 -1.902230569668758031e-01 2.934639999999999471e-01
-3.473025828349681210e-01 -1.538712582231008541e-01 9.250429999999999486e-01
5.488247842669730092e-01 -8.107876812941292588e-01 -2.035059999999999925e-01
-9.807058468202541901e-01 1.949829695449538658e-01 -1.406000000000009673e-02
-4.697909420787573231e-01 3.229339601849788299e-01 8.215900000000000425e-01
1.598110634958770648e-01 7.257142883396444644e-01 6.691780000000000506e-01
5.954274706107919313e-01 -1.993141575328618853e-01 7.782930000000000126e-01
4.770302532200047518e-01 5.690091092292008657e-02 8.770430000000000170e-01
6.436104607068490191e-01 -4.255873046423233053e-01 6.361139999999999572e-01
-9.148059795243921322e-01 -2.730939938874846207e-01 -2.975729999999999209e-01
-6.870346524558366141e-01 2.261552147727038109e-01 6.905339999999999812e-01
6.426883375260881159e-01 -6.204803258629181251e-01 4.493949999999999334e-01
-9.881733681348287002e-01 -8.245003071599452116e-02 1.292880000000000973e-01
6.431880902663432709e-01 7.401731038774200799e-01 -1.960939999999999073e-01
-3.598536205837894464e-01 -4.473397714576002326e-01 8.187750000000000306e-01
-8.531031559289941058e-01 1.155280211160493037e-01 5.087909999999999933e-01
1.990119782763046519e-01 8.912029027183157037e-01 4.076169999999999516e-01
2.032000382225222085e-02 -9.403211768771687629e-01 3.396810000000000107e-01
-2.298179431123665017e-01 -8.604447870111138208e-01 4.547730000000000383e-01
-6.284279706081371542e-01 4.880049771757848376e-01 6.057470000000000354e-01
4.090017873007799343e-03 2.427230606777988353e-01 9.700870000000000326e-01
7.088222313371856931e-01 3.851301256943073792e-02 7.043350000000000444e-01
-7.382590118884745367e-01 -7.506000120872065307e-02 6.703280000000000349e-01
-7.219290195709113789e-01 6.623830179566672083e-01 -2.001680000000000959e-01
-2.789350238900703549e-01 7.635540653964496549e-01 5.823920000000000208e-01
8.913318685123645668e-01 4.273199369625500094e-02 4.513329999999999842e-01
-8.882965209923585626e-01 4.439077606258670650e-01 -1.177930000000000088e-01
-3.091580442308957677e-01 8.884291271065618556e-01 3.392859999999999765e-01
1.847799986784318393e-01 -6.627839952596914497e-01 7.256540000000000212e-01
-5.778499799316385438e-02 9.977179653498928769e-01 -3.492499999999990751e-02
5.571457374765886872e-01 3.022438575846799202e-01 7.734579999999999789e-01
-9.486547406789935799e-01 -3.158759136532437450e-01 -1.663099999999992015e-02
2.086710373415448516e-01 5.466374782068608718e-02 9.764570000000000194e-01
9.721298205257329628e-02 4.910909093349684063e-01 8.656669999999999643e-01
-7.358482464750254470e-01 -5.510191845658645171e-01 3.935800000000000409e-01
7.505237257098786863e-01 -6.578617595745801516e-01 -6.270599999999998397e-02
-9.077491615119865909e-01 -1.205260214446875339e-01 4.018270000000001008e-01
-1.021589976950116330e-01 -2.243777985787656637e-02 9.945150000000000379e-01
9.663395979193495355e-02 -1.964419182632126115e-01 9.757419999999999982e-01
3.557619344024740560e-01 5.407649002905141611e-01 7.622379999999999711e-01
8.028765869952042555e-01 -1.961341433966358461e-01 5.629570000000000407e-01
-5.732181369042813612e-01 -5.077131212594218068e-01 6.431550000000000322e-01
-5.368957694326580432e-01 3.232704632833140884e-02 8.430290000000000283e-01
-1.367377629361969937e-01 -3.351764189008594186e-01 9.321800000000000086e-01
-9.527968561386473967e-01 1.619959755404731250e-01 2.567790000000000350e-01
-7.248488968333767213e-01 6.047619139251716458e-01 3.299349999999999783e-01
6.260517813097435935e-01 6.923337581563511200e-01 3.587940000000000573e-01
-4.753853169841337767e-01 8.105205404503296185e-01 -3.421480000000000632e-01
5.863085890125986355e-01 5.281876297539119802e-01 6.142149999999999554e-01
8.293763213571868631e-01 5.344422070795123991e-01 1.628079999999999805e-01
-7.734724743954726200e-01 -4.746922911440050741e-01 -4.200089999999999102e-01
-8.198240074508102992e-01 3.728820033888650687e-01 4.345659999999999523e-01
9.867648441391595471e-01 5.076099198223273101e-02 1.540079999999999505e-01
2.733619712143263714e-01 -9.390619011145207029e-01 2.084129999999999316e-01
-9.380401944169707018e-02 -5.873631217361043877e-01 8.038689999999999447e-01
3.036387294020557737e-01 3.014997242637298958e-01 9.038260000000000183e-01
-8.914468546226107515e-01 4.240929308388125540e-01 1.595859999999999224e-01
2.320420495676812078e-01 -8.403981795217251305e-01 4.897830000000001349e-01
-4.123101159273142441e-02 8.574552410866936869e-01 5.129040000000000266e-01
-4.398629527899513003e-01 -8.980649036115959660e-01 1.079999999999383726e-04
3.148888385000063739e-01 -9.464475145865811623e-01 -7.128900000000003290e-02
