-6.693035422136814905e-01 -2.131041726391551261e-01 7.117719999999999603e-01
7.858950684592472813e-01 6.177710538139797869e-01 2.697900000000006196e-02
8.939980087068192249e-01 -3.558290034654874034e-01 -2.723110000000000253e-01
7.982295338626859138e-01 3.842157756318175243e-01 4.639050000000000673e-01
-2.800791314767517304e-01 2.882461061510254718e-01 -9.156800000000000495e-01
7.997122177434503598e-01 -2.252560613321029359e-01 5.565250000000000474e-01
9.979477279791226785e-01 -6.091198339659413541e-02 1.975000000000000713e-02
-7.384037971344683537e-01 2.046939437633637782e-01 6.425419999999999465e-01
8.681618633038292732e-01 -3.434089459286454593e-01 3.582809999999999606e-01
-4.536670239183493991e-01 6.288186470730490474e-02 8.889500000000000179e-01
4.780921251905123626e-01 -3.242620849094440261e-01 8.162610000000000143e-01
-6.688650389095622817e-01 -4.408110256430862739e-01 5.985859999999999514e-01
-2.184499035238612608e-01 9.740415698246228660e-01 -5.935199999999995341e-02
3.252557615355520237e-01 -2.578476037098814122e-01 -9.097930000000000739e-01
-1.335989121587830286e-01 9.013684073507290950e-01 4.119299999999999629e-01
6.445719776829110792e-01 -1.360679952889023159e-01 7.523379999999999512e-01
-2.258798445986215722e-02 -7.705104699022856662e-01 6.370270000000000099e-01
5.354663124941252406e-01 2.892111687814696852e-01 7.934940000000000326e-01
7.245631482708559945e-01 6.536331337561046562e-01 -2.185679999999999290e-01
9.776399339546140710e-02 7.374469501810771987e-01 6.682919999999999972e-01
4.801927508947301249e-01 8.629315523447683711e-01 1.573659999999999781e-01
6.258818385887116031e-01 7.795107989686954619e-01 -2.519600000000004128e-02
4.362199250869824851e-01 4.845329167900849776e-01 7.582480000000000331e-01
-4.098711989077046813e-01 4.506832187135002554e-01 7.930260000000000087e-01
5.084479559804356841e-01 7.757219328408324621e-01 3.738130000000000064e-01
4.089112713449547659e-02 3.784501766384453236e-01 9.247180000000000399e-01
6.535533222684642984e-01 -3.476481714260161171e-01 6.723160000000000247e-01
5.886098858026814762e-01 -8.079168432545233980e-01 2.843900000000008921e-02
4.208791699023649580e-01 -8.907543595836598938e-01 1.715149999999999175e-01
8.745636877957067012e-01 1.498439465082714028e-01 4.611780000000000324e-01
-1.544548833487312256e-01 -1.766690103943804879e-01 9.720760000000000511e-01
5.569958588249052100e-01 7.872668004608769365e-01 -2.645119999999999694e-01
8.612020252381190621e-01 -5.008850146787805491e-01 -8.628600000000007098e-02
6.374204723670295891e-01 4.491606282015298546e-01 6.260590000000000321e-01
-3.481229366953924598e-01 8.814548397113579625e-01 3.191360000000000308e-01
5.082546532073762835e-01 6.431425611705771095e-01 5.727520000000000389e-01
-9.150381879966816845e-01 -2.907780597410151713e-01 -2.795590000000000575e-01
-2.665041934200611529e-01 -6.869424985604853928e-01 6.760810000000000430e-01
-2.942658377059281793e-01 -8.999355036658062135e-01 -3.217510000000000647e-01
-7.205095167771184694e-02 -6.041415948213928466e-01 7.936130000000000129e-01
3.730400123408943863e-02 -9.807330324445726610e-01 1.917579999999999840e-01
-5.505620639705609554e-01 2.487945770158104808e-01 7.968579999999999552e-01
-6.485734153957233294e-01 1.907698280459022011e-02 7.609129999999999505e-01
7.837587791366360523e-01 5.611998418537843258e-03 6.210400000000000365e-01
9.825075514599604931e-01 7.584896537299089248e-02 -1.700760000000000605e-01
7.603690911928412399e-01 -6.444790772938812085e-01 8.053299999999999348e-02
7.640211531588831928e-01 -5.727831148225044355e-01 2.969700000000000673e-01
-8.793328618822138232e-01 1.646469741387172614e-01 4.468389999999999307e-01
-1.177420094270381079e-01 7.801110624597521470e-01 6.144619999999999527e-01
8.887203317243653755e-01 -4.360261627514270266e-01 1.416239999999999444e-01
-7.692111982029221640e-01 5.578951437530396129e-01 3.115560000000000551e-01
-8.041683528787023638e-01 -2.567101126474695058e-02 5.938470000000000137e-01
1.613179340003399742e-01 -6.608067296455613082e-01 7.330149999999999721e-01
-3.621099208638917655e-01 -8.827628070795382476e-01 2.993429999999999147e-01
-8.994195733333311404e-02 -8.732415857516457880e-01 -4.789150000000000906e-01
5.288170191729263392e-01 -5.318610192832905481e-01 6.614200000000000079e-01
-2.589669966416168756e-01 6.307729918198946573e-01 7.314789999999999903e-01
-7.894247357906644114e-01 3.757158742531910844e-01 4.854340000000000321e-01
-1.464969097814347865e-01 -9.362304234324423380e-01 3.193920000000000647e-01
6.178423955303468107e-01 -4.191482683303397461e-01 -6.652710000000000568e-01
-4.678737608006084403e-01 6.189606835577644572e-01 6.308580000000000298e-01
3.129829477146492400e-01 7.965708669288935617e-01 5.172200000000000131e-01
-3.896040653428690104e-01 9.179051539474595289e-01 7.522499999999997244e-02
3.798731808005456623e-01 -6.890403279485721733e-01 6.171870000000000411e-01
-9.046939167476879540e-01 -4.186049614788714401e-01 -7.936500000000000499e-02
9.589213598905306224e-01 -2.030150761931129588e-01 1.981280000000000541e-01
1.151922023393908978e-01 -4.665908195841412809e-01 8.769400000000000528e-01
1.530115941304716065e-01 1.756656820942892605e-01 9.724859999999999616e-01
2.131380052134425607e-01 -8.124780198735437331e-01 5.426339999999999497e-01
-2.126209695561013524e-01 -8.323908808150312089e-01 5.117790000000000949e-01
2.344380069153831070e-01 -9.210940271701595350e-01 3.108450000000000935e-01
-9.174237151140921531e-01 -5.828398190118175975e-02 3.936199999999999699e-01
3.306257407632467449e-01 -5.096586003873124771e-01 7.943139999999999645e-01
-4.305860230371848507e-01 -8.998540481439314398e-01 6.970200000000006946e-02
-3.325600056062643084e-01 7.805600131586049040e-01 5.292729999999999935e-01
-1.058324327991217312e-01 2.064818444024061062e-01 9.727099999999999635e-01
-9.639052993469930941e-01 1.424000442232501162e-01 2.249640000000000251e-01
-1.098247218507257678e-01 -4.043759758509533619e-01 9.079749999999999766e-01
-9.010186794340093730e-01 -2.821808996051893281e-01 3.294529999999998848e-01
3.007681869634114546e-01 3.394262109939984451e-01 8.912510000000000154e-01
3.065360271732513464e-01 5.046360447340635380e-01 -8.070799999999999086e-01
-7.127859477062620241e-01 6.856109496999635011e-01 1.478980000000000850e-01
-4.341391310029705797e-01 -7.555452279883616562e-01 4.905860000000000776e-01
-3.881399262991033078e-02 6.011938858439307420e-01 7.981599999999999806e-01
6.045400176602910847e-02 9.620080281029224079e-01 2.662440000000000917e-01
-6.724081427524272736e-02 2.388363403140368602e-01 -9.687289999999999512e-01
-5.410152432650813248e-01 7.343063301775525353e-01 4.099959999999999161e-01
-9.568591485851672962e-01 2.883970447835222384e-01 3.532299999999992390e-02
4.489283493910719569e-01 -9.852907668301583155e-02 8.881189999999999918e-01
3.058327972234962111e-01 6.547195659008916424e-01 6.912369999999999903e-01
9.505080106265352269e-01 2.907190032501942301e-01 -1.096220000000000250e-01
5.875882285246524228e-01 -6.600822567190098855e-01 4.680080000000000351e-01
-8.064737163359387839e-01 -2.562199098787986129e-01 5.328709999999999836e-01
6.678141161731815378e-01 7.144311242826927311e-01 2.088360000000000216e-01
8.122967061546100265e-01 5.219118112002936183e-01 2.603500000000000258e-01
6.784596026005234037e-01 5.977896498519691404e-01 4.270130000000000869e-01
-2.565072726768429234e-01 1.392406908513781939e-02 9.664420000000000233e-01
4.847199142202616162e-01 5.869098961359420219e-01 -6.485239999999999894e-01
6.052837997690339034e-01 7.917897380719189637e-02 7.920620000000000438e-01
6.077780245580899354e-01 -7.523320303989893265e-01 2.541699999999999515e-01
-6.277699135265701891e-01 -6.354659124664694403e-01 4.495420000000000527e-01
8.577899628170710944e-01 4.869219788932184767e-01 -1.646309999999999996e-01
2.318319325422979194e-01 -5.329144423548116266e-02 9.712950000000000195e-01
7.280827825123775687e-01 -4.727708587773087334e-01 4.963699999999999224e-01
-5.449850391737340871e-01 8.121670583788802578e-01 2.082690000000000097e-01
3.905702421379985134e-01 1.261480782067856132e-01 9.118889999999999496e-01
4.203899960825011051e-01 -8.120909924323472806e-01 4.046980000000000577e-01
-4.893217461956713699e-01 -1.507919217863445960e-01 8.589679999999999538e-01
-1.715819506976601905e-01 9.681567218099483840e-01 1.822970000000000701e-01
-7.859910884349667892e-01 -4.757660535303207539e-01 3.947970000000000090e-01
7.288485524864610765e-01 2.333301768704393320e-01 6.436899999999999844e-01
2.574970452257490106e-01 9.597831685724690365e-01 1.118549999999999406e-01
-6.540419397482718500e-01 5.702319474690258350e-01 4.970559999999999423e-01
3.526599178602862067e-02 -8.964097912128958789e-01 4.418210000000001303e-01
1.800706392319760263e-01 5.290439400707539486e-01 8.292690000000000339e-01
9.047453282430591992e-01 -9.324293076882082809e-02 4.156219999999999914e-01
9.818685788639403000e-01 1.727519259044774658e-01 7.804400000000008553e-02
-3.284070551660676074e-01 -2.876440483186665786e-01 8.996720000000000272e-01
0.000000000000000000e+00 0.000000000000000000e+00 1.000000000000000000e+00
9.662660887258941456e-01 4.163600382316187676e-02 2.541580000000000505e-01
-1.544100477048781193e-02 -9.990683086614636776e-01 -4.029999999999993310e-02
-5.122100148687912524e-01 -3.827690111112871940e-01 7.688490000000000046e-01
-2.066130338708958292e-01 -9.728551594840127992e-01 1.042299999999999616e-01
-1.832370173227462207e-01 4.390240415041795075e-01 8.795920000000000405e-01
