7.098649549083076993e-01 2.414109846652102154e-01 6.616739999999999844e-01
-7.480208744623113581e-01 2.817203293408230766e-02 6.630770000000000275e-01
-3.761057105640083775e-01 -6.178615245183521898e-01 6.905010000000000314e-01
-9.152924803953013666e-02 -9.918010159461469744e-02 9.908510000000000373e-01
-1.107100142836964368e-01 -9.254451194000127279e-01 -3.623460000000000014e-01
-2.347559578065659958e-01 5.621988989542062720e-01 7.929829999999999934e-01
-5.081595769315295358e-02 -4.710156078557564130e-01 8.806599999999999984e-01
7.246505956158089123e-01 5.162684243391739702e-01 4.564520000000000799e-01
-1.853103935055202267e-01 2.465585235655607110e-01 9.512460000000000360e-01
-5.275182011153585204e-01 3.057211165556218968e-01 7.926279999999999992e-01
8.177542879719632563e-01 5.547231953456313036e-01 -1.534930000000000461e-01
1.750569316467114889e-01 1.236965384860813921e-01 9.767569999999999864e-01
-6.455996948547136627e-02 -9.491735513693135839e-01 3.080609999999999737e-01
-3.445221846314679981e-01 -3.234311733286708290e-01 8.813039999999999763e-01
-6.510190873503681752e-01 -5.950720798436888170e-01 4.712359999999998772e-01
5.783067601698007598e-01 -7.642016830771236613e-01 2.855819999999999470e-01
9.376004583136273718e-01 -5.687202779992812929e-02 -3.430320000000001146e-01
-8.985705125539344973e-01 -4.014427822299954651e-01 -1.772419999999999829e-01
2.394671240078852792e-01 -5.797423002191509633e-01 7.788159999999999528e-01
-4.540776781860433320e-01 -2.349998334508990663e-03 8.909589999999999455e-01
5.782863459659711713e-01 -8.145574873177000574e-01 -4.561799999999991556e-02
-6.024095687695851797e-02 -7.633214535820072033e-01 6.432039999999999980e-01
-3.638938158512091126e-01 -9.304045291679561291e-01 -4.391699999999990750e-02
2.884648462611646980e-01 -9.469584953135604666e-01 1.416249999999999454e-01
-5.465775108162400642e-01 5.765484839923897820e-01 6.073260000000000325e-01
7.825648456108186268e-01 -1.159619771223115575e-01 6.116740000000000510e-01
5.448807601006202539e-01 -3.375518513831177736e-01 7.675699999999999745e-01
-9.598304462554386740e-01 -2.447128588204664779e-01 1.372629999999999961e-01
4.384137970761024516e-01 8.144266230350737379e-01 3.801350000000000562e-01
9.437637028233772929e-01 -3.119609017683272478e-01 -1.095010000000000427e-01
-6.316942520967219199e-01 -3.109921241108255519e-01 7.101030000000000397e-01
6.854299504998314641e-01 7.101819487122991159e-01 1.607089999999999907e-01
9.674787320173772187e-02 4.710553826323828353e-01 8.767819999999999503e-01
5.137701876176449245e-01 -3.168001156884790465e-03 8.579219999999999624e-01
-5.754202614349853695e-01 -8.001583635419261542e-01 1.692279999999999618e-01
-2.331289628839520178e-01 9.483348490172935907e-01 2.152019999999999211e-01
-8.211159486396557572e-01 5.595529650002744049e-01 -1.125569999999999904e-01
-7.960554770615347886e-01 3.396937768510518985e-01 5.009029999999999871e-01
9.106499107752147326e-01 1.331839869507343010e-01 3.911250000000000560e-01
2.404053917201391666e-01 -2.393113944881988808e-01 9.407100000000000461e-01
4.985799971349003101e-01 -6.392169963267269051e-01 5.855080000000000284e-01
9.978524901924986645e-01 -1.922000944178076966e-03 6.547299999999993403e-02
-4.907702142992539929e-01 7.880393441045087100e-01 3.716700000000000004e-01
1.371200005879708306e-01 7.363300031573850601e-01 6.625830000000000330e-01
-4.495301934399206778e-02 -9.988464298193484581e-01 -1.688300000000000564e-02
-3.540598618183054547e-01 -8.407406718776024857e-01 4.096299999999999941e-01
-4.557289523976652545e-01 -6.061719366834186218e-01 -6.518180000000001195e-01
-7.709149137637334448e-01 5.830569347779471778e-01 2.563879999999999493e-01
2.364429747688675254e-01 -8.472939095841823809e-01 4.755920000000001258e-01
9.290736680471166631e-01 -2.398489143033094295e-01 2.815929999999999267e-01
-1.874440725373252292e-01 8.082123127629411430e-01 5.582629999999999537e-01
-8.454902690972116996e-01 -2.812780895233833456e-01 4.539039999999999186e-01
7.581996726988667890e-01 -4.564128029748192317e-01 4.656400000000001094e-01
4.217172486480109117e-01 3.376891991043713404e-01 8.414989999999999970e-01
