8.996594024722694150e-02 -5.627366262466240165e-01 8.217259999999999565e-01
-2.644871451308615784e-01 6.900073786246975205e-01 6.737480000000000135e-01
-1.589665141845175433e-01 1.606735089677931438e-01 9.741220000000000434e-01
1.584569715788818611e-01 4.056579272404884362e-01 9.001850000000000129e-01
3.378150918295779737e-01 -2.998530815102184999e-01 8.921710000000000473e-01
-4.934483491168085156e-01 -5.265573725415837458e-01 6.922760000000000025e-01
2.966866445111847606e-01 5.382413550812441549e-01 7.888429999999999609e-01
8.031873291913909085e-01 -2.612527818060509377e-01 5.353850000000001108e-01
-9.751152352898916353e-01 2.199210530657291496e-01 2.801800000000004634e-02
-4.695067536353074722e-01 2.808568526257362863e-01 8.370680000000000343e-01
6.240564931306279428e-01 5.426364287923383101e-01 5.622270000000000323e-01
-5.874523746478572672e-01 -1.670051065075364993e-01 7.918389999999999596e-01
-7.873306949447017589e-01 -5.086228029314976418e-01 3.484440000000000870e-01
-6.357741655334292474e-01 -6.847751782915848517e-01 3.561939999999999551e-01
2.092749354201851875e-01 9.121847185103888478e-01 3.523110000000000408e-01
-1.306059881683752366e-01 8.232939254176252497e-01 5.523850000000000149e-01
2.770310823617486706e-01 -6.731032001145723642e-01 6.857010000000000050e-01
9.434070217724976892e-01 6.782700156535112490e-02 3.246269999999999434e-01
9.438195417529532394e-02 8.333585953843953842e-01 5.446149999999999602e-01
7.054988667817058134e-01 5.982558870322370881e-01 3.799490000000000367e-01
-9.982014194586955602e-01 -9.361003933629501519e-03 5.921399999999998193e-02
3.129069161966225865e-01 9.396647483370438314e-01 1.382730000000000903e-01
-5.431612041482525299e-01 5.764902166750292961e-02 8.376470000000000304e-01
4.333557243457054203e-02 2.102069260175983834e-01 9.766960000000000086e-01
-3.008777708117604810e-01 -4.889196275742524467e-01 8.187980000000000258e-01
-2.636542345544444221e-01 -2.868392551805104551e-01 9.209829999999999961e-01
2.773419059706078160e-01 -9.603016744214240008e-01 -3.003600000000000714e-02
8.552285128774977929e-01 -2.440798609765801666e-02 5.176760000000001360e-01
5.312946663855332430e-01 -1.889472369903431037e-01 8.258480000000000265e-01
-5.761048652113959223e-01 -8.005948126885156224e-01 1.647759999999999503e-01
6.115590878768900618e-02 5.706141489451096449e-01 8.189380000000000548e-01
-6.108050325613610942e-01 7.855800418784292249e-01 -9.889999999999990465e-02
-3.517980833421445186e-01 9.076632150284562606e-01 2.288789999999999158e-01
-9.334994192543405456e-02 -4.341847298863906190e-01 8.959740000000000482e-01
-6.340333192399177920e-01 -3.678311852054043096e-01 6.802219999999999933e-01
-9.644757278152592539e-01 1.409279602287135946e-01 2.234410000000001117e-01
7.307153534923923610e-01 -9.220404460482205244e-02 6.764270000000000005e-01
3.766130826225700390e-01 -8.340901829853443472e-02 9.226079999999999837e-01
5.993248184351150920e-01 -6.510558027632624700e-01 4.657640000000000668e-01
-4.563520328234215162e-01 -8.258090593968624438e-01 3.313340000000000174e-01
4.912182775481801489e-01 -8.685984907755706086e-01 -6.512499999999993294e-02
4.136800910370352358e-01 -8.996821979897069443e-01 1.394300000000000817e-01
-9.599514936708174462e-01 -9.343195071904811244e-02 2.641279999999999184e-01
-4.956189136300635512e-01 -6.918208794385692917e-01 5.251149999999999984e-01
-6.549699756594939970e-01 -5.388409799751703311e-01 5.297779999999999712e-01
4.925537865103962742e-01 -4.090676531996522147e-01 7.681499999999999995e-01
7.541193338652794065e-01 -5.076212247351240547e-01 4.166829999999999701e-01
-1.416479515820473767e-01 -9.065186901347428439e-01 3.976930000000000742e-01
-3.575528086762732038e-01 1.093152472380152229e-01 9.274729999999999919e-01
7.395818000165527151e-01 1.271319656234256301e-01 6.609509999999999552e-01
-4.114076320189342661e-01 -1.181746070548712613e-01 9.037579999999999503e-01
6.543328123127346574e-01 -4.683898656481665923e-01 5.936829999999999607e-01
-5.102708695478045398e-01 -8.552627813496431752e-01 -9.027299999999995050e-02
-7.491927385824914687e-01 3.388888817507396678e-01 5.690910000000000135e-01
-7.701751039947692945e-01 6.364700859409234690e-01 -4.166700000000001652e-02
-9.824030324942314429e-01 -1.496320049492690374e-01 -1.117789999999999756e-01
1.246238646255106441e-01 -3.783525890089856625e-01 9.172339999999999938e-01
-8.080834341321693204e-01 1.207990648977048248e-01 5.765489999999999782e-01
8.495677690327527731e-01 1.988339459441249846e-01 4.885689999999999755e-01
-3.591530454890323742e-01 7.933371004812221905e-01 4.915540000000000465e-01
-3.162179623872996559e-01 -8.145569031121302483e-01 4.863159999999999705e-01
-6.444111592112196363e-02 3.923287057479232787e-01 9.175649999999999640e-01
-5.411293577486818718e-01 6.981094615305675211e-01 4.688520000000000465e-01
5.234737783373889508e-01 -7.948896634075562906e-01 3.067989999999999329e-01
-1.552549217760071654e-01 -7.682926129017028094e-01 6.209850000000000092e-01
-7.500542379111877489e-01 -6.374022021788655623e-01 1.764570000000000305e-01
1.956138666972391249e-01 7.013375220674813448e-01 6.854639999999999622e-01
-9.305477095547312061e-01 -3.604808874856526568e-01 -6.430000000000003768e-02
-5.254697592539600559e-02 -9.770565523576901779e-01 2.063960000000001072e-01
-1.662488541648361740e-01 5.543375137295679655e-01 8.155189999999999939e-01
1.033570317686628853e-01 -9.306902860645810405e-01 3.509029999999999094e-01
-8.750293315747303957e-01 2.694421020996544680e-01 4.021499999999999519e-01
-9.665673215610408597e-01 -2.341010778815757476e-01 1.046149999999999858e-01
-6.898739287135100540e-01 6.495179328836016008e-01 3.196879999999999722e-01
-6.620298009457118438e-01 7.395497776375712373e-01 1.215839999999999838e-01
5.196206611180964607e-01 4.593217004433737816e-01 7.204289999999999861e-01
-5.706349517606552624e-01 4.262309639680282314e-01 7.019279999999999964e-01
-7.471418334824406760e-01 -1.873429582463587428e-01 6.377159999999999496e-01
9.863110141996266345e-01 -7.133100102693122613e-02 1.486690000000000789e-01
1.248500706259637882e-02 -8.508674813239995860e-01 5.252320000000001432e-01
-3.311178040176246395e-01 -6.610586087318929271e-01 6.733219999999999761e-01
7.002640094206070698e-01 -6.646010089408349586e-01 2.606450000000000156e-01
4.187823320868808152e-01 -7.531005971952707823e-01 5.074060000000001347e-01
-6.601752224568410155e-01 5.313091790333197562e-01 5.309230000000001448e-01
-5.947550425461917145e-01 -7.604040543960018939e-01 -2.608679999999999333e-01
3.964601592672967745e-01 3.514931412029963509e-01 8.480990000000000473e-01
-8.120401118832911713e-01 5.609150772831587028e-01 1.611370000000000302e-01
-7.852994868398638362e-01 -3.578977661288854084e-01 5.051870000000000527e-01
-8.010399773626546427e-01 4.691129867428930900e-01 3.718439999999999523e-01
4.750669828721747479e-01 -5.900449787268160495e-01 6.528080000000000549e-01
-5.180658973833940362e-01 8.048428405796616003e-01 2.895440000000001346e-01
2.570533115589465067e-01 2.241153997733739134e-01 9.400509999999999700e-01
6.434394684264864439e-02 -7.216264038328354946e-01 6.892859999999999543e-01
7.035612917224838281e-01 3.423341419443726719e-01 6.227430000000000465e-01
-3.540797964866318481e-02 7.121015907075336493e-01 7.011830000000000007e-01
-8.357774580723962288e-01 -5.490613009291804847e-01 -2.780000000000005123e-03
-2.180310674415673611e-01 8.995782782583685577e-01 3.784460000000000046e-01
4.179349776054780419e-01 6.429259655496180059e-01 6.418540000000000356e-01
-2.163010066882477267e-01 -6.682661997026731471e-02 9.740370000000000417e-01
-8.649224927798073725e-01 -1.298259238656287728e-01 4.848240000000000327e-01
5.193568112385646973e-01 7.171977393328216044e-01 4.646460000000000590e-01
-4.570763970229215212e-01 -3.381025539737086971e-01 8.226590000000000291e-01
9.239278406839066538e-01 -1.450099749954252837e-01 3.540189999999999726e-01
1.925380346492178429e-01 -9.674861741091790313e-01 1.640109999999999346e-01
3.133340001783504469e-01 7.970600004536882999e-01 5.162529999999999619e-01
-2.819680142795603639e-01 -9.270060469458879515e-01 2.472929999999999573e-01
9.837097300913998088e-02 9.807257309101434783e-01 1.688199999999999701e-01
-2.686712870080356086e-01 3.356641092244532221e-01 9.028540000000000454e-01
-8.656946119773846204e-01 3.481248439630896252e-01 -3.596969999999999890e-01
-7.089893805383584713e-01 3.177001705203238296e-03 7.052119999999999500e-01
-5.406159648524191952e-02 -2.309942758629895121e-01 9.714519999999999822e-01
-8.987053381091242299e-01 4.385501649904657850e-01 -1.570999999999999914e-03
-9.872007642276966338e-03 -1.343592736326099969e-02 9.998609999999999998e-01
-9.107273251718177587e-01 3.600661285602773654e-01 2.023069999999999036e-01
2.212490688536105921e-01 -8.195102550349264714e-01 5.286319999999999908e-01
9.173889266021220124e-01 2.759989779180468394e-01 2.867439999999998879e-01
-4.598057914535692015e-01 6.129367220005315087e-01 6.425629999999999953e-01
7.981712734878755322e-01 4.079951397967174764e-01 4.432410000000000516e-01
2.013934871569800500e-01 2.983307216414763860e-02 9.790560000000000374e-01
-6.523272765092964498e-01 2.204880934607669762e-01 7.251579999999999693e-01
-6.727587504355927450e-01 -7.398367255525639674e-01 -6.105999999999905774e-03
-8.973093517099565153e-01 -2.929151148111987513e-01 3.302069999999998617e-01
-9.098691037556647654e-01 5.535600631244552011e-02 4.111859999999999404e-01
-1.247880042737202211e-01 9.742410333656563726e-01 1.878360000000000585e-01
1.624646886637378385e-01 -1.776466595700430251e-01 9.705909999999999815e-01
-1.249630961137856433e-01 -6.167584743719836116e-01 7.771700000000000275e-01
-3.692786805791863358e-01 4.888785771269745783e-01 7.903360000000000385e-01
-2.669001560183473665e-03 9.280865425194311236e-01 3.723550000000000471e-01
3.786200245049808205e-02 -9.992340646722560615e-01 9.886999999999956587e-03
4.061162425628424555e-01 9.101145435881345946e-01 -8.222599999999992415e-02
-8.502274995257574908e-01 -4.702877231718662898e-01 -2.365220000000000378e-01
1.926639974079637774e-01 9.804629868091829792e-01 -3.966000000000000081e-02
3.223590348216106016e-01 -8.838330954727139366e-01 3.390040000000000830e-01
7.468299211874912524e-01 6.424429322033868850e-01 1.717909999999999437e-01
4.112619706550615928e-01 8.548559390031253979e-01 3.163619999999999211e-01
3.003599248295957813e-01 -5.018938743921463885e-01 8.111019999999999897e-01
6.609451818282119362e-01 -2.895160796468338460e-01 6.923380000000000090e-01
9.417379619980985606e-01 -2.912569882469224214e-01 1.682230000000000114e-01
5.826218988604920934e-01 2.432649577707289290e-01 7.754830000000000334e-01
4.359695493039054126e-01 1.200088759373635627e-01 8.919240000000000501e-01
-8.862104811358796352e-01 -4.323702347397573864e-01 1.663939999999999864e-01
8.406837362575205752e-01 -5.030158421919687095e-01 2.005639999999999645e-01
5.955423560591440735e-01 1.515200905898853555e-02 8.031810000000000338e-01
