-2.750589914060832530e-01 -7.085359778625699434e-01 6.498610000000000220e-01
8.611624477330152017e-01 1.716250892308052722e-01 4.784809999999999341e-01
7.123675747240496570e-01 1.664709006186230744e-01 6.817769999999999664e-01
-5.754206546708053871e-01 -4.448547330277849432e-01 6.862909999999999844e-01
5.883463668714852823e-02 1.337434473231910170e-01 9.892680000000000362e-01
-3.747301161870416064e-01 -8.081942505848740410e-01 4.543119999999999936e-01
3.103812418122114947e-01 1.610356066281913856e-01 9.368729999999999558e-01
-1.147910066558494729e-01 6.392370370644496758e-01 7.603940000000000143e-01
3.149917017661938434e-01 -2.276577844538532902e-01 9.213860000000000383e-01
-5.432138504629333564e-01 2.377159345610507513e-01 8.052390000000000381e-01
9.440891183175889600e-02 -2.879217311106322952e-01 9.529889999999999750e-01
-3.296339313028501250e-01 6.501558645046801033e-01 6.845719999999999583e-01
5.582578439639906964e-01 -4.271536457630635275e-01 7.112579999999999458e-01
-4.633405638088839984e-01 -1.583328509446651211e-01 8.719209999999999461e-01
-5.861820415124515682e-01 -7.241010512796500764e-01 3.634120000000000683e-01
6.909922114998363618e-01 5.363011641517900774e-01 -4.846760000000001622e-01
-1.315800392638048766e-01 9.021342691990673623e-01 4.109020000000000450e-01
-1.358300645734536460e-01 -8.375443981676262695e-01 5.292159999999999087e-01
9.022052468720973550e-01 -4.170511141184709558e-01 1.099730000000000568e-01
7.259077239317479613e-01 -1.700579353256682358e-01 -6.664370000000000571e-01
-6.582559272390335892e-01 -7.469369174365932951e-01 -9.372500000000009990e-02
-4.798597978054398583e-01 -8.773136303336011022e-01 -7.440999999999921635e-03
2.939070565366320165e-01 8.704121674344706960e-01 3.949700000000000433e-01
7.803792021757827158e-01 -6.049801567344905706e-01 1.581369999999999443e-01
-1.349133875169040986e-01 -3.312439514447225730e-01 9.338499999999999579e-01
5.377018629340749589e-01 -8.185717913373421473e-01 -2.020319999999999616e-01
5.110200255694178351e-01 -2.489290124554217054e-01 8.227349999999999941e-01
7.173959767428433887e-01 -4.410369857020857154e-01 5.392860000000000431e-01
4.984398305880100716e-02 -4.966788311865464878e-01 8.665019999999999945e-01
8.602645689455823419e-01 -7.866296058419944282e-02 -5.037430000000001629e-01
-1.792103973137181838e-01 8.878869229051225553e-02 9.797960000000000003e-01
-8.715947915954105341e-01 -3.636889130393627378e-01 -3.287139999999999507e-01
-3.317790711504630674e-01 9.417782019655880354e-01 5.455700000000009847e-02
9.236904973322987988e-01 -2.769798492689655792e-02 3.821369999999998934e-01
-7.637435466517183968e-01 -8.409206018914264225e-02 6.400190000000000046e-01
8.045112815558406183e-01 -3.204997137875468388e-02 5.930720000000000436e-01
9.774632515284832346e-01 -2.068210532208098473e-01 4.231600000000010353e-02
-3.452190094939052156e-01 7.940420218370354277e-01 5.003210000000000157e-01
-2.788039247880775839e-01 -9.568437418757379520e-01 8.196600000000009434e-02
6.952317659344249279e-01 -7.180987582357324372e-01 -3.141600000000008969e-02
8.890901334493345187e-02 9.491121424584295641e-01 3.021279999999998966e-01
3.853752879395396791e-01 3.738753091881262813e-01 8.436249999999999583e-01
-9.165963386007951186e-02 3.059127780130085350e-01 9.476369999999999516e-01
-4.061491481109253399e-01 6.024102196816989718e-02 9.118190000000000461e-01
1.730899704550607487e-01 -6.445308899842321360e-01 7.447279999999999456e-01
6.365428344091907942e-01 7.586938026327311180e-01 -1.385530000000000928e-01
4.831237946998290789e-01 -7.804276683625699373e-01 3.968929999999998848e-01
4.396078184497970720e-01 -2.794505202733254395e-02 8.977549999999999697e-01
1.835719202655407833e-01 -9.577465840027944433e-01 2.214109999999999134e-01
-7.521721667137137857e-01 -3.279680726918355327e-01 5.715540000000000065e-01
7.107399090973831601e-01 -6.541919163297904571e-01 -2.586149999999998728e-01
7.468587098319690032e-01 5.290757944445454442e-01 4.028409999999998936e-01
-3.442009619388634589e-01 8.929889012548594129e-01 2.899940000000000850e-01
3.338431654738548415e-01 -7.389843662875396069e-01 5.851929999999999632e-01
9.936500136118049664e-02 -8.076520110638570893e-01 5.812270000000000492e-01
-9.274525825326488393e-01 2.109741325127802436e-01 3.087419999999999609e-01
-1.300780182889916814e-01 9.706901364792004383e-01 2.020899999999999086e-01
1.988948459283029768e-01 -4.495973912465058009e-02 9.789889999999999981e-01
-8.744386512651971533e-01 -1.747289303163702401e-01 4.525779999999998693e-01
5.819390528748333846e-01 3.814010346540003815e-01 7.182479999999999976e-01
-1.278479741883456755e-01 7.904368404160677652e-01 5.990529999999999466e-01
3.909816553490421676e-01 -5.661055009770906699e-01 7.257120000000000237e-01
-5.430352479036824054e-01 7.327253345000335205e-01 4.101540000000000741e-01
-6.085697355858647739e-02 -9.836695726107875792e-01 1.693829999999999225e-01
9.936810343422408653e-01 -3.925900135681575226e-02 -1.051510000000000083e-01
1.657599100069951509e-02 4.959077307658600886e-01 8.682170000000000165e-01
-4.427831069802088404e-01 -8.663982093292625919e-01 2.308620000000000672e-01
9.528130443312864406e-01 1.802450083862129349e-01 2.442520000000000802e-01
-3.870941678252551310e-01 -5.410012345518937504e-01 7.466429999999999456e-01
-9.889906167295227091e-01 1.244499517710356308e-02 -1.474539999999998907e-01
5.499390279268875359e-01 -6.208870315297541076e-01 5.586290000000000422e-01
-3.947071407092198059e-01 8.964313195689629366e-01 -2.015369999999999939e-01
-8.109966244586983564e-01 3.156058538550844395e-01 4.926230000000000331e-01
5.288606543165185192e-01 1.795858826158221178e-01 8.294909999999999783e-01
2.851309188994520238e-01 -4.322308770594184835e-01 8.554979999999999807e-01
9.503999239027327572e-01 1.375999889825505265e-02 -3.107259999999999467e-01
4.253189733387463534e-01 5.745299639854084539e-01 6.992990000000000039e-01
-3.289405795698537305e-01 2.726764804365215400e-01 9.041270000000000140e-01
-9.508218830217944895e-01 -2.198239729553828070e-01 2.182090000000000418e-01
2.619890981632707616e-01 -8.710433263664879577e-01 4.155059999999999309e-01
-1.646262435718789385e-01 -3.359724970863127158e-01 -9.273730000000000029e-01
-5.272302607213538023e-02 -6.918133421095583602e-01 7.201490000000000391e-01
1.912000607296303334e-02 -9.225372930195124832e-01 3.854339999999999988e-01
-1.762450594066004850e-01 -5.308681789387680316e-01 8.289250000000000229e-01
9.336596968493124371e-02 7.052907709985949403e-01 7.027430000000000065e-01
-8.057087656388144392e-01 -5.642808358643576216e-01 -1.800570000000000226e-01
4.756047296021773674e-01 7.395895795176130605e-01 4.762430000000000829e-01
-6.116121982880724506e-01 9.638003124694071930e-03 7.910989999999999966e-01
-2.380933160252418079e-01 4.720916266151142238e-01 8.487879999999999869e-01
-2.949673707941178127e-02 -9.854846257891626549e-02 9.946949999999999958e-01
2.927860814764081665e-01 9.426502623203846243e-01 1.602709999999999135e-01
-8.337752404086216096e-01 4.380731263128854747e-01 -3.360219999999999874e-01
7.021377104640910138e-01 -5.389057777749693967e-01 -4.653849999999997711e-01
2.299086386462052267e-01 5.495501362567829506e-01 8.032040000000000290e-01
6.353883076892112847e-01 -3.804501842344527179e-02 7.712550000000000239e-01
8.395504290257705948e-01 -4.508476933806410680e-01 -3.031360000000000721e-01
-5.186790184107726853e-01 8.547630303402442564e-01 -1.876800000000006935e-02
6.870008743282279839e-01 -6.210518863921518085e-01 3.772590000000001220e-01
-9.198107726953360652e-01 -3.811319058142585980e-01 -9.320199999999989604e-02
7.023278581173736379e-01 -2.371799520854624976e-01 6.711789999999999701e-01
5.997081815909393043e-01 5.669241716639792372e-01 5.647539999999999782e-01
4.785668162652916280e-01 8.433556762130096640e-01 2.443869999999999099e-01
-7.489158797411404889e-01 -3.578999425294079328e-01 -5.577030000000000598e-01
-8.470336873053534443e-01 -3.926568550450847961e-01 3.582660000000000289e-01
-9.839264208941448375e-01 -1.785720763877662876e-01 9.009999999999818935e-04
9.002400923793167642e-02 8.520930874386488663e-01 5.155899999999998817e-01
-6.204460376906076879e-01 -2.393630145407285859e-01 7.468280000000000474e-01
-4.532587433547214939e-01 4.516427442697366068e-01 7.684889999999999777e-01
8.361130492769702771e-01 -5.426050319788479070e-01 -8.058999999999995334e-02
-2.537024456239718173e-01 -1.378446987896728981e-01 9.574099999999999833e-01
-3.681801053180426275e-01 -3.542311013279254572e-01 8.596300000000000052e-01
8.916303128789332400e-02 9.935053486275522427e-01 7.068999999999994732e-02
8.418874387133381543e-01 -2.402561251991202351e-01 4.832210000000000116e-01
2.242140841953910724e-01 9.205313456718473564e-01 -3.199219999999999287e-01
6.120528272127672142e-01 -7.632117845394280620e-01 2.071210000000000828e-01
-8.985290232860990711e-01 -4.199870108842995164e-01 1.275009999999999755e-01
-6.388088072447248855e-01 -7.006287885910569280e-01 -3.178719999999999324e-01
-9.344956168339259017e-01 2.312669051749089433e-01 -2.706170000000001075e-01
2.918279877005923728e-01 7.400559688095373900e-01 6.059320000000000261e-01
-6.497701779853164439e-01 3.950741082188635178e-01 6.493959999999999733e-01
9.346905736049346825e-01 -3.316902035530718829e-01 -1.278089999999998949e-01
-7.618357167926198548e-01 -5.904547805023473428e-01 2.664009999999999989e-01
-5.277480837286564475e-01 6.034300957358118556e-01 5.977909999999999613e-01
7.970280925311781228e-01 6.026590699658571637e-01 -3.934800000000009818e-02
-1.263430156280668237e-01 9.918031226816166335e-01 -1.907900000000009241e-02
-5.040227528149460179e-01 -6.492336815999641964e-01 5.696109999999999784e-01
