8.389005460770457279e-02 6.797194424591048723e-01 7.286589999999999456e-01
-3.935919904702034899e-01 -2.962619928267939962e-01 8.702379999999999560e-01
-8.845555245886187468e-01 4.012697843343723259e-01 2.377900000000000014e-01
3.173511456085349458e-01 4.580942101849252990e-01 8.303239999999999510e-01
5.534941348299768915e-01 -8.325072027969580013e-01 2.400000000000003172e-02
6.258497296981355151e-02 3.254638594335286794e-01 9.434810000000000141e-01
2.340549175194633624e-01 -6.672677648560262353e-01 7.070870000000000211e-01
-4.414686733701232990e-01 3.897005944085114859e-02 8.964299999999999491e-01
3.744109211289360917e-01 9.240698053412315094e-01 -7.688600000000003765e-02
-1.023481178257114738e-01 5.911656805647078627e-01 8.000300000000000189e-01
2.433280071115239696e-01 7.031770205511085337e-01 6.680819999999999537e-01
8.997340784267966463e-01 1.923710167683351790e-01 3.917549999999999644e-01
-3.814198915658980477e-02 8.449547597872791860e-01 5.334759999999999502e-01
-6.632341072241642044e-01 -1.543440249525905861e-01 7.323239999999999750e-01
-1.740230564826256432e-01 9.768833170668055343e-01 1.241569999999999480e-01
8.083291526613605171e-01 2.465730465678822037e-01 5.346079999999999721e-01
-9.678351045040417544e-01 2.496340269547616397e-01 -3.127399999999999625e-02
-5.915203391055710025e-01 -7.538474321641152054e-01 2.860379999999999590e-01
-5.577814458171116430e-01 -4.878303899074385580e-02 8.285529999999999839e-01
-7.696093832317800754e-01 -4.607912294538590858e-01 4.420100000000000695e-01
-9.945996860801284978e-01 8.684297259024392757e-02 -5.683100000000002039e-02
-8.338308642767405798e-01 2.108839656742628188e-01 5.101510000000001321e-01
1.510730803814097911e-01 4.496562392484642068e-01 8.803330000000000322e-01
3.096026528009814260e-01 -1.164858693687565172e-01 9.437039999999999873e-01
-5.736397301940079352e-01 -6.919536745461691840e-01 4.383349999999998636e-01
9.182671380901836766e-01 2.957980444824872546e-01 2.632280000000000730e-01
1.553669834500993607e-01 1.873571859433648124e-01 9.699269999999999836e-01
-7.764631406480655418e-01 3.799850688302665591e-01 5.027089999999999614e-01
6.792509964661118393e-02 4.690983126166561878e-02 9.965870000000000006e-01
8.707742006046266248e-01 -3.108330716081760814e-01 -3.809660000000000823e-01
1.239810020333467211e-01 9.424600154567870369e-01 3.104800000000000337e-01
-8.111913591279176217e-01 -5.676352513015746615e-01 1.405660000000000520e-01
4.030959910609257513e-01 7.972339823205042419e-01 4.493679999999999342e-01
-9.113997827890528702e-01 -2.065119507826781997e-01 3.559540000000001037e-01
-5.695619868193634028e-02 -3.891143573587381721e-01 9.194269999999999943e-01
8.112610020188542048e-01 -4.378950010897185163e-01 3.874320000000000541e-01
-9.690834982676712617e-01 -1.084679438419142161e-01 2.216119999999999479e-01
4.688356077858197857e-01 4.571986175209860614e-01 7.557530000000000081e-01
9.756419718195866730e-01 -3.744799891835312589e-02 2.161489999999999523e-01
5.331410685133814997e-01 8.270011062770168397e-01 1.784090000000000398e-01
3.993722093212082047e-01 3.107709410316520163e-02 9.162620000000000209e-01
-2.292004226770858466e-01 -3.533346515976676372e-01 9.069850000000000412e-01
-5.322292210472717722e-01 -2.185260907590080293e-01 8.179110000000000547e-01
-1.667316703525482391e-01 -4.987620138908428480e-01 8.505509999999999460e-01
5.008099915312207440e-01 -7.873049866865436952e-01 3.596390000000000420e-01
-7.544101166253551760e-01 -2.333820360788677883e-01 6.135129999999999750e-01
-3.338759547080622503e-01 8.757168812046390860e-01 3.487789999999999502e-01
-6.007077015764366035e-01 7.414826316413316576e-01 2.989209999999999368e-01
5.326598230134985679e-01 7.693037443839906286e-01 3.527679999999999705e-01
-7.746909020351417929e-01 -6.585999167156260381e-02 6.289010000000000433e-01
7.597061279120045363e-01 -6.333181066320062724e-01 1.474949999999999317e-01
5.282520823218005840e-02 -2.552990063655297681e-01 9.654179999999999984e-01
6.527670410109266408e-01 -7.467100469130164564e-01 1.277470000000000272e-01
-9.131687652144027112e-01 1.356359651265218735e-01 3.843509999999999982e-01
7.963386644308245721e-01 -3.152298671652761786e-02 6.040290000000000381e-01
9.656874660628620433e-01 2.373778687516776287e-01 1.053539999999999893e-01
-9.411942053221648008e-01 3.213070700933588486e-01 1.044759999999998884e-01
5.112576738267124998e-01 5.777886313811468888e-01 6.362200000000000077e-01
-3.221898785006933885e-02 9.223836521648229869e-01 3.849289999999999656e-01
5.810099783719652883e-02 -9.251929655597916913e-01 3.750230000000000508e-01
-8.117557759844343801e-01 5.477548488392492976e-01 2.025269999999999571e-01
-1.806263625788502025e-01 -8.428210240337982717e-02 9.799339999999999717e-01
-7.112242684771657997e-01 -3.943231488514468142e-01 5.819530000000000536e-01
7.913776875036970804e-01 -6.097837592108378280e-01 -4.341800000000008847e-02
2.729250712126803369e-01 9.609732507409108893e-01 4.519200000000006545e-02
4.100828952094188184e-01 8.658057787562178920e-01 2.867270000000000096e-01
-9.699704884206632183e-02 -6.310233177466025856e-01 7.696760000000000268e-01
-2.862228663855055921e-01 5.686307345519278078e-01 7.711909999999999599e-01
6.828363347165155028e-01 1.198900587683763425e-02 7.304730000000000389e-01
-1.290529953283513220e-01 -9.914989641082740945e-01 1.658699999999990737e-02
-8.605159442955707672e-01 3.203899792599543273e-02 5.084150000000000613e-01
-8.240912011120388181e-01 -3.035080740684129585e-01 4.782849999999999602e-01
-4.453781712327296027e-01 8.913853427072880864e-01 8.408599999999991081e-02
1.518399932553742560e-01 -9.871139561530917206e-01 5.050400000000001416e-02
-7.108618961334418618e-01 -6.698919021197135004e-01 2.142899999999999250e-01
3.760833929759848093e-01 -2.672512792554433969e-01 8.872079999999999966e-01
1.064148911616463328e-01 7.900971919093592311e-01 6.036740000000000439e-01
-9.400240702833064788e-01 -3.394660253810464212e-01 3.343000000000002220e-02
5.664515144826307580e-01 -3.965976600679005371e-01 7.223870000000000013e-01
-3.388400525764243693e-02 -7.528861168222589217e-01 6.572780000000000289e-01
1.723211547683351774e-01 -5.440814886607587830e-01 8.211460000000000425e-01
5.541349672162341200e-01 -6.070649640847863848e-01 5.695670000000000455e-01
-4.677858440700520259e-01 8.481817172703435270e-01 2.485239999999999949e-01
3.306728872945062792e-01 -5.454608140868734134e-01 7.701480000000000548e-01
7.424406085381829445e-01 -5.915526880958724698e-01 3.144000000000001238e-01
-3.377219026645711386e-01 7.995577695580362576e-01 4.966400000000000814e-01
-2.189319031960595685e-01 -9.653815731424291169e-01 1.417999999999999816e-01
-1.901399871601605340e-01 7.918179465298409436e-01 5.804059999999999775e-01
-1.992329059648889067e-01 -7.134746632500594821e-01 6.717589999999999950e-01
-5.839050857949986684e-01 -4.762240699730906912e-01 6.574689999999999701e-01
8.401128059397113823e-01 3.525129185719367841e-01 4.122439999999999993e-01
6.065872229846952512e-01 -6.682912456674228174e-01 4.306260000000000643e-01
7.578712726225063090e-01 -3.760621352775933568e-01 5.331120000000000303e-01
2.705376964883816626e-01 -4.110335388684970837e-01 8.705519999999999925e-01
1.491681212854396033e-01 -1.094478227109716567e-01 9.827360000000000539e-01
-1.877400423932432671e-01 8.778591982278154404e-01 4.405870000000000064e-01
7.346750923358408292e-01 4.000890502842130991e-01 5.478880000000000416e-01
-8.025896822320007784e-01 4.732628126218412223e-01 3.631420000000000203e-01
-4.388711997319004188e-01 -5.368182443079616561e-01 7.205679999999999863e-01
5.289707327144657079e-01 6.833856546895914486e-01 5.031639999999998336e-01
-8.902959573011570704e-01 -4.222329797495883996e-01 1.705650000000000777e-01
4.837301378378270345e-01 1.758070500958279769e-01 8.573779999999999735e-01
4.227753263496024649e-01 -4.081473150579177922e-01 8.091209999999999791e-01
6.261670389801697878e-01 1.648340102612518843e-01 7.620660000000000212e-01
-8.841142531131580551e-01 4.622501323376367877e-01 6.831399999999999972e-02
-2.399507672417988333e-02 1.935446188582901905e-01 9.807979999999999476e-01
6.324256224378439484e-01 7.671725419930679468e-01 -1.071640000000000092e-01
3.478868776042102207e-01 -8.347947062971788901e-01 4.267230000000001300e-01
-1.282216675941767192e-01 3.153891823753130486e-01 9.402599999999999847e-01
9.602885281728084088e-01 -2.086318974910150725e-01 1.852530000000001120e-01
-3.622510330927949940e-01 -9.003070822459426914e-01 2.412909999999999777e-01
2.439851349286421001e-01 3.209348620964263543e-01 9.151350000000000318e-01
-6.876793271375283290e-01 7.256283451903435822e-01 2.367799999999998031e-02
-6.328901307323271386e-01 -7.720171594709652751e-01 -5.864799999999995711e-02
3.843111325137842371e-01 -8.832743045605778720e-01 2.685729999999999507e-01
-2.142756142676035258e-01 1.743604998422556840e-01 9.610849999999999671e-01
-2.152110190931469103e-01 -9.300940825163276360e-01 2.976729999999999654e-01
-1.064058745736094352e-01 5.634593358198407981e-02 9.927249999999999686e-01
-5.856809004042581313e-01 7.983568642384542002e-01 1.400150000000000838e-01
2.169554979073492207e-01 -2.640586060077841912e-01 9.397889999999999855e-01
2.598699674113637559e-01 8.052698990162346915e-01 5.329239999999999533e-01
-8.543596134902978756e-01 -1.391659370417513697e-01 5.007020000000000914e-01
-3.780972442190493887e-01 4.414072851120159346e-01 8.137579999999999814e-01
-7.293388731601526676e-01 2.773709517622183762e-01 6.254039999999999599e-01
6.510700282652495119e-01 6.458160280371547657e-01 3.987850000000001116e-01
3.921039002959724185e-01 -6.564808330703084671e-01 6.444280000000000008e-01
-9.964569022292957268e-01 -1.521099850752189418e-02 8.271799999999999986e-02
7.021891449888409964e-01 -5.381381111153904495e-01 4.661949999999999705e-01
-3.024600028529050855e-01 9.530320089893206115e-01 1.574599999999994407e-02
-6.601781879937405062e-01 1.689850481205407151e-01 7.318529999999999758e-01
8.748945181286142958e-01 -9.703105746357568173e-02 4.744940000000000824e-01
4.628288015046345683e-01 -1.215619478652080754e-01 8.780729999999999924e-01
-7.090350558306202089e-01 6.808070536078993928e-01 1.837689999999999879e-01
2.697020714252481577e-01 8.841972341621129328e-01 3.813870000000000315e-01
-8.485622127962647587e-01 -4.503861129445562161e-01 -2.776589999999999336e-01
-4.965783701150315310e-01 -3.872575087831076068e-01 7.768150000000000333e-01
5.303568199023438456e-01 -2.669849093377240079e-01 8.046370000000000466e-01
-6.966679664377231074e-01 -6.148579703789546214e-01 3.695990000000000109e-01
5.393578090149392379e-01 -1.452899485532438972e-01 -8.294480000000000741e-01
-6.956751069401010401e-01 5.280270811690239707e-01 4.870559999999999889e-01
2.154829620409736690e-01 5.816148975439403568e-01 7.844050000000000189e-01
9.300893111304787686e-01 2.015700674285693036e-02 3.667799999999999949e-01
7.089195852786461804e-02 -6.590336144621785630e-01 7.487650000000000139e-01
9.613622728886910274e-01 1.315620373447067559e-01 2.418140000000000567e-01
-2.921890068214744729e-01 3.254220075973355830e-01 8.992919999999999803e-01
9.937167057150646521e-01 7.618997743666533484e-02 8.198899999999995081e-02
5.489994913082736350e-01 2.407097769632322512e-02 8.354759999999999964e-01
-5.181453115792327146e-01 4.515002715031961600e-01 7.264110000000000289e-01
5.546288283704892130e-01 3.143489027249474210e-01 7.704360000000000097e-01
2.745401275780887107e-01 9.365174351972347377e-01 2.180890000000000328e-01
6.446938590105870670e-01 7.244888415600598819e-01 2.438969999999999472e-01
6.093236531147273594e-01 4.372997510471773319e-01 6.614330000000000487e-01
6.784578721901668441e-01 -3.006049433711815988e-01 6.703219999999999734e-01
6.435375596872610071e-01 -4.719136771134790909e-01 6.026249999999999662e-01
4.176409390758232254e-01 -9.037178681684149284e-01 9.418099999999994532e-02
-3.322281735159962057e-01 6.988333649864072461e-01 6.334480000000000111e-01
-8.705064813866429940e-01 -3.655892021693833982e-01 3.294889999999999208e-01
4.083477975366295309e-01 9.059925507988374482e-01 1.114879999999999899e-01
-6.306868801444028838e-01 -3.162249399046815346e-01 7.086860000000000381e-01
1.139919418765196341e-01 -9.680755063868831112e-01 2.232389999999999652e-01
-5.029288482165470420e-01 -8.459427446952761942e-01 1.773229999999999529e-01
4.829412942095737682e-01 -5.314843237821620381e-01 6.959109999999999463e-01
-8.037590438049936337e-01 -5.176570282123891253e-01 2.932620000000000782e-01
-2.728361329646938338e-01 -5.899512875084449437e-01 7.599460000000000104e-01
-1.815260164428590117e-01 9.401090851562848849e-01 2.885189999999999144e-01
-6.525690711549123613e-01 -5.510950600903756769e-01 5.200460000000000083e-01
-2.824987288805919650e-01 -1.949218129298253832e-01 9.392549999999999510e-01
7.550271534788378647e-01 5.929691205363423201e-01 2.798600000000000532e-01
-6.469003161019644746e-03 -9.936044855157925015e-01 1.127310000000000256e-01
-5.117572554187751477e-01 -8.590854287707611059e-01 8.760000000000024711e-03
-3.694680464770084827e-01 -6.685100840948199341e-01 6.454360000000000097e-01
1.313529908593048523e-01 -7.702859463967360876e-01 6.240240000000000231e-01
-6.317899099002778629e-02 -9.647438624176273292e-01 2.554950000000000276e-01
-9.829217064911078827e-01 1.503289551104785016e-01 1.061420000000000419e-01
-9.681558627886881485e-01 5.871299167893623272e-02 2.433659999999999990e-01
9.821150149663576689e-01 1.791000027292879715e-01 -5.808000000000002050e-02
8.581306781547672902e-01 8.300696886791500417e-02 5.066770000000000440e-01
6.419806117280708602e-01 5.480746685226859372e-01 5.361669999999999492e-01
2.925378990289912440e-01 -7.667677353460456979e-01 5.713920000000000110e-01
7.168309234371490479e-01 -1.499909839798521938e-01 6.809229999999999450e-01
8.495451909686929648e-01 -5.217421172820602138e-01 7.783399999999998653e-02
-2.979100479467257090e-01 -8.599721384070413421e-01 4.143640000000000656e-01
-1.414860539678672313e-01 -8.256623149372882553e-01 5.461350000000000371e-01
-5.999984251267861390e-01 6.622174692118719674e-01 4.488539999999999752e-01
-9.107553333733271472e-01 -3.936301440845702548e-01 -1.248199999999999033e-01
2.372657089691103949e-01 3.803279305264606336e-02 9.707000000000000073e-01
1.105937416361460757e-01 -4.039910562152550511e-01 9.080529999999999990e-01
6.718851399951221159e-01 -1.284300267598971999e-02 -7.405439999999998690e-01
-5.184257893277528506e-01 -6.211137475985347711e-01 5.877520000000000522e-01
7.551702560187275592e-01 1.330760451156006996e-01 6.418789999999999774e-01
-5.253989488119479301e-01 8.270849194195841747e-01 -1.997160000000000879e-01
2.294450539132248390e-01 -9.154702151101133945e-01 3.305590000000000472e-01
4.870199970059783251e-02 5.626109965412717795e-01 8.252859999999999641e-01
6.035494203219797793e-01 -1.316668735407739155e-01 7.863790000000000502e-01
-4.375328154833091898e-01 -7.486556842763224529e-01 4.980759999999999632e-01
9.026072756878649184e-01 -3.357211025409792549e-01 2.694280000000000008e-01
-1.903190711655346756e-01 6.810812546750115715e-01 7.070410000000000306e-01
7.564034412786885264e-01 5.023142930454573829e-01 4.189680000000000626e-01
-2.021968791360641560e-01 4.615647240979708910e-01 8.637559999999999683e-01
1.833840269409482693e-01 -8.580381260543854527e-01 4.797299999999999343e-01
-7.362851080505630197e-01 -6.652050976195017506e-01 -1.240419999999999717e-01
-7.726950033562831610e-01 1.047020004547841304e-01 6.260829999999999451e-01
-4.620318375212083550e-01 2.998655435637374578e-01 8.346299999999999830e-01
-5.944485075748430214e-01 3.126547410052208931e-01 7.408630000000000493e-01
8.626111909322581317e-01 -2.801410620070386992e-01 4.212159999999999238e-01
7.414992810937082700e-03 -5.287904873214094303e-01 8.487200000000000299e-01
3.267578261270484563e-01 1.799169042634003457e-01 9.278250000000000108e-01
-9.264786262639292946e-01 -4.029502723788905283e-02 3.741840000000000721e-01
-4.538061923136634812e-01 -8.186193469139207979e-01 3.520260000000000056e-01
-1.501539306111604639e-02 -9.904159263269217417e-02 9.949700000000000211e-01
1.174529267939045107e-01 8.786514523538589971e-01 4.627919999999999812e-01
-6.559374330355893790e-01 4.269232818454408163e-01 6.224809999999999510e-01
3.680347107260643624e-01 5.892255368708845253e-01 7.192800000000000304e-01
-5.696091696200941135e-01 5.659501685305048380e-01 5.960250000000000270e-01
-3.387595949453177102e-01 -4.508234609506078239e-01 8.258330000000000393e-01
9.294984768748825177e-01 -1.566120803491014291e-01 3.339240000000000541e-01
-8.675693821354270030e-01 -4.971892189952969443e-01 1.123599999999995956e-02
-2.725400716561862322e-02 9.735762559724925325e-01 2.267299999999999316e-01
4.065265221748127211e-01 3.215506220542133087e-01 8.551849999999999730e-01
-7.156712307851597066e-01 6.124321974932854795e-01 3.357700000000000129e-01
-3.221648947756900472e-01 9.275216970562836227e-01 1.895079999999999543e-01
-4.302111633381471845e-01 5.811302206375418278e-01 6.908009999999999984e-01
-3.997407858457764640e-02 4.454278756614969415e-01 8.944250000000000256e-01
3.921232470884557508e-01 7.031944431036168952e-01 5.930910000000000348e-01
-1.142234684793120153e-01 -2.401949851423956506e-01 9.639809999999999768e-01
7.497541398332273621e-01 6.609851232773226171e-01 -3.110299999999996401e-02
-3.725054060500003206e-01 1.830251995068557236e-01 9.098030000000000284e-01
2.712118692495056327e-01 -9.488295425718936693e-01 1.617610000000000714e-01
8.303548143103237633e-01 5.412388789644252407e-01 1.325570000000000637e-01
8.000535822233715288e-01 -2.177378863003652798e-01 5.590209999999999901e-01
-2.920380970484239280e-01 -7.819962598685080701e-01 5.506320000000000103e-01
9.425327682908243299e-01 2.690339338615768683e-01 -1.981230000000000768e-01
-4.774999275759533174e-02 7.387908879450596489e-01 6.722409999999999775e-01
-4.759199125925454577e-01 7.816118564491609799e-01 4.032160000000000744e-01
2.239600820630663347e-02 -9.978963656474668653e-01 -6.083799999999994074e-02
-2.941033248500855013e-01 2.044202257911498927e-02 9.555550000000000432e-01
4.556409116756685584e-01 -7.305018583948748034e-01 5.086830000000001073e-01
1.275210332250936440e-01 9.804302554471707731e-01 1.499830000000000330e-01
2.246800304485892588e-02 -8.518971154489115571e-01 5.232269999999999976e-01
6.906240455380884269e-01 2.875830189625325217e-01 6.635769999999999724e-01
9.192747804771099762e-01 -3.800269092495440759e-01 1.025349999999999179e-01
-9.399245026718879847e-01 2.326808768850678333e-01 2.498029999999999973e-01
-4.146479615645230488e-01 -1.202249888558361984e-01 9.020049999999999457e-01
8.416784854307791663e-01 -4.866357024900141992e-01 2.340150000000000841e-01
6.404918978251099571e-01 -7.142578860575423683e-01 2.821449999999999791e-01
-4.705842765044106479e-01 6.916994064265347131e-01 5.478159999999999696e-01
-1.079229554640752098e-01 -9.036686270884362049e-01 4.144099999999998896e-01
