-5.622941650687732773e-01 1.812340532036160745e-01 8.068330000000000224e-01
6.248378034430033257e-01 -2.839079106902848149e-01 7.273060000000000080e-01
5.837997862077587419e-01 -5.375718031368229566e-01 6.084359999999999769e-01
1.866544051132836002e-01 -3.201996949589523966e-01 9.287800000000000500e-01
2.728328080301021807e-01 7.572134672114656517e-01 5.934559999999999835e-01
4.332070807160429138e-01 -9.010351678827435151e-01 2.161599999999996510e-02
-6.093200306439158775e-02 -8.432220424073133547e-01 5.341010000000000479e-01
-7.433279428595698235e-01 6.313599514666730361e-02 6.659410000000000052e-01
6.508303067931058006e-02 -9.415684438433543635e-01 3.304740000000000455e-01
-5.441255417815371587e-01 -6.603606575159319536e-02 8.364009999999999501e-01
-6.777961133366499080e-01 -6.945721161418239031e-01 2.411679999999998825e-01
-9.251219089833353504e-01 3.118769693164749057e-01 2.165229999999999100e-01
6.660790932487327121e-01 7.181041005320509818e-01 2.016560000000000852e-01
-3.117913835644091081e-01 -1.611846813254647071e-01 9.363789999999999614e-01
3.616965951996603534e-01 6.387692851079412870e-02 9.301049999999999596e-01
6.707774759013059862e-01 4.053222875669099667e-01 6.211050000000000182e-01
2.206471476419264999e-01 -8.337585578939996633e-01 5.061240000000000183e-01
7.886498425589132111e-02 -7.145868573443805438e-01 6.950870000000000104e-01
7.449132619730622906e-01 1.596330561401745340e-01 6.477819999999999689e-01
9.771699665248323452e-01 9.467999675652254143e-03 2.122479999999999090e-01
-3.810276762457524002e-01 6.028034878057376700e-01 7.010319999999999885e-01
-3.127709372768513463e-01 -7.759068443994806552e-01 5.478530000000000344e-01
4.653788689613000962e-01 -8.494157608264053527e-01 -2.488279999999999659e-01
-5.368158457682427054e-01 -6.762608057045198517e-01 5.044800000000000395e-01
-6.300686710332882301e-01 -4.395477705066265783e-01 6.401649999999999840e-01
-2.791706322703516041e-02 -4.952041215466382873e-01 8.683279999999999887e-01
4.320992819602438306e-01 -4.264892782995156617e-01 7.946050000000000058e-01
9.899814685237364742e-01 -1.365100646054573652e-01 -3.607900000000004853e-02
-2.534099100790158654e-01 9.528566618845382141e-01 1.668760000000000521e-01
7.850958193618081671e-01 6.192908575109203895e-01 -1.016800000000005200e-02
1.498116022581250928e-01 -7.983625512793907086e-02 9.854859999999999731e-01
8.904334189322107296e-01 9.024704245953958648e-02 4.460760000000000836e-01
2.594861046578779695e-01 5.736652313749551757e-01 7.769009999999999527e-01
-7.096736002433849944e-01 -1.926091629092244184e-01 6.776910000000000434e-01
-9.658479319084964931e-01 2.580899818048617428e-02 2.578210000000000779e-01
2.576709388666156286e-01 8.912257885533815260e-01 3.732589999999999519e-01
4.364609702092272503e-01 -7.539199485409707746e-01 -4.910259999999999625e-01
5.479693671067117355e-01 2.084887591997942324e-01 8.101000000000000423e-01
-4.130895489733732440e-01 -5.680373797955334814e-01 7.118219999999999548e-01
-4.925774552849633281e-01 -3.153906512263638384e-01 8.111080000000000512e-01
6.716557264998285204e-02 2.511964017290054807e-01 -9.656029999999999891e-01
-4.675438778057995348e-01 -8.292457832737623047e-01 3.061929999999999374e-01
-3.477229518735124314e-01 3.562379506949967523e-01 8.672849999999999726e-01
5.653001798614735486e-03 9.485483017994733590e-01 3.165820000000000300e-01
2.964702574297241044e-01 3.161362745060318225e-01 9.012010000000000298e-01
1.936420648719428539e-01 -9.749673266233747082e-01 1.092769999999999436e-01
3.588260820350674951e-01 9.286472123079695384e-01 -9.411799999999992394e-02
4.691282051495969108e-01 4.402061925020110400e-01 7.655960000000000543e-01
-5.839371317900096114e-01 7.860401774030746358e-01 -2.028749999999998888e-01
9.396245994253902278e-01 2.316649012381354622e-01 -2.518669999999998965e-01
-1.287323352779800034e-01 2.727587103886467967e-01 9.534310000000000285e-01
3.496730650323338629e-01 -8.922201659354562775e-01 2.857830000000000648e-01
-6.180950817236007255e-01 5.713270755400056133e-01 5.399480000000000945e-01
-7.342622052153114920e-01 3.147060879556476398e-01 6.015139999999999931e-01
4.848939706488316626e-01 -7.499509546046393416e-01 4.499460000000000681e-01
-8.064437814701708174e-01 5.712438452045599524e-01 1.527379999999999294e-01
-7.275566737829055608e-01 -5.358087597575788008e-01 4.284509999999999708e-01
3.426501656416804098e-02 6.728763252774295767e-01 7.389609999999999790e-01
2.121881513884744663e-01 -5.412273861459171442e-01 8.136640000000000539e-01
-8.530350541533170405e-01 -4.727470300114508528e-01 2.210010000000000030e-01
1.050409866346928983e-01 1.720266158209544094e-01 9.794760000000000133e-01
8.340880580494844931e-01 5.054310351761551745e-01 2.209900000000000198e-01
9.249291807261457166e-01 3.801390742771135201e-01 -5.430000000000493026e-04
-7.720709439396152840e-01 6.246579546433322916e-01 -1.170849999999999114e-01
8.915892582485372975e-01 -1.729100500833395115e-01 4.185340000000000726e-01
-1.917370220275145531e-01 7.497490861341682411e-01 6.333349999999999813e-01
-8.775073692528899683e-01 1.904350801346019195e-01 4.401309999999999389e-01
4.516078848814905622e-01 8.762757766302035067e-01 1.679019999999999402e-01
5.856812612935605733e-01 8.095743611803576378e-01 -3.958299999999992380e-02
-8.253001335799518001e-01 -3.110850503510473319e-01 4.712810000000000055e-01
9.525496170267021556e-01 -2.402239034177969523e-01 1.869270000000000931e-01
-2.477400926860645614e-02 9.969163729725573075e-01 7.445799999999991314e-02
6.513579624071949015e-01 -6.883689602711232647e-01 -3.191879999999999717e-01
5.943281359079688464e-01 -3.607794754637196066e-02 8.034130000000000438e-01
9.077277709608122525e-01 -4.191958942278840028e-01 1.746699999999993397e-02
-2.250260599430063679e-01 -9.119562429291914185e-01 3.430730000000001279e-01
-2.204729141931664194e-01 -9.673286235210724060e-01 -1.251679999999998905e-01
6.511318601929547145e-02 4.393072550395867304e-01 8.959740000000000482e-01
-3.439134492289915301e-01 9.912184125821023317e-02 9.337550000000000017e-01
3.400800754747532184e-02 8.412901867094676467e-01 5.395130000000000203e-01
-1.724371355245884474e-01 -6.595235183434133841e-01 7.316380000000000106e-01
-8.728349041909994055e-01 -6.695299265073011152e-02 4.834010000000000806e-01
8.299268032472013612e-01 3.449939182114390435e-01 4.384069999999999911e-01
8.479600688380947160e-01 -4.413060358255863069e-01 2.936200000000001031e-01
9.915881921732163651e-01 1.276680247425041326e-01 -2.130099999999992763e-02
-2.655797436435233805e-01 -4.186305959079441030e-01 8.684560000000000057e-01
4.955379204696658824e-01 6.271478993471946151e-01 6.009390000000000009e-01
-1.652889997326133509e-01 5.345839991352080434e-01 8.287940000000000307e-01
6.907379371944541990e-01 -6.140479441675139594e-01 3.818719999999999337e-01
6.907069169983015566e-01 5.843719297764921050e-01 4.259500000000000508e-01
-1.060771873962661899e-01 6.599198292022194316e-03 9.943359999999999976e-01
9.396776797128688630e-01 2.584549119061949618e-01 2.240690000000000182e-01
-5.455196800590365047e-01 4.179127548990176910e-01 7.264690000000000314e-01
-1.040449744545857841e-01 -9.849477581728609543e-01 1.380310000000000703e-01
7.641113957697882597e-01 -3.714421923876526921e-01 5.274130000000000207e-01
3.600111423221857843e-01 -6.668032636054467277e-01 6.525069999999999482e-01
4.056026725593064319e-01 -1.880753118613605335e-01 8.944910000000000361e-01
7.748290256582890390e-01 -9.647500319474805464e-02 6.247660000000000435e-01
-7.996134602061528707e-01 4.577332634418687651e-01 3.887140000000000040e-01
-2.260939484165540858e-01 8.820037987703979177e-01 4.134619999999999407e-01
4.906789539474400996e-01 7.744289273161520937e-01 3.993670000000000830e-01
-6.412388810624958246e-01 7.648418581365159508e-01 6.188400000000002926e-02
