-3.586161998506211535e-01 2.328441297600164217e-01 9.039789999999999770e-01
9.906531275362862043e-01 -1.123420144628658746e-01 7.736699999999999133e-02
-2.829302013057198861e-01 7.166885099261078862e-01 6.374229999999999619e-01
-8.912489846664608528e-01 -4.176139928151385017e-01 1.768439999999999734e-01
-7.338819232942443982e-01 -1.786009813325239726e-01 6.553769999999999873e-01
5.797011264863441982e-01 -8.070431760906374707e-01 -1.123739999999999045e-01
6.499998854902209241e-04 9.855748263724823932e-01 1.692390000000000561e-01
3.199235834015446978e-01 -4.986783506304588443e-01 8.055860000000000243e-01
-8.225301744658769509e-01 3.676920779907201786e-01 4.338740000000000374e-01
-4.124393328646598356e-01 -7.535026081243211271e-01 5.119839999999998836e-01
1.532758886336695325e-01 -9.032733437047497649e-01 4.007539999999999436e-01
2.289984194058128364e-01 1.507562761069647372e-01 9.616820000000000368e-01
7.200772086728364219e-01 -5.273701528278138678e-02 6.918870000000000298e-01
5.301717407184408648e-01 8.453855865624740895e-01 6.512399999999990419e-02
7.370678028968948858e-01 -5.680298481002067357e-01 3.661600000000000965e-01
3.098569008652593548e-01 6.676717863869768843e-01 6.769070000000000364e-01
-2.095981369044813691e-01 -3.584892341565787954e-01 9.096999999999999531e-01
7.957633306102314119e-01 4.311081791095032201e-01 4.253310000000001256e-01
