-2.272921036646479709e-01 5.467032493434613727e-01 8.058870000000000200e-01
4.411522829088189712e-01 2.003786742853074232e-01 8.747759999999999980e-01
-3.844232854053561410e-01 8.867683516089210072e-02 9.188880000000000381e-01
-6.711302078887679268e-02 6.752242091569226057e-01 -7.345530000000001225e-01
2.892811262338836342e-01 8.208493581948247408e-01 4.924660000000000704e-01
2.150050985446660679e-01 -8.990334120597511802e-01 3.814600000000000768e-01
5.707497640687476254e-02 -9.947555887971449851e-01 -8.487499999999992273e-02
-1.027122237893460105e-01 -3.204276981477215402e-01 9.416879999999999695e-01
6.263858897698937334e-01 7.500598680060003298e-01 -2.122519999999999962e-01
9.606240914232772043e-01 9.725100925544764852e-02 -2.602760000000000074e-01
9.100369340059619727e-01 4.142529699592124581e-01 1.507500000000001721e-02
1.824906284817434665e-02 1.572575415812019484e-01 9.873889999999999612e-01
-5.659949350212494235e-01 7.167669177119515567e-01 4.073020000000000529e-01
-8.792337338332206764e-01 3.371218979444871588e-01 3.365960000000000618e-01
8.965454161060458782e-01 1.913688753670173270e-01 3.994800000000000018e-01
6.887780228448867614e-01 6.784330225017711768e-01 2.555649999999999866e-01
-1.527979811078163663e-01 8.554478942310720369e-01 4.948350000000000248e-01
1.926372142175386271e-01 5.621506251259588138e-01 8.042869999999999742e-01
-8.169910113519093242e-01 5.766330080121881974e-01 4.478999999999939627e-03
-7.663161185700620992e-01 -4.488320694465967042e-01 4.596839999999999815e-01
7.099435127141675572e-01 -7.585105477887987835e-02 7.001619999999999511e-01
-5.013829184212759138e-01 -3.278369466584942771e-01 8.007109999999999506e-01
3.607869628772212844e-01 9.283429044791748908e-01 8.951100000000004886e-02
-3.641221119190830025e-01 -6.883582115785259470e-01 6.273579999999999712e-01
-6.061834821933759221e-01 4.016206569325251330e-01 6.864710000000000534e-01
3.049478338340969041e-01 -2.195716003855964216e-01 9.267119999999999802e-01
-4.572498257397840105e-01 8.884606614031581584e-01 3.949999999999995182e-02
-5.979041326872964746e-01 7.220921602471886969e-01 -3.479849999999999888e-01
4.823212814976357565e-01 -5.227883051154438299e-01 7.028929999999999900e-01
8.370854247454971864e-01 -3.538461795450822955e-01 4.172299999999998787e-01
7.638217966188203256e-01 8.666997692257247254e-03 -6.453689999999999705e-01
6.309031427789960622e-01 4.743011073385617338e-01 6.140029999999999655e-01
1.966330040005749569e-01 9.255400188304716558e-01 -3.235910000000000730e-01
9.873304684880493953e-01 -1.237420587155745461e-01 9.932999999999998775e-02
