7.481016847605282960e-01 -2.657218880285537321e-01 6.080590000000000162e-01
-2.632030581645773970e-01 7.425141640863249792e-01 6.159520000000000550e-01
7.180251687802770011e-01 -6.815621602092172271e-01 -1.411129999999999607e-01
-4.974359683304619972e-01 -8.605649452116531650e-01 1.094779999999999226e-01
-8.180752782440818827e-01 -5.690961935612185441e-01 8.296000000000006147e-02
-8.432718722970850012e-01 3.746549432632227949e-01 3.853909999999999281e-01
-1.861099298337831956e-02 -8.888016649085287435e-01 4.579140000000000987e-01
8.556065583384661055e-01 -4.572937639463334203e-01 2.425280000000000491e-01
5.921422758516052820e-01 1.458860679615485711e-01 7.925179999999999447e-01
-3.858150503678365317e-01 -8.723791138883734142e-01 3.001690000000000191e-01
8.754778275530578080e-01 1.359209732270133253e-01 4.637499999999999400e-01
3.675022550921558384e-01 6.733464673859811400e-01 6.415189999999999504e-01
-2.108347743976954625e-01 -9.589180703101234104e-02 9.728069999999999773e-01
5.565977551996850181e-01 -7.857256544256854269e-01 2.698779999999999513e-01
-8.057564223059994202e-01 1.953641023925224429e-01 5.590969999999999551e-01
-1.112982989318030413e-01 1.007582706227480168e-01 9.886660000000000448e-01
4.611891493897683492e-01 -7.406252399055420765e-01 -4.886500000000001398e-01
4.733658957682738144e-01 -4.343589043573294894e-01 7.663269999999999804e-01
2.928329362555516791e-01 -5.850718726404063874e-01 7.562670000000000226e-01
5.311919765613083433e-01 6.903329695392581566e-01 4.911979999999999680e-01
6.884080941668994091e-01 -5.737200784787997720e-02 7.230509999999999993e-01
-3.488338485696577673e-01 7.194496876836550814e-02 9.344189999999999996e-01
-2.262560507084321881e-01 9.682602170061638258e-01 -1.062089999999999979e-01
9.952896082328462901e-01 9.151596397737056521e-02 -3.199100000000006799e-02
-3.247041662347605606e-01 -6.874893519653878515e-01 6.495579999999999687e-01
8.607472948370534782e-01 -2.817980965260314385e-01 4.239149999999999308e-01
5.484289273192656244e-01 -8.291338901187428334e-01 -1.084559999999999691e-01
-4.424048722740354656e-01 5.988758270995701016e-01 6.675520000000000342e-01
6.503602611140874012e-01 6.932622783388807663e-01 3.105140000000000677e-01
5.929700378240586600e-01 -2.518820160669166253e-01 7.648150000000000226e-01
9.833407587127356297e-01 -7.731798102809839257e-02 -1.645079999999999876e-01
-8.627218607476598855e-01 -4.240929315469608718e-01 2.754199999999999982e-01
-6.067089009779390307e-02 -2.540055398819904275e-01 9.652979999999999894e-01
-9.547655737107467733e-01 -2.216769010244156735e-01 1.981970000000000121e-01
1.622160203512943988e-01 7.816310980618595972e-01 6.022779999999999800e-01
-1.419922999476339320e-01 -4.460099421611375403e-01 8.836929999999999508e-01
-7.662373276757562524e-01 -4.313981844842599833e-01 4.762100000000000777e-01
8.297903068154951489e-01 -6.765702501622813947e-02 5.539589999999999792e-01
6.501301020845203782e-01 3.431470538815266091e-01 6.779239999999999711e-01
-2.589320345223244391e-01 -8.428341123715448191e-01 4.717889999999999584e-01
-6.331438709698355982e-01 -6.017798773615916641e-01 4.868160000000001375e-01
9.413009490274888424e-01 -2.582149860173663658e-01 2.174340000000000717e-01
3.375798665883222166e-02 9.692896169364150216e-01 2.435939999999999772e-01
-9.324332277174399719e-01 3.053340745682285307e-01 1.932340000000000169e-01
3.320767645208814733e-01 4.933076501903684297e-01 8.039730000000000487e-01
8.542505061937271105e-01 2.312501370293233022e-02 -5.193470000000000031e-01
3.725343877520680136e-02 -5.641760678566427878e-02 9.977120000000000433e-01
-2.415079338581471724e-01 5.952738369721692901e-01 7.663699999999999957e-01
7.496592376059835194e-01 6.512882064270898441e-01 1.176209999999999339e-01
9.898228278406329128e-01 -4.287399254294888690e-02 1.356930000000000081e-01
7.906249364275929059e-01 3.421499724884754512e-01 5.077850000000000419e-01
-6.802201494532557347e-02 8.943481964999862033e-01 4.421700000000001185e-01
5.191337322214124583e-01 5.207047314110626601e-01 6.777659999999999796e-01
-4.347560754786954362e-01 -1.337270232165616579e-01 8.905640000000000223e-01
-3.365411895345574167e-01 -5.088292865644282736e-01 7.923590000000000355e-01
2.093329445645762121e-01 -8.678427701784027226e-01 4.505870000000001263e-01
9.565866139215464248e-01 1.212810778361998465e-01 2.650150000000000006e-01
1.004989127785399644e-01 4.656405958776913545e-01 8.792489999999999473e-01
-6.469116446974275680e-01 -3.939917836083252078e-01 6.528979999999999784e-01
-7.407748391468208515e-01 -6.040788688292295650e-01 2.938390000000000724e-01
2.768458168713794354e-01 -4.074977304474451389e-01 8.702309999999999768e-01
5.806718411643929656e-01 7.556347933054393673e-01 -3.030450000000000088e-01
-2.809391470144109726e-01 -9.527644985781194009e-01 1.153820000000000123e-01
-2.455042438750212330e-01 2.668902651191199515e-01 9.319319999999999826e-01
-2.760219559920717991e-01 8.557328635650910398e-01 4.376450000000000617e-01
-7.228063804834788941e-01 4.001332106291256574e-01 5.634219999999999784e-01
8.715889310294414605e-01 4.712119627120640031e-01 1.352479999999999793e-01
-4.707675867062481867e-01 2.430857865914316518e-01 8.481079999999999730e-01
6.518257289186010217e-01 -7.548916860555124897e-01 7.253799999999994974e-02
7.618691127716565870e-01 -4.735100700888302816e-01 4.419769999999999532e-01
4.376473080744521793e-01 -7.787845482122673912e-01 4.493990000000000484e-01
-4.565702049810509977e-01 8.849513973064063732e-01 -9.167700000000006400e-02
-9.612476580006686921e-01 -2.561209088755337926e-01 -1.020049999999999429e-01
-3.645026118810897331e-01 4.292575429306557666e-01 8.263629999999999587e-01
1.626010341870560982e-01 9.843352069576196683e-01 6.815499999999995173e-02
-9.438228532973871321e-01 -5.345899169062964806e-02 3.260990000000000832e-01
-5.168800608864451696e-02 7.800960918922618115e-01 6.235209999999999919e-01
4.014736519392080871e-01 -2.328133780576099598e-01 8.857859999999999623e-01
6.404750334021813707e-01 -4.531510236328223362e-01 6.200369999999999493e-01
-6.156845988599004560e-01 5.848786189310763994e-01 5.280620000000000314e-01
9.294631486645370533e-01 -7.955501272455949013e-02 3.602349999999999719e-01
-5.610719791798920442e-01 4.213809843635077934e-01 7.124859999999999527e-01
3.487183125129664218e-01 8.150957304691941463e-01 4.626170000000000004e-01
6.187869519348891956e-01 -6.415189501691506146e-01 4.533830000000000360e-01
9.681700415873029097e-02 -9.553320410358527859e-01 2.792260000000000297e-01
-9.783376483488475106e-01 2.069989255968417430e-01 -2.625000000000109451e-03
4.781678407565481681e-01 8.298437236385055593e-01 2.876020000000000798e-01
-1.274451370508689341e-01 4.446824781988663045e-01 8.865750000000000020e-01
3.345198436372058270e-01 -9.386255612633503942e-01 -8.413400000000004209e-02
3.886743803257572960e-01 1.397577771803362179e-01 9.107140000000000235e-01
-7.665909297791450028e-01 -2.144419803567998162e-01 6.052710000000000035e-01
8.025783025861031872e-01 -5.943742240895120155e-01 5.086599999999989047e-02
-1.941859238875978111e-01 9.483306282958070543e-01 2.509200000000000319e-01
7.267082375874835964e-01 -6.354232077430707060e-01 2.610219999999999763e-01
-6.572501230500934488e-01 2.229350417378053728e-01 7.199459999999999749e-01
2.516156278206214125e-01 3.125985376172358832e-01 9.159540000000000459e-01
9.220718731678254620e-01 3.817389474913158165e-01 -6.370900000000000174e-02
1.538090115020453175e-01 1.251341957890152734e-01 9.801450000000000440e-01
5.076558031224611689e-01 -4.707388901598270892e-02 8.602729999999999544e-01
-5.064019369187184871e-01 -5.586049304159159679e-01 6.569000000000000394e-01
1.672734089994905582e-01 -2.330475698236073034e-01 9.579710000000000170e-01
-4.219049293030234793e-01 8.624328554854637785e-01 2.796529999999999849e-01
-3.885198691781101277e-02 -9.926366657607093025e-01 1.147300000000000125e-01
-4.614188840573501538e-01 -7.408428138453323486e-01 4.881029999999999536e-01
8.201802689793850909e-02 -6.189302029791154958e-01 7.811519999999999575e-01
-1.547360650888638667e-01 -9.425433964756290139e-01 2.960889999999999911e-01
5.893550918984739040e-01 8.017741250210943527e-01 9.908999999999994202e-02
-1.325869407755939089e-01 -6.241887211851629980e-01 7.699409999999999865e-01
-8.745592083812696593e-01 -2.454330584793479042e-01 4.182210000000000094e-01
1.428150284517691326e-01 8.942441781523211564e-01 4.241829999999999767e-01
6.722068578725455268e-01 5.284028882776089509e-01 5.185830000000000162e-01
2.862868062051976414e-01 -5.018096603123098354e-02 9.568290000000000406e-01
-3.939838373894256063e-01 -9.157876220231973008e-01 -7.816499999999998449e-02
6.907687379228109881e-02 -4.379101999109924481e-01 8.963609999999999634e-01
2.985969727761376147e-01 -7.357779329172128291e-01 6.078409999999999647e-01
-1.202409686669428796e-01 -7.742897982312793026e-01 6.213030000000000497e-01
-3.296499684904967420e-02 6.297969398010299091e-01 7.760599999999999721e-01
-6.759759280038010187e-01 -7.303259222151434749e-01 9.838999999999997748e-02
-7.446530830618460772e-01 5.649920630216741513e-01 3.553529999999998634e-01
-6.020371708298890567e-01 7.305202072873433483e-01 3.223219999999999974e-01
9.116891596530771191e-02 -7.713492890109582278e-01 6.298479999999999634e-01
8.950098876777914936e-02 -9.942038752291151305e-01 -5.956700000000005740e-02
-5.571196791751928945e-01 4.021304902304904949e-02 8.294580000000000286e-01
4.716443274169351274e-01 3.297402289066757586e-01 8.178159999999999874e-01
7.837124255600065315e-01 5.242542846728590611e-01 3.330949999999999744e-01
-8.467220955347729561e-01 5.045030569225551487e-01 1.689330000000000553e-01
-2.746741538701266694e-01 -9.264825190076335648e-01 -2.572629999999999639e-01
3.423848357620076222e-01 -8.968335697994490596e-01 2.801110000000000544e-01
9.116526013308489107e-01 -4.100498206836533099e-01 2.736199999999994192e-02
9.136491326057109008e-01 -1.635850237424932574e-01 -3.721360000000001333e-01
-4.872351243359182016e-01 -3.512060896231191665e-01 7.995349999999999957e-01
-2.951074806893161373e-01 -2.968634835496021807e-01 9.081759999999999833e-01
8.903732414972008735e-01 3.294620893604712220e-01 3.141500000000000403e-01
5.008021841494978386e-03 2.810092255660570082e-01 9.596919999999999895e-01
-6.189715228421450721e-01 -1.775838631026920300e-01 7.650740000000000318e-01
1.773300873393713062e-01 6.337863121551386980e-01 7.529069999999999929e-01
7.536366549320556718e-01 1.442779339393993610e-01 6.412609999999999699e-01
4.852040441955680072e-01 -6.130190558377979215e-01 6.235260000000000247e-01
-7.249178584681638116e-01 8.325998374445028188e-03 6.887849999999999806e-01
