5.043654412307071455e-01 2.261901978764855811e-02 8.631940000000000168e-01
3.928792146938183683e-01 -9.183475018426132674e-01 4.778900000000009529e-02
8.758032811635150239e-01 -4.826441549456711444e-01 4.819999999999910294e-03
7.965044963336316286e-01 2.170171352320085512e-01 5.643439999999999568e-01
5.079403732929363424e-02 8.876236523278265844e-01 4.577600000000000002e-01
-9.393849844507260460e-01 9.777599838155195955e-02 3.286269999999998914e-01
-6.976910967345091308e-01 3.844880533090693775e-01 6.044800000000000173e-01
-2.908069979730140142e-01 -9.410799934404744382e-01 1.726259999999999739e-01
2.597968442355053087e-01 4.236981150839637562e-03 9.656540000000000123e-01
5.797082565158279133e-01 -8.130413597636831913e-01 -5.387100000000000916e-02
-0.000000000000000000e+00 0.000000000000000000e+00 1.000000000000000000e+00
7.232877881783175145e-01 5.170208485855452007e-01 -4.577600000000000557e-01
6.820112180915105515e-01 -6.423302054024346841e-01 3.496750000000000691e-01
-9.655565902721130467e-01 -1.238549474429292141e-01 2.288240000000001106e-01
-2.143592567560158313e-01 -4.290115138629829183e-01 8.774960000000000537e-01
-4.109928414515039430e-01 8.824536595763081692e-01 2.288240000000001106e-01
-3.918890838036249158e-01 7.867211682365965464e-01 4.769620000000000526e-01
3.764065032873139538e-01 -2.074327262681018580e-01 9.029340000000000144e-01
-5.554471504220379607e-01 6.066681642933292595e-01 5.687109999999999665e-01
4.698730187870045483e-01 -7.525130300878433154e-01 4.614579999999999238e-01
-1.135240446802057018e-01 -2.171651725264588384e-01 9.695110000000000117e-01
-2.761148872875145432e-01 4.318918236980218150e-01 8.586209999999999676e-01
-5.126035068673128192e-01 2.760997343876747667e-03 8.586209999999999676e-01
1.351753029291910269e-01 -2.219008557036259155e-01 9.656540000000000123e-01
7.798082952622862329e-01 -4.297421627151880585e-01 4.552149999999999253e-01
-1.685019178854785249e-01 7.933766133709232449e-01 5.849450000000000482e-01
3.086377775353538189e-01 6.267475482433396694e-01 7.154930000000000456e-01
-2.687319745367325319e-01 -9.133219134596458622e-01 -3.059839999999999782e-01
-2.726141766792326004e-01 -7.653814960380895815e-01 5.829860000000000042e-01
-8.520372574480906680e-01 4.695471418764425864e-01 2.314260000000000761e-01
9.888205723065378316e-02 -9.087435259597912429e-01 4.054719999999999436e-01
9.073016028573009928e-01 -2.335191551619959505e-01 3.496750000000000691e-01
5.809831638356665051e-01 -5.766701626194119523e-01 5.743780000000000552e-01
7.219371483045570193e-01 2.205700453107904691e-02 6.916069999999999718e-01
2.932590171489726227e-01 7.977790466519025792e-01 5.268279999999999630e-01
9.969845779570671862e-01 -5.585397635592715543e-02 -5.387100000000000916e-02
7.338726113658694539e-01 -6.709106447083988956e-01 1.063480000000000120e-01
-7.237162585271649240e-01 -3.536301263243599863e-02 6.891909999999999981e-01
-5.994513106064834895e-01 -2.167917506806228689e-01 7.704929999999999835e-01
3.350038498903518125e-01 -8.864526027953455456e-01 3.193340000000000067e-01
-5.017081976629114148e-01 4.238931670053587841e-01 7.540580000000000060e-01
-1.943550084976367609e-01 9.103650398032009372e-01 3.653240000000000376e-01
2.408760824471075090e-01 9.685963315313218525e-01 6.164299999999998253e-02
-1.498026599309824070e-01 2.147869462085685022e-01 9.651039999999999619e-01
8.871497438271719327e-01 4.673998650338952350e-03 4.614579999999999238e-01
6.656679353551895328e-01 6.184609399395882834e-01 4.176030000000000575e-01
-5.178311266727464446e-01 -6.740201648799789558e-01 5.268279999999999630e-01
-8.399864988069813965e-01 -5.425746762630827558e-01 5.949999999999957059e-03
-2.615950439271617634e-01 1.192904760433000956e-02 9.651039999999999619e-01
-8.095542202114122121e-01 1.455670395965117658e-01 5.687109999999999665e-01
2.419410212118597026e-01 -7.892910692000527639e-01 5.643439999999999568e-01
-3.650231728175463153e-01 -5.956742820176239572e-01 7.154930000000000456e-01
9.591630156807795515e-01 -2.621000042849154221e-01 1.063480000000000120e-01
3.859568089482284803e-01 2.214984642508853185e-01 8.955309999999999659e-01
4.733758113338997209e-01 4.396458247771405370e-01 7.632999999999999785e-01
-5.886497999380197604e-02 -9.730406692966790949e-01 2.229950000000000820e-01
-7.607348802845235181e-01 -2.812859557345364636e-01 5.849450000000000482e-01
-2.106220667218740017e-01 9.703223073833798784e-01 1.187979999999999453e-01
-7.350431546211394496e-01 6.615701391656093611e-01 1.484469999999999956e-01
-4.024375683890815680e-01 2.217783132321176909e-01 8.881769999999999943e-01
9.185739411814842770e-01 3.644459766636408138e-01 1.529739999999999989e-01
2.713199626767548445e-02 9.703498665169851822e-01 2.401769999999999738e-01
9.328250383590200867e-01 3.401830139887830895e-01 -1.187980000000000425e-01
-2.947608205535948503e-02 4.068641326261947522e-01 9.130129999999999635e-01
2.482071980099456732e-01 4.103583273677426924e-01 8.774960000000000537e-01
-5.997314716485797614e-01 -4.663295891729675735e-01 6.502759999999999652e-01
8.509771848565699237e-01 -4.689631018721911460e-01 2.364559999999999163e-01
1.887902048762976626e-02 -4.445984824810220726e-01 8.955309999999999659e-01
6.116707645657489811e-01 2.336719100588514342e-01 7.558150000000000146e-01
-1.006899601311620797e-02 -9.999316040706424102e-01 -5.950000000000056806e-03
8.744189419153587384e-01 8.887499409633997649e-02 -4.769619999999999416e-01
6.636257191248563503e-01 -3.657158452132164284e-01 6.525739999999999874e-01
7.978319007058847223e-01 -1.831779772025972364e-01 5.743780000000000552e-01
-6.902210882300914285e-01 -7.209680921604424420e-01 6.164299999999998253e-02
8.210845948325637966e-01 4.017618017490521831e-01 4.054719999999999436e-01
-8.540271403786733329e-01 3.159010519254815685e-01 4.133330000000000615e-01
4.853521800478750592e-01 7.939452945246134874e-01 3.661749999999999727e-01
-1.236700160312603769e-02 -7.964431032423774370e-01 6.045869999999999855e-01
-4.395397114768235802e-01 -3.894857443333076819e-01 8.093860000000000499e-01
-8.734478138151984261e-01 -3.219119313810073213e-01 3.653240000000000376e-01
7.911900369333725314e-01 5.694660265831216206e-01 2.229950000000000820e-01
9.283516825211693968e-01 1.902339349435689386e-01 3.193340000000000067e-01
-6.286130721147028533e-01 -7.149960820245908621e-01 3.059839999999999227e-01
7.393002347120976314e-02 7.560922400432015245e-01 6.502759999999999652e-01
-5.042659793231193399e-01 -8.554129649247171896e-01 1.182559999999999445e-01
4.538568772778516780e-01 8.831927611861394301e-01 1.182559999999999445e-01
3.669381683968684360e-01 -6.221222855070789315e-01 6.916069999999999718e-01
9.766823320535670261e-01 -3.335301133939462537e-02 2.120830000000000493e-01
-1.368858979052372526e-01 6.225775356577499808e-01 7.704929999999999835e-01
-3.597154240968197247e-01 -1.923852268180828717e-01 9.130129999999999635e-01
5.014679945346732781e-01 6.392629930328931342e-01 5.829860000000000042e-01
4.686777428326739936e-01 -4.130247733699152768e-01 7.808659999999999490e-01
5.498420705630686633e-01 -8.078951036798758256e-01 2.120830000000000493e-01
-6.667255560212016485e-01 -4.358343634676132838e-01 -6.045869999999998745e-01
1.229630932244621666e-01 2.119634369028587928e-01 9.695110000000000117e-01
7.232047507222811866e-01 -5.532908092890420626e-01 -4.133329999999999504e-01
-6.263304495127460791e-01 1.977541419266896361e-01 7.540580000000000060e-01
-1.673281127758189657e-01 -8.930896019246236106e-01 4.176030000000000575e-01
9.862276562909239042e-01 1.583389448174748748e-01 4.778900000000009529e-02
1.291409798368443884e-01 -6.419238997745603248e-01 7.558150000000000146e-01
9.518916566263933010e-01 -2.680779032968973463e-01 -1.484470000000000789e-01
2.502582883936088631e-01 -4.384825053001559225e-01 8.631940000000000168e-01
8.058638716239976407e-01 5.412009137854267848e-01 -2.401770000000000849e-01
-4.119928416093139312e-01 -8.343726792253465252e-01 3.661749999999999727e-01
9.452289062603644321e-02 5.796203293119542854e-01 8.093860000000000499e-01
-5.843860248461141271e-01 7.419550315454144229e-01 3.286269999999998914e-01
-1.824989560882726569e-01 9.712327663082062079e-01 -1.529740000000000821e-01
5.995003761623386440e-01 -1.756348172351211712e-01 7.808659999999999490e-01
6.402908024045080859e-01 7.484837690158627765e-01 1.726259999999999739e-01
-3.566390923528378054e-01 6.307331633303769891e-01 6.891909999999999981e-01
-1.188569335426377105e-01 -6.350166449384150313e-01 7.632999999999999785e-01
