-1.545580441513932646e-01 6.886231967136280385e-01 7.084559999999999746e-01
4.175450097678288230e-01 -4.243480099269746897e-01 8.034829999999999472e-01
3.881059932352860509e-01 8.940909844159330433e-01 2.235510000000000275e-01
6.960907986607293152e-01 6.849308018886782756e-01 2.152380000000000682e-01
8.817912561430490959e-01 -4.324111256069431697e-01 1.883209999999999607e-01
2.933411607926393883e-01 4.516372475613885107e-01 8.426000000000000156e-01
6.860356413509934859e-01 -1.656659133923784055e-01 7.084559999999999746e-01
9.382011015247252450e-01 1.485490160748031419e-01 3.125890000000000613e-01
-2.789510156055293177e-01 8.813100493036737371e-01 3.814170000000000060e-01
3.462098261783642661e-01 -6.233286870452432460e-01 7.011420000000000430e-01
-7.395429968161396639e-01 -3.196299986239375945e-02 6.723500000000000032e-01
7.931952372712116617e-01 -4.873841457928909660e-01 3.651000000000000356e-01
2.317830376244707780e-01 9.658041567753645751e-01 -1.161850000000000938e-01
9.382011015247252450e-01 1.485490160748031419e-01 -3.125889999999999502e-01
-9.240344820807859794e-01 8.468904418337389051e-02 3.728109999999999480e-01
-6.960907986607292042e-01 -6.849308018886782756e-01 2.152380000000000682e-01
-8.766869740914357001e-01 2.931569913363869517e-01 3.814170000000000060e-01
-5.727205671023137823e-01 -5.635385740426329670e-01 5.953279999999999683e-01
-8.250496880373603403e-01 1.314329503033930535e-01 5.495619999999999949e-01
-4.170330872671150768e-01 -9.672378830700713304e-02 9.037300000000000333e-01
6.529896117443981796e-01 -6.636286054186485428e-01 3.649680000000000701e-01
5.727205671023137823e-01 5.635385740426329670e-01 5.953279999999999683e-01
-2.933411607926393883e-01 -4.516372475613885107e-01 8.426000000000000156e-01
-6.128052636391512209e-01 -1.644420707457500963e-01 7.729350000000000387e-01
-1.976000501887177109e-03 9.817032493442284791e-01 1.904069999999999097e-01
-1.509600768315319808e-01 1.534200617879483142e-01 9.765620000000000411e-01
-1.034508658386497082e-01 -4.154154612640623134e-01 9.037300000000000333e-01
1.509600768315319808e-01 -1.534200617879483142e-01 9.765620000000000411e-01
-1.636910048904760828e-01 -9.356780279545662271e-01 3.125890000000000613e-01
7.632540018709084162e-01 -6.182770015155368837e-01 1.875550000000000272e-01
5.659487531619207257e-01 -3.135398632498486576e-02 8.238440000000000207e-01
9.002463063823071820e-01 3.736061271499881986e-01 2.235510000000000275e-01
-5.021111890809633049e-01 2.305690868258385429e-01 8.335000000000000187e-01
-9.987054858798247725e-01 -5.086602474681028996e-02 6.123233995736766036e-17
-5.081581285798074665e-01 6.820921725905287891e-01 5.258570000000001299e-01
5.641658022214629531e-01 8.182467131487991541e-01 -1.104049999999999615e-01
3.197190001268484516e-01 8.496920003371152275e-01 4.192890000000000783e-01
2.220398189727036328e-02 -5.663815382336413462e-01 8.238440000000000207e-01
-6.058618811963455419e-01 7.731458483935778059e-01 1.875550000000000272e-01
-1.743239272895339698e-01 -6.100677455408974881e-01 7.729350000000000387e-01
-6.737908699146600844e-01 5.191148997771547480e-01 5.258570000000001299e-01
-6.333171544294471378e-01 -3.560380868171098001e-01 6.871289999999999898e-01
3.662259475908988260e-01 6.274809102037671726e-01 6.871289999999999898e-01
9.240344820807860904e-01 -8.468904418337386275e-02 3.728109999999999480e-01
2.224239993588359166e-01 -5.057719985420511266e-01 8.335000000000000187e-01
4.170330872671150213e-01 9.672378830700720242e-02 9.037300000000000333e-01
-3.662259475908989370e-01 -6.274809102037671726e-01 6.871289999999999898e-01
-7.926203858773199773e-01 -5.157132510685451532e-01 3.252580000000000471e-01
5.625354158102503083e-02 2.102402867187732338e-01 9.760299999999999532e-01
-8.817912561430490959e-01 4.324111256069431697e-01 1.883209999999999607e-01
-3.881059932352859398e-01 -8.940909844159330433e-01 2.235510000000000275e-01
4.745027689540911031e-01 -8.009676099911283709e-01 3.651000000000000356e-01
5.021111890809633049e-01 -2.305690868258385984e-01 8.335000000000000187e-01
4.181049360702137063e-01 -8.886638641200184097e-01 1.883209999999999607e-01
-3.197190001268483961e-01 -8.496920003371152275e-01 4.192890000000000783e-01
-4.175450097678288230e-01 4.243480099269747452e-01 8.034829999999999472e-01
-4.390999376944982463e-02 -7.389298951505257618e-01 6.723500000000000032e-01
8.547478112842930020e-01 3.059459324516515810e-01 4.192890000000000783e-01
-7.317176757872967396e-01 -4.447488029387337005e-01 5.165150000000000574e-01
1.545580441513933478e-01 -6.886231967136280385e-01 7.084559999999999746e-01
-9.389070447891784132e-02 3.639248545461722384e-01 9.266839999999999522e-01
6.473782036515526306e-01 6.370002003868513452e-01 4.184880000000000821e-01
9.815431080700982580e-01 -1.784100196433434024e-02 1.904069999999999097e-01
5.284548726216733439e-01 7.841828109812218894e-01 3.252580000000000471e-01
-8.646958130214134064e-01 -7.983998273570083737e-02 4.959100000000000175e-01
6.333171544294471378e-01 3.560380868171097446e-01 6.871289999999999898e-01
-5.315100077589829386e-01 8.470520123652655053e-01 6.123233995736766036e-17
-0.000000000000000000e+00 0.000000000000000000e+00 1.000000000000000000e+00
7.664642337441650577e-01 2.311510704928052828e-01 5.992509999999999781e-01
-3.387031084429302230e-01 9.408933012467973755e-01 6.123233995736766036e-17
6.058618811963456530e-01 -7.731458483935776949e-01 1.875550000000000272e-01
-9.380296673938737229e-02 -8.632926938940751471e-01 4.959100000000000175e-01
-6.473782036515526306e-01 -6.370002003868513452e-01 4.184880000000000821e-01
-2.935155390578970680e-01 2.982975478403269154e-01 9.082219999999999738e-01
7.395429968161396639e-01 3.196299986239376639e-02 6.723500000000000032e-01
2.601485401795644026e-01 2.559775315187676203e-01 9.310199999999999587e-01
5.243097598009097693e-01 -5.328517558876130211e-01 6.642050000000000454e-01
-7.664642337441651687e-01 -2.311510704928052273e-01 5.992509999999999781e-01
7.632540018709085272e-01 -6.182770015155369947e-01 -1.875549999999999162e-01
6.128052636391512209e-01 1.644420707457499853e-01 7.729350000000000387e-01
-3.623599895759356260e-01 9.975972182463167803e-02 9.266839999999999522e-01
2.317830376244707780e-01 9.658041567753645751e-01 1.161849999999999827e-01
-5.625354158102505858e-02 -2.102402867187732338e-01 9.760299999999999532e-01
5.641658022214629531e-01 8.182467131487991541e-01 1.104050000000000864e-01
9.380296673938727514e-02 8.632926938940752581e-01 4.959100000000000175e-01
2.111218882858869605e-01 5.284872171208650909e-02 9.760299999999999532e-01
-4.734431129720546028e-01 -4.658531111609434672e-01 7.475509999999999655e-01
2.164221169026754599e-01 -9.563845166011235577e-01 1.961889999999999468e-01
1.636910048904761938e-01 9.356780279545662271e-01 3.125890000000000613e-01
8.250496880373604514e-01 -1.314329503033929980e-01 5.495619999999999949e-01
-4.745027689540912141e-01 8.009676099911283709e-01 3.651000000000000356e-01
9.389070447891781357e-02 -3.639248545461722384e-01 9.266839999999999522e-01
8.272569735214490017e-01 5.508689823679788766e-01 1.104050000000000864e-01
5.081581285798073555e-01 -6.820921725905289001e-01 5.258570000000001299e-01
8.272569735214490017e-01 5.508689823679788766e-01 -1.104049999999999615e-01
-6.176524865752637261e-01 3.562377038767704507e-01 7.011420000000000430e-01
1.743239272895338865e-01 6.100677455408974881e-01 7.729350000000000387e-01
-4.076509297118135478e-01 -9.131378425545039201e-01 6.123233995736766036e-17
-2.224239993588359721e-01 5.057719985420511266e-01 8.335000000000000187e-01
-2.111218882858869605e-01 -5.284872171208651603e-02 9.760299999999999532e-01
-6.860356413509934859e-01 1.656659133923782945e-01 7.084559999999999746e-01
-2.220398189727029042e-02 5.663815382336413462e-01 8.238440000000000207e-01
7.317176757872966286e-01 4.447488029387337005e-01 5.165150000000000574e-01
-6.529896117443982906e-01 6.636286054186483208e-01 3.649680000000000701e-01
7.127971995443963538e-01 7.013701963454578303e-01 6.123233995736766036e-17
6.176524865752638371e-01 -3.562377038767703952e-01 7.011420000000000430e-01
-4.565150748159852445e-01 -7.244351187240686274e-01 5.165150000000000574e-01
-9.694237508755891852e-01 -2.161449444546497400e-01 -1.161850000000000938e-01
-1.391909383915293508e-01 9.902655616902394931e-01 6.123233995736766036e-17
-1.180829868811934108e-01 8.270659081144717817e-01 5.495619999999999949e-01
-7.649261780531952937e-01 3.317050772115668900e-01 5.521409999999999929e-01
-4.563186567746793099e-01 -2.860044116431640360e-01 8.426000000000000156e-01
-5.659487531619207257e-01 3.135398632498487964e-02 8.238440000000000207e-01
9.527622421933713559e-01 -2.318490589363251253e-01 -1.961890000000000578e-01
-6.974503295752072785e-02 9.252824372356552862e-01 3.728109999999999480e-01
7.649261780531951826e-01 -3.317050772115670565e-01 5.521409999999999929e-01
4.563186567746792544e-01 2.860044116431640915e-01 8.426000000000000156e-01
7.013701963454578303e-01 -7.127971995443963538e-01 6.123233995736766036e-17
4.390999376944991484e-02 7.389298951505257618e-01 6.723500000000000032e-01
-7.931952372712116617e-01 4.873841457928910770e-01 3.651000000000000356e-01
-9.694237508755891852e-01 -2.161449444546497400e-01 1.161849999999999827e-01
-3.462098261783642106e-01 6.233286870452432460e-01 7.011420000000000430e-01
-6.699900284712274889e-02 -9.977530423995164544e-01 6.123233995736766036e-17
-2.164221169026755431e-01 9.563845166011235577e-01 1.961889999999999468e-01
4.734431129720546028e-01 4.658531111609434672e-01 7.475509999999999655e-01
3.623599895759356260e-01 -9.975972182463163640e-02 9.266839999999999522e-01
-5.284548726216733439e-01 -7.841828109812220005e-01 3.252580000000000471e-01
8.766869740914357001e-01 -2.931569913363868407e-01 3.814170000000000060e-01
2.435069217897741778e-01 7.626287550567896201e-01 5.992509999999999781e-01
9.878868440398465012e-01 -1.551759755019827547e-01 6.123233995736766036e-17
2.789510156055292622e-01 -8.813100493036737371e-01 3.814170000000000060e-01
9.196059851943437780e-01 3.928419936752439723e-01 6.123233995736766036e-17
8.383521246860249354e-01 -5.451290810756913574e-01 6.123233995736766036e-17
1.180829868811935218e-01 -8.270659081144717817e-01 5.495619999999999949e-01
6.737908699146600844e-01 -5.191148997771546370e-01 5.258570000000001299e-01
-9.815431080700983690e-01 1.784100196433413901e-02 1.904069999999999097e-01
3.193008099623272922e-01 -7.701865416094998418e-01 5.521409999999999929e-01
-1.976000501887177109e-03 9.817032493442284791e-01 -1.904069999999999929e-01
-2.601485401795644026e-01 -2.559775315187676203e-01 9.310199999999999587e-01
9.527622421933713559e-01 -2.318490589363251253e-01 1.961889999999999468e-01
-5.243097598009096583e-01 5.328517558876130211e-01 6.642050000000000454e-01
2.935155390578971235e-01 -2.982975478403268599e-01 9.082219999999999738e-01
4.565150748159850780e-01 7.244351187240686274e-01 5.165150000000000574e-01
-3.193008099623272367e-01 7.701865416094998418e-01 5.521409999999999929e-01
6.974503295752083887e-02 -9.252824372356552862e-01 3.728109999999999480e-01
-2.435069217897740945e-01 -7.626287550567896201e-01 5.992509999999999781e-01
-9.002463063823071820e-01 -3.736061271499883096e-01 2.235510000000000275e-01
-8.547478112842931131e-01 -3.059459324516514700e-01 4.192890000000000783e-01
7.926203858773199773e-01 5.157132510685451532e-01 3.252580000000000471e-01
-9.352972333669771210e-01 3.538630882927439880e-01 6.123233995736766036e-17
1.034508658386496804e-01 4.154154612640623134e-01 9.037300000000000333e-01
-4.181049360702135953e-01 8.886638641200184097e-01 1.883209999999999607e-01
8.646958130214134064e-01 7.983998273570092064e-02 4.959100000000000175e-01
