-5.292298249672582333e-01 -8.388087225799009117e-01 1.277329999999999022e-01
-5.026368985934712708e-01 8.550078275029630026e-01 -1.277409999999999102e-01
-3.133435304097246243e-01 6.352730479521147000e-01 7.058640000000000470e-01
-0.000000000000000000e+00 0.000000000000000000e+00 1.000000000000000000e+00
6.018591690990117149e-01 2.809200789276131843e-02 -7.981080000000001506e-01
-3.331200552879346466e-01 -6.251251037520116904e-01 -7.058679999999999399e-01
9.239837326670403694e-01 2.582539252803011665e-01 -2.820619999999999239e-01
3.010961580960850870e-01 -6.573393451481337468e-01 6.908300000000000551e-01
8.211134252987636328e-01 -4.586572375632282372e-01 -3.397149999999999337e-01
8.351009082473890288e-01 4.326569524639422570e-01 3.397270000000000012e-01
-1.543899452914523560e-02 -9.835496514761870035e-01 -1.799769999999998871e-01
9.154179715314840760e-01 -2.871299910705656377e-01 2.820749999999999647e-01
3.215908561547776712e-01 6.475637103495197611e-01 -6.908260000000001622e-01
6.006688559176281972e-01 -4.696998873331401786e-02 7.981169999999999654e-01
