-7.491997747662574453e-03 7.924937617506834231e-01 6.098339999999999872e-01
8.205611805031051142e-01 -5.584431228436345096e-01 1.217399999999999871e-01
1.858869069911749383e-01 -8.955425519137849566e-01 4.042890000000000650e-01
-6.945198433087090839e-02 9.924837760847804446e-01 1.007590000000001124e-01
-2.658799083334138086e-02 -9.794946623026825616e-01 1.997079999999999689e-01
7.405925885443990220e-01 -1.042319420912158207e-01 6.638209999999999944e-01
2.403491143389432372e-01 -4.495102138411157799e-01 8.603330000000000144e-01
4.726754012301747632e-01 5.114904341782876562e-01 7.176040000000000196e-01
9.651993722846148316e-01 2.188180843997713232e-01 1.432089999999998919e-01
-7.547301783069970682e-01 -6.281081483922082986e-01 1.893739999999999590e-01
-4.662571080833671222e-01 -8.024821860239237381e-01 3.723259999999998793e-01
-0.000000000000000000e+00 -0.000000000000000000e+00 1.000000000000000000e+00
-6.551010082495268838e-01 -7.525000094760485592e-01 -6.772299999999990827e-02
7.331195615233575547e-01 3.711602842853743978e-01 5.698910000000000364e-01
1.373364008816022885e-01 2.925297238638968067e-01 9.463430000000000453e-01
-7.138950010244924371e-01 -5.994150008602052715e-01 3.620159999999998934e-01
4.655684931399117210e-01 6.510536896097217641e-01 5.994789999999999841e-01
-4.344743879038863721e-01 -4.892894368434119179e-01 7.561930000000000041e-01
1.100320372203690139e-01 9.809943318394532819e-01 1.598220000000000751e-01
2.030670884298138024e-01 9.682214216322826417e-01 -1.459829999999999461e-01
-2.375859032093743106e-01 -9.707046045425898884e-01 -3.585400000000004556e-02
-6.007358963849704914e-01 5.717109013912067272e-01 -5.588049999999999962e-01
-8.317279878358783129e-01 1.579259976903134022e-01 5.322480000000000544e-01
-6.839967371655021333e-01 7.227447222760932100e-01 9.893700000000001105e-02
-9.025432805276100146e-01 -3.701461150484494089e-01 -2.200169999999999348e-01
-3.254760305021303646e-01 6.150890576433434287e-01 7.181440000000000046e-01
-6.002523465971404404e-01 5.486003167722745127e-02 7.979270000000000529e-01
8.776323509998709138e-01 -2.190440876043896756e-01 4.263579999999999592e-01
1.183482199265912249e-01 1.258242338192737952e-01 9.849679999999999547e-01
9.156363062223537019e-01 2.275890761141318719e-01 3.313810000000000366e-01
9.606486665628185539e-01 -2.653159079099450257e-01 8.222900000000007981e-02
-2.945368046801836726e-01 -6.310974388149030723e-02 9.535540000000000127e-01
6.082140958313848600e-01 -1.292830203700817970e-01 7.831740000000000368e-01
-1.597397982591624022e-01 -3.996844952248237992e-01 9.026269999999999571e-01
3.209413456236050455e-01 6.343496831348698350e-01 7.032760000000000122e-01
-7.694406589410711650e-01 -6.386357169211023255e-01 1.027099999999996939e-02
-3.865204096765588460e-02 -2.819302988205324989e-01 9.586559999999999526e-01
6.087674315387221480e-01 5.189853678946521054e-01 6.000469999999999970e-01
3.205549764295568260e-01 7.590499441869726915e-01 5.666459999999999830e-01
-1.702198439884411163e-01 5.766734714615808777e-01 7.990450000000000053e-01
-8.155800605899499178e-01 4.663810346477370028e-01 3.425169999999999604e-01
-2.950559966785827881e-01 9.472439893369649644e-01 -1.251830000000000997e-01
-2.081800262897462103e-02 9.609531213527223725e-01 2.759269999999999223e-01
-3.165178576548283718e-01 8.800816042075857437e-01 3.539390000000000591e-01
4.657962852949480981e-01 3.542794564033134308e-01 8.108760000000000412e-01
4.606800591886923701e-01 -8.714351119629636377e-01 1.684480000000000699e-01
-7.223683700610858960e-01 6.411363284468366563e-01 -2.590910000000000712e-01
-1.990408674928198507e-01 2.531128314955717329e-01 9.467400000000000260e-01
-9.977006292705953294e-03 5.225243295669926846e-01 8.525660000000000460e-01
7.165835319108567747e-01 2.193288567292548119e-01 6.621200000000000419e-01
-5.149379017154258609e-01 -5.946868864939888200e-01 6.174030000000000351e-01
-7.289332129806129768e-01 1.076118838128963806e-01 6.760739999999999528e-01
1.181009430187280329e-01 -5.679297259856075364e-01 8.145599999999999508e-01
4.863995746114690294e-02 -8.462312599149111048e-01 5.305910000000000348e-01
9.361375461238915507e-01 -7.379696422034445757e-02 3.438030000000000252e-01
-8.481352805622487390e-01 -5.187071715877807909e-01 -1.077469999999999123e-01
-3.028749684235658712e-01 7.422059226208209681e-01 5.978269999999999973e-01
-5.734899966593453025e-01 -6.781199960498616175e-01 4.596330000000000138e-01
-4.132864328060839587e-01 4.595173693587896735e-01 -7.861540000000000195e-01
-5.066714649632656498e-01 -3.182112920167639580e-01 8.012650000000000050e-01
8.984551963218674331e-01 -3.979780869623789075e-01 1.854500000000001148e-01
-5.592730424611886964e-01 7.028380533609469571e-01 4.395820000000000283e-01
-6.248144316751866878e-01 4.105616265573456825e-01 6.641129999999999534e-01
-4.865674567816417606e-01 1.816961705734197463e-01 8.545399999999999663e-01
-7.637170317332298008e-01 6.037870250879732170e-01 2.284240000000000714e-01
8.130597893304459811e-01 5.080638683570508629e-01 2.842620000000000147e-01
7.102371217882754717e-01 -4.181120716959824124e-01 5.663439999999999586e-01
-6.708201219779315327e-02 -7.754511410034129471e-01 6.278340000000000032e-01
-7.791350338172956524e-01 -1.893860082200417572e-01 5.975629999999999553e-01
-3.532264037277190183e-01 3.050004851366346359e-01 8.844239999999999879e-01
6.482741642234781665e-01 7.528561907166273492e-01 -1.137900000000001133e-01
-5.382751130913423498e-01 -8.274361738439423020e-01 -1.600290000000000601e-01
-5.416271034582313959e-01 8.291791583846317426e-01 1.382100000000000828e-01
3.088567418169762546e-01 3.286707894066671076e-01 8.925149999999999473e-01
6.459998038679765986e-04 8.879777304010800787e-01 4.598859999999999615e-01
-9.085195897670469423e-01 3.206892081759483704e-01 2.678630000000000178e-01
-4.554459800874587905e-01 -5.240011276132742687e-03 8.902480000000000393e-01
8.355506636757562555e-01 3.729818498680641525e-01 4.034100000000000463e-01
1.402870273745453200e-01 9.263191807548916135e-01 3.496459999999999013e-01
-4.977436183230099509e-01 3.590154459876592763e-01 7.895309999999999828e-01
4.591460788374726043e-01 7.689421320308658103e-01 4.448739999999999917e-01
4.427889660960673268e-01 1.834704003036339293e-01 8.776540000000000452e-01
-6.517105537909534396e-01 -2.574648237206180745e-01 7.134319999999999551e-01
4.236788841905535508e-01 8.583027653893744446e-01 2.895039999999999836e-01
-8.705632514475919459e-01 4.630191337353097292e-01 1.665319999999999578e-01
-2.648842299220118823e-01 -5.234504543599352022e-01 8.098370000000000291e-01
-6.179388848676817814e-01 -7.312858637492494207e-01 2.887429999999999719e-01
-1.689369769208704242e-01 -9.327458725740025436e-01 3.185050000000000936e-01
-3.439905468374162001e-01 -3.678675847944410937e-01 8.639120000000000132e-01
-6.980579191920139870e-01 5.939319312457577160e-01 3.999500000000000277e-01
8.500945406894980794e-01 -7.406404710729283525e-02 5.213959999999999706e-01
7.199775096344693814e-01 -5.424743839892789410e-01 4.328440000000000620e-01
-3.402930976070421831e-01 -9.021442587640869926e-01 2.652099999999999458e-01
-1.530229073601032663e-01 7.138275678495901166e-01 6.833989999999999787e-01
2.707838232895500852e-01 9.349943898332726544e-01 2.290450000000000264e-01
6.978978920355214388e-01 6.306669024361241105e-01 3.394079999999998765e-01
3.548860854845623525e-01 -8.152201963693268549e-01 4.576810000000000045e-01
1.524189307856203546e-01 -9.579465649905365421e-01 2.431190000000000018e-01
-3.549699771822615868e-01 -6.388259589357844215e-01 6.825670000000000348e-01
4.457006553090000350e-03 6.656889787555340110e-01 7.462159999999999904e-01
-3.696018786931023481e-01 -9.250696963832125697e-01 8.741000000000004322e-02
-4.855028282532592998e-01 5.195428162116054738e-01 7.031089999999999840e-01
-6.051348741823113775e-01 7.669158405453354588e-01 -2.136630000000000473e-01
8.383329188294637302e-02 -1.573445478275895815e-01 9.839790000000000481e-01
9.797469924804210750e-01 -1.034989992056429831e-01 1.714170000000000138e-01
9.598251486941706823e-01 9.198001424935774856e-03 -2.804480000000000306e-01
-9.010562087140026044e-01 -1.489130344931149930e-01 4.073360000000000869e-01
-1.536480692956704308e-01 9.115474111102026544e-01 3.814100000000000823e-01
-9.176767330738981876e-01 1.705189504008797485e-01 3.588769999999999460e-01
-1.877324808380467780e-01 4.228598306086691627e-01 8.865359999999999907e-01
-1.707220435947071902e-01 6.449763867651939209e-02 9.832060000000000244e-01
-5.600903299189822215e-01 -1.350110795277396913e-01 8.173559999999999715e-01
8.305573957868632728e-01 2.276931085029664237e-01 5.082619999999999916e-01
6.625090601334153728e-01 -2.800000254145321721e-01 6.947529999999999539e-01
-6.089830301137890700e-01 5.620440277926879169e-01 5.596839999999999593e-01
9.060996923522695798e-03 -9.292306844986082393e-01 3.693890000000000784e-01
-8.073891079670865445e-02 -5.419244012621697859e-01 8.365399999999999503e-01
-3.434624437158315668e-01 4.688792405862614032e-01 8.137480000000000269e-01
3.569403923636316756e-01 -3.144963457073813862e-01 8.795939999999999870e-01
4.593381308863973556e-01 -5.849801666875474870e-01 6.684360000000000301e-01
-3.794022605615037791e-01 9.072626230793487956e-01 1.814620000000000399e-01
-3.934400363850141802e-01 -9.138990845166433674e-01 -9.996699999999990316e-02
-1.846779434823063171e-01 -6.619047974347566088e-01 7.264819999999999611e-01
9.934906090723559791e-01 3.455998640102489472e-02 -1.085450000000000997e-01
2.545340815605882656e-01 -9.659573095225832962e-01 -4.624800000000010153e-02
5.191921529175249628e-01 -3.028960892119035297e-01 7.991829999999999767e-01
-4.075172328156265733e-01 -1.920156385149253409e-01 8.927819999999999645e-01
8.041501167144853301e-01 -5.920560859311215784e-01 -5.302999999999998687e-02
-4.641864707303051119e-01 6.594972480351556365e-01 5.912650000000000405e-01
5.873484273156944768e-01 2.043731486883251791e-01 7.831050000000000511e-01
7.822200953331630568e-01 -2.545420310223389659e-01 5.686299999999999688e-01
-4.252187973833154722e-01 9.050645687368868986e-01 6.863000000000002779e-03
-1.148640310517690249e-01 9.906862678171824976e-01 -7.312299999999992417e-02
2.847203760745988244e-01 -1.697906279272768937e-01 9.434540000000000148e-01
9.784074854095221596e-01 2.029598932538538292e-01 -3.906500000000006495e-02
1.584361051281876209e-01 8.375595557515954637e-01 5.228690000000000282e-01
-6.948783334697271608e-01 -7.378503540918522619e-02 7.153319999999999679e-01
2.858461626249327314e-01 -5.942873381047256709e-01 7.517409999999999926e-01
-7.397091974517975288e-01 2.878030768237503367e-01 6.082760000000000389e-01
1.487118901272317384e-01 -7.128944732923563343e-01 6.853219999999999867e-01
-7.269206434739383660e-01 -5.082507507229432342e-01 -4.618089999999999695e-01
4.569483299196694381e-01 -1.502591084880546546e-01 8.767099999999999893e-01
-8.615536009425776021e-01 -5.018557675486829961e-01 7.659100000000000630e-02
-8.970299586563016403e-01 1.611099925745143602e-02 4.416760000000000685e-01
8.250457442758035720e-01 -3.794808823793173191e-01 4.186810000000000809e-01
-3.980381697394627660e-01 7.891743365356344020e-01 4.677279999999999216e-01
-8.326199459196609309e-01 -2.883939812682312920e-01 4.728349999999999498e-01
-9.710765512536160271e-01 1.462060829971971176e-01 1.887699999999999101e-01
-1.195252423908641226e-01 -1.228042490405159559e-01 9.852070000000000549e-01
5.350656978692637233e-01 2.680803496487196846e-02 8.443850000000000522e-01
9.653752009437892578e-01 7.310301521646388190e-02 2.504129999999999412e-01
-7.197157419959668845e-01 -3.716208667811792266e-01 5.864359999999999573e-01
3.219889057257362963e-01 4.877678571877638869e-01 8.114219999999999766e-01
-6.132753026169289745e-01 6.841643375966874885e-01 -3.947310000000000541e-01
-8.997967884563315977e-01 4.362378974397704834e-01 -7.889000000000020996e-03
1.653796939158986568e-01 -3.064874327542383425e-01 9.373979999999999535e-01
4.263007068524440890e-02 -4.295947123142591084e-01 9.020150000000000112e-01
-9.503128278210626334e-01 2.965239462753984645e-01 9.475799999999988399e-02
6.068810326427931390e-01 3.706190199347801362e-01 7.030910000000000215e-01
-2.372756176200755129e-01 -2.431626081329356093e-01 9.405170000000000474e-01
-5.800082413042382257e-01 8.137983385693070559e-01 -3.636900000000008876e-02
7.963718431638093787e-01 7.212798579523041487e-02 6.004909999999999970e-01
-6.594991120009930929e-01 -5.329550905103557223e-01 5.301130000000000564e-01
3.778157590852974645e-01 2.651991289683123653e-03 9.258769999999999500e-01
9.961455396760533487e-01 5.033397674041201891e-02 7.183699999999999808e-02
2.976600542562353180e-01 8.611041569584801936e-01 4.121870000000001366e-01
-6.350630973363599052e-01 7.225821107504316609e-01 2.730749999999999567e-01
1.537998118949548410e-01 4.491524506635543035e-01 8.801179999999999559e-01
-4.155998154295855763e-03 -6.700127024432757095e-01 7.423380000000000534e-01
5.905080021665045642e-01 6.517920023913483796e-01 4.758859999999999757e-01
-7.862148251784731867e-01 -4.509788997210212869e-01 4.224739999999999607e-01
-4.171537047834775747e-01 -7.340674805059949071e-01 5.358429999999999582e-01
3.302039350177954358e-01 -8.969228234908304120e-01 2.941000000000000281e-01
-6.241511937038878299e-01 2.371840736095317814e-01 7.444319999999999826e-01
-8.389880001602793014e-01 3.155950000602908423e-01 4.432820000000000649e-01
5.857640156331730408e-01 7.517430200629067194e-01 3.029240000000000821e-01
-3.027179154273303974e-01 -8.486067629180972238e-01 4.338529999999999887e-01
7.127167835865307888e-01 -6.970367883476956683e-01 7.857799999999998120e-02
-9.928340539355099414e-01 1.187830064528628132e-01 1.308199999999990620e-02
2.091858473394637707e-01 -8.037794134144458091e-01 5.569380000000000441e-01
-2.672506786183605904e-02 3.653309276693942342e-01 9.304940000000000433e-01
-8.378547930578542635e-01 -4.836108805527231658e-01 2.532190000000000829e-01
-9.576952796944150359e-01 -1.795630524412974161e-01 2.248930000000000651e-01
-4.102543393392403537e-02 1.939510514576632261e-01 9.801530000000000520e-01
6.751573882709007712e-01 4.783695665713073863e-02 7.361210000000000253e-01
9.275481882565260738e-01 3.463080702871883521e-01 -1.404459999999999875e-01
3.377259115005856183e-01 -7.055978151015623867e-01 6.229550000000000365e-01
4.854191845243062131e-01 -7.053242681176917772e-01 5.166100000000000136e-01
-5.865505515540420101e-01 -4.362694102394173989e-01 6.823690000000000033e-01
-8.936222138130240911e-01 -3.221780770861196186e-01 3.124750000000000028e-01
4.874379815645955571e-01 -8.032229696212833669e-01 3.423989999999998979e-01
-2.481018594224075891e-01 -7.682495647002631767e-01 5.901170000000000027e-01
9.283372192925041233e-01 -2.559600604630746790e-01 2.695820000000000993e-01
-1.295480552411911179e-01 -8.672683698159556753e-01 4.806900000000000062e-01
-1.644999970828080194e-01 -5.952819894434535630e-01 -7.864980000000001414e-01
-1.778240201269196130e-01 8.308280940368475420e-01 5.273550000000000182e-01
8.177926105577781879e-01 -4.940067647483120661e-01 2.952500000000000124e-01
2.856518085040559152e-01 1.571604448242695795e-01 9.453589999999999494e-01
8.976772424895933522e-01 7.927502141456505003e-02 4.334639999999999604e-01
7.359344868093646852e-01 6.536414323737725907e-01 1.765029999999999932e-01
7.350160729297270379e-01 -4.457530442284856065e-01 -5.109359999999999458e-01
-8.135045794899620208e-01 -2.690098609456560361e-02 5.809360000000000079e-01
-2.054969292531897418e-01 9.547606713027665393e-01 2.149490000000000844e-01
-3.339817769924300350e-01 1.233622869963864332e-01 9.344719999999999693e-01
9.289019227837052028e-01 3.682339693900270050e-01 3.930599999999990352e-02
6.533298702533935076e-02 9.976028018832679978e-01 -2.280900000000010350e-02
-4.859818413118063285e-01 8.178007329626125754e-01 3.082590000000000052e-01
5.220940745395004079e-01 8.525871217240749145e-01 -2.264899999999991573e-02
2.041449214402581147e-01 -2.331487682041097007e-02 9.786629999999999496e-01
1.617600681603106050e-01 7.295953074271871452e-01 6.644729999999999803e-01
5.744372438801391700e-01 -4.412011873141202245e-01 6.894660000000000233e-01
-5.007680880731982809e-01 -8.422071481242091595e-01 1.997959999999998904e-01
