5.893068531946294986e-01 2.526999370485721180e-02 8.075139999999999540e-01
2.925650941133215444e-01 -6.203061995421804697e-01 7.277540000000000120e-01
7.911000426489676884e-02 -9.769100526661643746e-01 1.984649999999998915e-01
-2.020798186476107511e-02 -7.608023172335592887e-01 6.486690000000000511e-01
-1.611560376394639560e-01 9.788142286110003143e-01 1.262989999999999391e-01
-1.590980164867292490e-01 -9.872201023019073762e-01 9.181000000000045028e-03
-3.829501072376628734e-01 8.289192321225647975e-01 4.077280000000000348e-01
5.601401090435936120e-02 8.126241581951685333e-01 5.800899999999999945e-01
8.234922600872938148e-01 1.374400434083120071e-02 5.671610000000000262e-01
4.590319069410416786e-01 8.833088209279191805e-01 -9.515900000000000747e-02
-4.583471872812358017e-01 8.585563508072023842e-01 2.297799999999999288e-01
-8.829243196983244113e-01 3.681441333014165429e-01 -2.914009999999999656e-01
2.076573865180913747e-01 -1.987544128201333693e-01 9.577970000000000095e-01
-5.548671418901671704e-01 -8.009772048252291610e-01 2.248510000000000786e-01
2.068706713313666068e-01 -5.050041976676131750e-01 8.379590000000000094e-01
9.170586457693631621e-02 -6.399090550392270149e-01 7.629590000000000538e-01
-5.937914072364545159e-01 3.795932603342043188e-01 7.094510000000000538e-01
7.912742826886648428e-01 -1.750500625379461661e-01 5.858689999999999731e-01
9.376167809637636630e-01 -1.760259588786545482e-01 2.998159999999999159e-01
-2.214049629351433901e-01 -9.184108462511141324e-01 3.278740000000001098e-01
8.949014737958669308e-01 1.224660648383280870e-01 4.291309999999998737e-01
9.563276507112060676e-01 2.219399189387376292e-02 2.914530000000001286e-01
-3.763305430436967858e-01 -4.613234398417625504e-01 8.034649999999999848e-01
4.845530350071485803e-01 6.220640449418057827e-01 6.150160000000000071e-01
7.044996629275541988e-02 4.577177810019505411e-01 8.863020000000000342e-01
-6.271728188757363931e-01 -6.955717991224649177e-01 3.504770000000000385e-01
8.938323512287787986e-01 -8.205803224446107935e-02 4.408289999999999709e-01
-3.430030275986226673e-01 -9.386940755289651106e-01 -3.467499999999994892e-02
3.691124275177350422e-01 3.393814736295496792e-01 8.652030000000000554e-01
6.134408709957952510e-01 7.892118340318523551e-01 -2.889600000000008134e-02
-6.818659162420953601e-01 -5.641269307047199755e-01 4.656389999999999696e-01
-7.600311395477298282e-01 -5.916891086388014198e-01 2.688059999999999339e-01
-2.913469633888676746e-01 -6.184329222867148701e-01 7.298339999999999828e-01
9.358028584255573268e-01 2.196609667682368483e-01 2.757210000000000494e-01
5.970018260115177444e-01 4.797208601915425308e-01 6.430059999999999665e-01
2.633300739207399266e-01 -9.423912645435003066e-01 2.062909999999999466e-01
3.963589815380318404e-01 8.225849616848913692e-01 4.077419999999999378e-01
9.255884637025206807e-01 3.747641877498535945e-01 -5.327100000000005442e-02
5.838110244024010687e-01 -7.438980310937911566e-01 3.252390000000000003e-01
1.187032394323764978e-01 -3.687527437989578938e-01 9.219169999999999865e-01
7.774012140062109832e-01 5.117951408890761833e-01 3.656680000000001041e-01
3.049742073860090552e-01 -3.486502370862172850e-01 8.862470000000000070e-01
-6.173201697893172524e-01 -4.828541328054347659e-01 6.211020000000000429e-01
-6.872113467799455533e-01 4.495442268485863035e-01 5.706579999999999986e-01
-9.279576706641594619e-01 4.456098418513085996e-02 3.700119999999999520e-01
4.302981635904020163e-01 4.971711890141338186e-01 7.534349999999999659e-01
-5.432567237347704081e-01 7.559996155474969504e-01 3.651530000000000609e-01
4.831095157127456852e-01 -3.177646814606625014e-01 8.158619999999999761e-01
-8.172542057915729297e-01 -2.111620531724041627e-01 5.361960000000000059e-01
3.824678194130161080e-01 -1.781889158658657157e-01 9.066239999999999855e-01
3.940459318620231355e-01 8.743718488046089421e-01 -2.831989999999999230e-01
6.977690029012927342e-01 7.001150029110472239e-01 -1.515169999999999295e-01
-1.012499732779084394e-01 9.508437490514530799e-01 2.926509999999999390e-01
6.515988163562898006e-01 -2.556033202328993337e-01 7.142030000000000323e-01
-8.452214485992231019e-01 1.560608981898761183e-01 5.111219999999999652e-01
-4.478099843897982435e-01 8.570409701244209311e-01 -2.548470000000001012e-01
8.670711970959065207e-01 4.923161119094840998e-01 7.623899999999993182e-02
4.006388945643749588e-01 -9.125307598504477369e-01 8.231699999999990414e-02
-2.867819661028239708e-01 -9.465888881146866662e-01 1.473959999999999715e-01
2.456800776089548832e-01 -8.212222594194935610e-01 5.150099999999999678e-01
9.371393580103950516e-01 -3.488291332613497886e-01 -9.383999999999980898e-03
6.124470984349849045e-01 1.985610319135354129e-01 7.651679999999999593e-01
3.966168321160091770e-01 -4.767437981990552132e-01 7.844809999999999839e-01
7.298643604586119160e-01 1.087019047502922053e-01 6.748939999999999939e-01
5.533179932324667760e-01 -6.595139919336024947e-01 5.088030000000000053e-01
-3.891121020103892048e-01 -8.950762346549351323e-01 -2.177849999999999231e-01
9.873860254383829416e-01 -7.463100192274547962e-02 1.396390000000000409e-01
-1.040168661242150683e-01 -6.430291723838795770e-01 7.587450000000000028e-01
-6.585092931756705847e-02 5.710583870428773690e-01 8.182639999999999914e-01
-8.470776238062042163e-01 -2.874998723190570066e-02 5.306910000000000238e-01
-1.705133497496846284e-01 2.494290488057510913e-01 9.532629999999999715e-01
5.095190903676074523e-01 8.551381516661303861e-01 9.554600000000008919e-02
7.796012744853302312e-01 5.931242088296925230e-01 2.010610000000000730e-01
-6.235086865424793734e-01 6.151216907588873406e-01 4.825580000000000425e-01
1.390856480669323270e-01 1.415196419081163060e-01 9.801159999999999872e-01
7.328011513800429810e-01 -3.523250727823428186e-01 5.821250000000000036e-01
9.993240570486691121e-01 1.282800073231537240e-02 -3.445100000000007878e-02
-5.120653838462535523e-01 1.134668634685427613e-01 8.514190000000000369e-01
8.763893958949036112e-01 4.156731877737195324e-01 2.432230000000000780e-01
-8.168552099711308134e-01 3.386140870401286862e-01 4.669989999999999419e-01
4.837628755424951410e-01 -5.761928517630675595e-01 6.587680000000000202e-01
-6.859511390209170889e-01 -2.990260606032630331e-01 6.633660000000000112e-01
-7.361088437393886741e-01 -1.111839763979520779e-01 6.676689999999999570e-01
5.483489587632811579e-01 -1.482769888493332411e-01 8.229990000000000361e-01
-4.341919694816711583e-01 -2.705189809858591365e-01 8.592419999999999503e-01
2.702018074202454379e-02 -2.163134469529538195e-01 9.759499999999999842e-01
-3.105467693087854975e-01 -1.422503523928007885e-01 9.398539999999999672e-01
5.297707903594361944e-01 7.121427181913316806e-01 4.606469999999999732e-01
9.798745351971424045e-01 1.948879075550460083e-01 -4.318099999999994165e-02
7.532821220568500786e-01 6.571161064747453873e-01 2.764899999999993752e-02
8.561919792406811336e-01 3.249709921207199481e-01 4.016580000000000150e-01
-1.278050149997131402e-01 8.002740939234026518e-01 5.858560000000000434e-01
2.857630229531768484e-01 -9.199420738919718010e-01 -2.684140000000000414e-01
6.546539679469607353e-01 7.396599637849137210e-01 1.559849999999999570e-01
5.825801517223725551e-02 -8.540732224277912676e-01 5.168799999999998951e-01
4.674014522536230065e-01 1.798381740098695669e-01 8.655599999999999961e-01
-5.184391661382323768e-01 8.538592736264533078e-01 4.631599999999992667e-02
-5.984078501767134961e-01 -1.991069501496217364e-01 7.760569999999999968e-01
-4.248499430163104468e-02 -9.335078747917396891e-01 3.560310000000000419e-01
-9.750386415559676445e-01 -7.372497289720089664e-02 2.094380000000001241e-01
-9.113986499283895926e-01 2.213039149963435537e-01 3.469539999999999291e-01
-1.599200065469640053e-02 8.938990365953306538e-01 4.479829999999999646e-01
1.959963074251373782e-01 3.195175011712362290e-01 9.270890000000000519e-01
-1.592995992100257607e-01 -2.236348412088895732e-01 9.615669999999999495e-01
5.774321839484445329e-01 -4.231971348148870771e-01 6.981950000000000101e-01
6.669263109457587158e-01 6.669163109410962686e-01 3.323130000000000805e-01
-7.515422008734559123e-01 8.087302161587650584e-02 6.547089999999999854e-01
-3.743231372562247916e-01 2.192900804089450983e-02 9.270389999999999464e-01
1.713319624122781326e-01 -7.422958371511709785e-01 6.477979999999999849e-01
-9.436734189837808762e-01 -2.517941117946599361e-01 2.146629999999999372e-01
1.295489740295756309e-01 6.045968787976698788e-01 7.859260000000000135e-01
-7.571149723284805733e-01 5.062489814972904734e-01 4.129030000000000755e-01
-3.470901330033220322e-01 9.331623575834679940e-01 9.346899999999989939e-02
-3.760281380454850303e-02 1.156415027270939339e-01 9.925789999999999891e-01
8.523704208825857442e-01 -2.733461349725720968e-01 4.458099999999999286e-01
2.635015288175517334e-01 -2.055311924776903262e-02 9.644399999999999640e-01
9.455412352325651693e-01 3.051060759045530757e-01 1.134110000000000257e-01
-2.738001007143003873e-02 -9.888803637485621412e-01 -1.461709999999999954e-01
6.885445669235521482e-01 3.170088006097906974e-01 6.522360000000000380e-01
-5.413979111880138362e-01 -6.506028932738121551e-01 5.325450000000000461e-01
7.499484722678810833e-01 -6.518135413245655929e-01 -1.127669999999999922e-01
-2.054628597224662512e-01 -7.509014873301731452e-01 6.276399999999999757e-01
-2.653901045740350573e-02 9.992873937581429056e-01 -2.684000000000007907e-02
-2.154847959104495281e-01 6.399493938923460357e-02 9.744080000000000519e-01
-8.739261549135250995e-01 -3.008730533332309998e-01 3.817440000000000833e-01
-3.040928247307836951e-01 3.757387834363827284e-01 8.754129999999999967e-01
-6.332265725798833511e-01 -2.320002097806177048e-03 7.739629999999999566e-01
-3.808032416787305863e-01 -7.139894531370686304e-01 5.875439999999999552e-01
-5.355651715509515132e-01 -3.838091229408178706e-01 7.522370000000000445e-01
7.027432602726619848e-01 -7.683802845824262706e-02 7.072819999999999663e-01
-3.049460251369086050e-01 7.641400629885858331e-01 5.684169999999999501e-01
-7.267007340995979524e-03 7.032697104300069668e-01 7.108860000000000179e-01
-6.848759399031125739e-01 6.598299421008629873e-01 3.091430000000000011e-01
8.062357367565017308e-01 2.233099270872231090e-01 5.478290000000000104e-01
1.427894174426744441e-02 2.932668035197025236e-01 9.559239999999999959e-01
-3.468416097733970638e-01 2.038283583454436332e-01 9.155079999999999885e-01
8.679979753089173133e-01 -4.896519860713526850e-01 -8.258600000000003438e-02
-1.045830183256414997e-01 -9.773631712592297793e-01 1.839119999999999366e-01
3.735999120331799928e-01 -7.107968326377096524e-01 5.959790000000000365e-01
6.518046523435158113e-01 -5.151207252473428699e-01 5.565980000000000372e-01
-1.004847067999055793e-01 -6.438745289524223925e-02 9.928529999999999855e-01
2.140610795611744277e-01 -9.759363627312513945e-01 4.154600000000011062e-02
-5.393408750329614643e-01 5.503428724837630126e-01 6.373649999999999594e-01
-8.051080849899374670e-01 5.429490573155419941e-01 2.387620000000000575e-01
3.086458823409118368e-01 1.615304150709704900e-01 9.373609999999999998e-01
-2.067380710773268626e-01 8.761343012182699619e-01 4.354859999999999287e-01
8.288148408832131109e-01 5.512148941771568555e-01 -9.606299999999989847e-02
7.462879011013522357e-01 4.183209445637861013e-01 5.177469999999999573e-01
6.901802948921299530e-01 -6.096062604654028938e-01 3.899119999999999253e-01
7.969558869652556554e-01 -6.008769147757490048e-01 6.171099999999991870e-02
4.420357651724443060e-01 -7.809395851328140292e-01 4.412909999999999333e-01
-1.902821058856592473e-01 -5.040542804894317941e-01 8.424500000000000322e-01
2.046619776296126902e-01 8.467429074475533168e-01 4.910599999999999965e-01
-4.924689525362113129e-01 -9.215817825286545806e-02 8.654370000000000118e-01
-6.144191849930497051e-01 7.687002314449219442e-01 1.777330000000000298e-01
5.355820933971949804e-01 7.951291386581668119e-01 2.844669999999999699e-01
8.714210141094955731e-01 -3.944470063866353793e-01 -2.916110000000000646e-01
-1.206956807169309309e-01 4.189218918023700500e-01 8.999650000000000150e-01
-7.544711608198846342e-01 -3.874780825931908312e-01 5.297490000000000254e-01
-4.716930900102510593e-01 7.018771339348371940e-01 5.337359999999998772e-01
-2.116370092833229355e-01 -9.635130422638870096e-01 -1.638669999999999016e-01
3.157731795132928121e-01 6.229073541154139804e-01 7.157329999999999526e-01
-4.793425368869280168e-01 2.981073338946962914e-01 8.254470000000000418e-01
-3.058408981579747721e-01 -8.304287234753644498e-01 4.656710000000000016e-01
-4.739738078187455961e-01 -7.766526850921193770e-01 4.149210000000000398e-01
-4.314697011672297688e-01 4.708116739192660938e-01 7.695260000000000433e-01
-1.270800416955341350e-01 -8.563032809569640635e-01 5.005950000000000122e-01
3.541889044104872819e-01 7.449427989527107608e-01 5.653409999999999824e-01
-7.363142579695981516e-01 2.725600954921321706e-01 6.193159999999999776e-01
7.016232631950581888e-01 -6.846042568108366977e-01 1.975900000000000711e-01
-8.784011079653322174e-01 -4.250890522482047018e-01 2.184279999999999278e-01
1.357909657740876130e-01 -9.208007679135268297e-01 3.656319999999999015e-01
9.850500961784667275e-01 1.156940112961489797e-01 1.276369999999999172e-01
-1.948680120086181133e-01 6.779960417810778628e-01 7.087649999999999784e-01
-9.156335459393785126e-01 -1.307220779420218970e-01 3.801669999999999772e-01
8.572205977027726187e-02 -4.002016046620671119e-02 9.955150000000000388e-01
2.558696669066490292e-01 4.818743726917635306e-01 8.380499999999999616e-01
5.678739049246533943e-01 -8.116398641125420754e-01 1.369670000000000332e-01
-7.490404626466243276e-02 -3.772582330144451657e-01 9.230739999999999501e-01
6.690400575920479875e-01 -7.431160639686301694e-01 1.280299999999988912e-02
-6.337362507682356982e-01 1.968810779054702143e-01 7.480750000000000455e-01
8.770007900769562909e-03 -5.169974657553173536e-01 8.559419999999999806e-01
-3.738630357290654849e-01 6.276460599824135178e-01 6.828520000000000145e-01
8.820979178238751439e-01 -4.543529576725388042e-01 1.243650000000001143e-01
5.297642598169577388e-01 3.550581741343113995e-01 7.702489999999999615e-01
-2.741825880149101891e-01 -3.451457402032450661e-01 8.976070000000000437e-01
9.527078840409437532e-01 -2.650919677342710168e-01 1.485730000000000384e-01
-8.022076286584360894e-01 -4.630467856558434514e-01 3.768959999999999533e-01
-2.530311569774542080e-01 5.352543320652818348e-01 8.059020000000000072e-01
-9.745055207964749000e-01 1.073649472043411435e-01 1.970070000000000987e-01
7.825602477176779592e-01 -4.505441426187301590e-01 4.296619999999999884e-01
1.906530053356284005e-01 7.299870204294682807e-01 6.563309999999999977e-01
6.480855590616422246e-01 5.772896072291261449e-01 4.967110000000000136e-01
8.758196527074926796e-02 9.439336256979689033e-01 3.183059999999999223e-01
4.320548310891549892e-01 -7.819996942790135306e-04 9.018469999999999542e-01
9.413264376990552185e-01 -2.905001350770886059e-01 -1.717970000000000608e-01
7.995419641434451385e-01 -5.414119757196381721e-01 2.600109999999999921e-01
-4.651764811092368723e-01 -5.648945842427839370e-01 6.815459999999999852e-01
2.550889455322246646e-01 9.064448064516988923e-01 3.365819999999999368e-01
3.104720937327175023e-01 -8.778562650281779289e-01 3.646579999999999822e-01
-9.854772084314820102e-01 1.685280356442017125e-01 2.080799999999990643e-02
