-7.121213440307599951e-01 3.646581761688940104e-01 5.999229999999999841e-01
-4.991675590570398557e-01 -3.007943368832541320e-01 8.126219999999999555e-01
-3.151099415944830784e-01 -6.860138728475696501e-01 6.558129999999999793e-01
2.199629163501240214e-01 1.929978040153521590e-01 9.562260000000000204e-01
-3.530492374023129765e-01 6.693474500919872616e-01 6.537049999999999805e-01
-4.614010480620646670e-01 1.339720139552598999e-01 8.770179999999999643e-01
-8.241296836903254375e-02 -9.765356251953151157e-01 1.989630000000000010e-01
5.343921581637995910e-01 -7.403392191178558290e-01 4.078269999999999951e-01
-5.150858962811524222e-01 3.422739310789559841e-01 7.858340000000000325e-01
9.277953131891186755e-01 -3.567411204225063859e-01 1.092319999999999680e-01
4.982284712271561888e-01 -1.451078459961788192e-01 8.548170000000000490e-01
-6.308218810686784250e-01 -7.731338542380447043e-01 6.578599999999999726e-02
-3.831440743305092878e-01 -8.088880457404007407e-02 9.201399999999999579e-01
3.307864624758736771e-01 -3.257134553832514712e-01 8.857150000000000301e-01
-7.466212794959399546e-02 4.759618156628095953e-01 8.762910000000000421e-01
-3.005411755954164321e-01 -5.058312955390612542e-01 8.085849999999999982e-01
-7.939395177245398005e-02 -6.111846287382833864e-01 7.874959999999999738e-01
-6.844761721351608763e-01 5.748341445618880829e-01 4.483949999999999880e-01
9.508328048168936952e-01 -1.644579662407349152e-01 2.624319999999998876e-01
3.243019496122451772e-01 9.222218567116574617e-01 2.105589999999999962e-01
-8.824702042272890568e-01 -4.584621061004353071e-01 -1.051609999999999628e-01
3.524372989858017280e-01 -5.502804668235941055e-01 7.569540000000000157e-01
-7.066007654145466110e-02 -4.008174341793975248e-01 9.134290000000000465e-01
1.131009792580964929e-01 -2.441909552171407372e-01 9.631089999999999929e-01
-9.904460964599951511e-01 -2.911900283591288552e-02 -1.347909999999999386e-01
4.473549295990929542e-01 -8.893798600369757779e-01 -9.421799999999994069e-02
-7.887156998766472471e-01 -6.063797692594058431e-01 1.011490000000000722e-01
5.994202489483429347e-02 -9.981414145433036289e-01 1.098499999999996528e-02
1.438310111500678556e-01 -4.907200380415997487e-01 8.593640000000000168e-01
-5.236701465453938997e-01 -6.850541917075799736e-01 5.064289999999999070e-01
7.021151377100789404e-01 -5.634261105081630472e-01 4.354139999999999677e-01
-5.126640004431548547e-01 -5.122360004427850555e-01 6.890500000000000513e-01
-9.115098906594540362e-02 -9.020098917990312382e-01 4.219829999999999415e-01
-2.028592677422834945e-01 7.830433134293680875e-02 9.760720000000000507e-01
8.544520714332096700e-01 -3.503860292926889164e-01 3.835899999999999865e-01
-7.383581328526791498e-01 -6.592531186193246739e-01 -1.421709999999998808e-01
-8.232269711718882554e-01 -4.535299841180945313e-01 3.414790000000000325e-01
5.501801870035561981e-01 8.152482770989043503e-01 1.807539999999999425e-01
1.705349009153460660e-01 4.217597549479952246e-01 8.905260000000000398e-01
-3.171288961002644013e-01 4.948358378788138556e-01 8.090530000000000221e-01
9.227684885222378064e-01 5.912503130134259821e-02 3.807920000000000749e-01
4.929390729949430505e-01 -7.304811081704207787e-01 -4.726610000000001643e-01
5.425771361698644712e-01 -5.746251442129105547e-01 6.127120000000000344e-01
3.438061919606515415e-01 -8.700154857641992923e-01 3.533700000000000729e-01
5.390029550407700043e-01 -3.695259691771577426e-01 7.569190000000000085e-01
6.926312402484323671e-01 4.868511688708555551e-01 5.322010000000001462e-01
9.852093115575383253e-01 -1.704270538949771707e-01 -1.781099999999994493e-02
6.896030440001379436e-01 4.910270313299909262e-01 -5.322970000000000201e-01
-3.207349240085771713e-01 -8.260648042812452907e-01 4.634070000000000134e-01
2.115100539914569616e-02 8.101702068094118747e-01 5.858130000000000281e-01
7.726574382437246813e-01 -5.917515697703259470e-01 -2.298489999999999700e-01
-2.869598482588011090e-01 9.539374955683866952e-01 -8.750600000000006984e-02
-4.365422149371461225e-01 -8.992754427697725594e-01 2.710300000000002985e-02
8.237199498075031823e-02 -9.232059437454307460e-01 -3.753739999999999299e-01
6.671508474695040380e-01 2.735529374576748385e-01 6.928769999999999651e-01
1.381478927949272573e-01 -8.479353419880087950e-01 5.117819999999998481e-01
-5.135941103752714731e-01 -8.105471741927384732e-01 2.814860000000001250e-01
2.256298840078629075e-01 -8.198205785454512062e-01 -5.262940000000000396e-01
-8.332102179036364742e-01 -2.554790668136522336e-01 4.903990000000000293e-01
5.350243565478525198e-01 4.605413069112870850e-01 7.082730000000000414e-01
8.494249715052374361e-01 -1.465879950825673128e-01 5.069409999999998639e-01
8.163178567617703774e-01 -5.776018986489482865e-01 -1.096999999999999234e-03
-6.841356069527736450e-01 -2.852092530325060493e-01 6.712780000000000413e-01
-6.639998688342177435e-02 -9.771618069725613864e-01 -2.018560000000000076e-01
3.512520242338453280e-01 -7.366910508263461166e-01 5.778480000000000283e-01
6.380359660336302197e-01 6.753569640468161106e-01 3.698689999999999478e-01
4.388189663314499556e-01 1.032919920748830989e-01 8.926190000000000513e-01
-5.457407143504972025e-01 5.325187212711015583e-01 6.469859999999999500e-01
2.636092132426486323e-01 7.541456100545781416e-01 6.014770000000000394e-01
-9.059788001471774654e-01 -4.044189107879116452e-01 1.250910000000000077e-01
4.917859073720141083e-01 6.568248762868872381e-01 5.716010000000000257e-01
2.814468392450137357e-01 -7.195770322898971394e-02 9.568750000000000311e-01
-2.302717362233816858e-02 2.581439463767582487e-01 9.658320000000000238e-01
3.602328516438250139e-01 -8.731876403915471707e-01 -3.282920000000000282e-01
-1.139416927622769748e-01 -1.466113179480592055e-01 9.826099999999999834e-01
7.175777720849801922e-01 -3.713863995969107767e-01 5.891979999999999995e-01
-8.830796176576803658e-02 -7.790886626820954231e-01 6.206629999999999647e-01
-8.392664022284649361e-01 3.892261865413069732e-01 3.796510000000000717e-01
-7.810352484422177222e-01 -4.827801535692178431e-02 6.226180000000000048e-01
5.936522249047683220e-01 -7.610532883245549884e-01 -2.614859999999999962e-01
6.281281020646429791e-01 6.345801031130296477e-02 7.755180000000000407e-01
4.203779750570507678e-01 8.129089517663915521e-01 4.030650000000001176e-01
-6.021220347503266623e-01 -7.107700410207404285e-02 7.952339999999999964e-01
1.019269264729676383e-01 6.359555412407177366e-01 7.649650000000000061e-01
-2.723442149885078045e-01 2.948392327460736539e-01 9.159140000000000059e-01
-3.089379115500869299e-01 -9.205207364519665258e-01 2.391630000000000700e-01
2.112679750808972301e-01 -9.630748864051110747e-01 -1.668909999999999560e-01
5.512506887644433307e-02 2.054816189753184974e-02 9.982680000000000442e-01
-8.371483377400670278e-01 1.761550710682000531e-01 5.178340000000001275e-01
-2.855137410872746195e-01 -2.947977326682629240e-01 9.119080000000000519e-01
4.928230564947974623e-01 -8.560220981301391863e-01 1.560500000000000498e-01
3.268276095496796541e-01 5.638243264174064295e-01 7.584760000000000391e-01
6.522388195373239883e-01 -7.573577904528071558e-01 -3.152299999999992608e-02
8.098594064656918778e-01 4.869902444187534374e-01 3.270600000000000729e-01
2.087860614448986962e-01 9.779492878065442207e-01 4.855000000000073666e-03
-6.729797819013131344e-01 1.546309498873398025e-01 7.233169999999999877e-01
-9.891491141203199167e-01 -2.574900297071922028e-02 1.446409999999999085e-01
-9.747699879326213734e-01 -2.229909972394341633e-01 -9.924000000000090735e-03
7.976337660941067442e-01 7.144197904965833568e-02 5.988959999999999839e-01
-9.137010443934034942e-01 -2.254800109552519000e-02 4.057609999999999273e-01
1.426470778817630902e-01 -6.927963782496227019e-01 7.068839999999999568e-01
4.134601793955242077e-01 3.269361418537587993e-01 8.498019999999999463e-01
6.953556897876428389e-01 -1.590539290427978592e-01 7.008440000000000225e-01
9.103437913083458621e-01 -3.893349107469646353e-01 -1.403299999999999548e-01
8.279923082317962590e-01 2.834161055056362843e-01 4.838430000000000786e-01
-9.371888560593447659e-01 -2.204769661374557377e-01 2.703089999999999660e-01
-9.430194284003168281e-01 1.854120842300734096e-01 2.762909999999998978e-01
-1.280378787519619588e-01 6.710953644927805106e-01 7.302309999999999635e-01
8.183573467921804179e-01 -5.270772233575103938e-01 2.290870000000000406e-01
-1.761900602859081399e-01 -8.939443058756222360e-01 -4.120930000000000426e-01
-6.868479605062887128e-01 -6.528579624607114829e-01 3.193999999999999617e-01
1.364370848330890562e-01 -9.498995906232661213e-01 2.812039999999999540e-01
9.301163997103781833e-01 2.645331136810736283e-01 2.547659999999999370e-01
-6.725696875953734999e-01 7.105956699325303161e-01 -2.066490000000000271e-01
