-3.423908980462754825e-01 -5.503648361178835602e-01 7.614900000000000002e-01
8.536683233747403010e-01 -3.468007251225981857e-01 3.885609999999999897e-01
8.366825217993527630e-01 -2.204688739923979512e-01 5.013539999999998553e-01
-6.726281456064470143e-01 7.263111572274187910e-01 1.415749999999999786e-01
2.715110681644800072e-01 -5.119641285316609558e-01 8.149690000000000545e-01
-2.358840197901158342e-01 6.148220515821275489e-01 7.525640000000000107e-01
1.256114225998315459e-01 -3.021976108830883856e-01 9.449330000000000229e-01
-1.588699936948539115e-01 -9.752249612958012737e-01 1.539369999999999072e-01
5.962481725177114500e-01 2.553400738797823727e-02 8.023940000000000516e-01
-2.579489089012594327e-01 9.529156634627483635e-01 1.594179999999999209e-01
8.299536886270331149e-01 4.713448231659935206e-01 2.983470000000000288e-01
9.736496014365105811e-01 -1.337029452686958886e-01 1.847430000000000461e-01
-4.016922958775212549e-01 -8.450556224489875756e-01 3.528800000000000825e-01
5.034694060951866446e-01 -1.101030888084436749e-01 8.569689999999999808e-01
-2.954237775306264857e-01 3.381837453301606566e-01 8.935079999999999689e-01
-3.827032810400649576e-01 6.309084633107794327e-01 6.749020000000000019e-01
-7.239725259132940849e-01 -3.502242544124048451e-01 5.943119999999999514e-01
-5.226000631810538977e-01 6.305600762331520226e-01 5.738320000000000087e-01
3.506808352446789678e-01 8.297806101561389092e-01 4.341510000000001201e-01
-4.653097616973304873e-02 -6.471186685861348709e-01 7.609679999999999778e-01
-3.738476892331289436e-01 -2.642027803772131200e-01 8.890639999999999654e-01
4.904696680822580035e-01 8.017294574420223974e-01 3.415690000000000115e-01
9.036730704249047452e-01 -4.174140325298434373e-01 9.560599999999994103e-02
-8.096418347237128721e-01 -5.867548802227554594e-01 1.410000000000010377e-02
5.327661879843984538e-01 8.024272831332273093e-01 -2.688320000000000709e-01
1.968510483175445747e-01 9.079362228550438285e-01 3.700019999999998865e-01
-8.338402524612087419e-02 5.814511760455508549e-01 8.092970000000000441e-01
-6.242766416075917757e-01 7.032715962571973733e-01 -3.401289999999999036e-01
5.333214026966486276e-01 -2.822906838432310273e-01 7.974210000000000464e-01
-9.342639346017671542e-01 2.837329801387652450e-01 2.159780000000000033e-01
-5.246505792551202640e-01 -2.523007976667271390e-01 8.130720000000000169e-01
3.473646935506648492e-01 7.403133468866091027e-01 5.755639999999999645e-01
9.215500044485723796e-01 -2.004280009675204477e-01 3.325269999999999060e-01
5.320252952244443057e-01 -5.866323255262557712e-01 6.105829999999999869e-01
8.371368784645293326e-01 3.033049559662087113e-01 -4.552010000000001888e-01
4.902311402568526599e-01 7.201752060446583448e-01 4.909389999999999588e-01
-7.905596663010835412e-01 -1.974089166727768241e-01 5.796940000000000426e-01
6.564691656102612516e-01 -4.757051200081487408e-01 5.854510000000000547e-01
9.928361271406832556e-01 1.188100152145818295e-01 1.267299999999992564e-02
-8.591239460546913342e-01 -4.012069748077863318e-01 3.177090000000000747e-01
6.325602358421931193e-01 3.212551197759639932e-01 7.047430000000000083e-01
-5.347420207562453287e-01 -7.314370283910482939e-01 4.231439999999999646e-01
-7.543221863915350323e-01 6.761701670803224595e-02 6.530129999999999546e-01
3.054200382587160534e-02 9.984591250728797052e-01 -4.633100000000003882e-02
6.335697483997757562e-01 -1.503109403092297847e-01 7.589439999999999520e-01
-2.957000877843736220e-01 -4.148591231590715300e-01 8.604960000000000386e-01
6.197210034120426148e-01 6.798820037432753427e-01 3.920540000000000136e-01
-9.730503256676047430e-01 -1.830060612498078110e-01 1.402920000000000833e-01
-7.624736896020850585e-01 6.470147366046491433e-01 2.409000000000045653e-03
1.539686273651501847e-01 3.947840445437120205e-01 9.057809999999999473e-01
-1.150360345866991429e-01 9.100082736028106689e-01 3.983110000000000261e-01
9.263946823728759217e-01 3.425438825541312626e-01 -1.563860000000000250e-01
4.008980625620585103e-01 -9.129511424703885547e-01 -7.616400000000006498e-02
4.401395280201758631e-02 2.800016997425940346e-01 9.589900000000000091e-01
-7.781658250045597747e-01 5.374408791392526474e-01 3.249850000000000794e-01
9.929710701459590894e-01 5.445000384648440890e-03 -1.182319999999999066e-01
3.158620952582841812e-01 -8.825022661466919160e-01 3.484550000000000702e-01
-3.051069750039198114e-01 -9.496539221990069057e-01 7.118400000000001115e-02
-4.470244542139673039e-01 -4.055754120982985600e-01 7.972939999999999472e-01
5.458029456636868115e-01 -8.305899173122933687e-01 -1.105419999999999459e-01
7.543382194888064163e-01 2.844467056839597996e-01 5.916620000000000212e-01
9.644062321699465867e-01 -1.020150245589690474e-01 -2.439540000000000874e-01
7.625968762541317503e-01 -4.801379220884771093e-01 4.334899999999999864e-01
2.919666185713851725e-01 9.472652513415319442e-02 9.517259999999999609e-01
1.970969262807445166e-01 8.341666880004756646e-01 5.150909999999998545e-01
-6.638246078798439864e-01 -2.360138605869820938e-01 7.096719999999999695e-01
8.909581673835640370e-01 1.443250271142218766e-01 -4.305390000000001716e-01
3.967704511230047970e-01 -2.362516731785138657e-01 8.869939999999999491e-01
-3.454159285503088928e-01 4.940268978099551789e-01 7.978880000000000416e-01
1.189500444655415268e-01 -5.969252231407596865e-01 7.934299999999999686e-01
0.000000000000000000e+00 0.000000000000000000e+00 1.000000000000000000e+00
2.622183038803703736e-01 4.996045789833213346e-01 8.256130000000000413e-01
-9.089298344841605370e-01 2.064409624071651961e-01 3.622549999999999382e-01
-8.960175168629792575e-01 -4.439912561140148539e-01 4.936999999999916282e-03
-1.350622432024648489e-01 -4.129747436310338693e-01 9.006720000000000281e-01
-2.807837545404107127e-01 -1.193213206480318728e-01 9.523249999999999771e-01
-2.664849610977886307e-01 9.088298673265035044e-01 3.209580000000000766e-01
-7.526463301387090743e-01 4.598172016929482631e-01 4.712660000000000182e-01
-8.596771669618437084e-01 3.850820747885549400e-01 3.356589999999999852e-01
-1.164440335313912250e-01 7.198632072928440317e-01 6.842789999999999706e-01
7.533695838461632044e-02 5.320717060889017525e-01 8.433410000000000073e-01
7.266388402489194487e-01 6.746588516766864885e-01 1.297360000000000735e-01
9.526637771425539025e-01 -1.398599672824391363e-02 3.037039999999999740e-01
-4.412895595588708364e-01 -1.085678916408427536e-01 8.907730000000000370e-01
2.783236499408187625e-01 -3.557548307579540547e-01 8.921740000000000226e-01
8.352456471466426224e-01 3.982403085557877087e-02 -5.484330000000000593e-01
-5.333510553526510378e-01 2.129680221024117526e-01 8.186459999999999848e-01
-8.261140825005867105e-01 3.067120306300580856e-01 4.727190000000000003e-01
-7.728726344920292535e-01 -5.441347426670621878e-01 3.264740000000000975e-01
-2.358295576837022289e-01 1.728596757885119128e-01 9.562969999999999526e-01
6.490930044515078601e-01 -5.993510041103751185e-01 4.684619999999999340e-01
4.358741128787302910e-01 -8.707032254868359855e-01 2.277930000000001065e-01
-7.046008935409662222e-01 3.677569444351416750e-01 6.068710000000000493e-01
6.330020684036775647e-01 4.968460536903416269e-01 -5.936770000000001213e-01
-4.136290232257776034e-01 8.798900494069070710e-01 2.338899999999999868e-01
3.774321313896363272e-01 -9.221273210059858227e-01 8.500699999999991596e-02
-8.575688909701918439e-01 5.133339347356214999e-01 3.261699999999996546e-02
-7.593675145092747547e-01 -4.535987099981726445e-01 4.664860000000001228e-01
-2.422800010015991601e-01 -7.783970032179370335e-01 5.791359999999999841e-01
-2.626292180402209908e-01 7.410366152239591386e-01 6.179729999999999945e-01
8.560126867361235181e-01 2.389729125461781678e-01 4.584039999999999226e-01
-2.629980556006971115e-01 9.441681996075977912e-01 -1.984400000000000885e-01
-2.828000159420352433e-01 -9.243880521097103120e-01 2.559900000000001064e-01
8.963426809307428744e-01 3.176868869136534879e-01 3.092650000000000676e-01
-4.444521305829518543e-01 3.600771057930159391e-01 8.202479999999999771e-01
7.447579436776142758e-01 -1.877029858049450162e-01 6.403929999999999900e-01
-6.555174220017076503e-02 1.539487430624961739e-01 9.859019999999999451e-01
6.841725844190980066e-01 1.598449029068243210e-01 7.115879999999999983e-01
-4.948097933006048721e-01 5.102497868507781947e-02 8.675019999999999953e-01
6.981899613675425220e-01 7.155299604080805898e-01 -2.340199999999999572e-02
-6.599548998150821522e-01 2.196039666628653020e-01 7.184939999999999660e-01
9.198838220404097488e-01 -2.184699577350712740e-02 -3.915820000000000967e-01
-1.165910434440517174e-01 8.283243086494729290e-01 5.479829999999999979e-01
4.927390761168887190e-01 3.479390537486055646e-01 7.975879999999999637e-01
4.234198607506958201e-01 8.895097074685927030e-01 -1.717210000000000403e-01
1.587101119935592497e-02 5.081573585804988191e-01 -8.611180000000001611e-01
-1.104759868927505523e-01 9.652018854851418528e-01 2.370239999999999292e-01
-9.361002935365131047e-03 -9.725413049634673568e-01 2.325420000000000542e-01
-3.581688346878963425e-01 7.971146320933486518e-01 -4.861309999999998688e-01
-1.053848540233663228e-01 -1.450905525610598490e-01 9.837900000000000533e-01
-6.218982094753922052e-01 5.050661701225901412e-01 5.984570000000000167e-01
-3.131314150207342023e-02 -3.064393847798796977e-01 9.513749999999999707e-01
-6.761479092036734029e-01 6.715589098199061802e-01 3.030389999999999473e-01
-3.916466959127319347e-01 1.984683391491951776e-01 8.984560000000000324e-01
8.153325488733217385e-01 -4.627203114984613369e-02 5.771410000000000151e-01
-2.432240621753185839e-01 1.858390475059986668e-01 -9.520009999999999861e-01
1.256938363765235100e-01 -4.479974168139272406e-01 8.851550000000000251e-01
-3.943019773009569517e-01 -7.665729558701869228e-01 5.068449999999999900e-01
-6.909828463145930577e-01 -4.387789024086999334e-01 -5.744700000000000362e-01
2.416769313359333760e-01 -9.703057243214875394e-01 9.953000000000005246e-03
8.312734910518068121e-01 5.369193171702257850e-01 1.438820000000001209e-01
-1.346469791855051390e-01 -9.324078558630971569e-01 3.353890000000001037e-01
3.974100989301273396e-02 8.850172203136407179e-01 4.638590000000000768e-01
9.973160940051833956e-01 -6.466300609501619834e-02 3.434100000000002428e-02
-3.421611014906469350e-01 3.640011717985599388e-02 9.389359999999999928e-01
-4.923587080215787726e-01 -5.332876837498891076e-01 6.878859999999999975e-01
6.385385702939007369e-02 -1.530456573264013520e-01 9.861539999999999750e-01
-5.546000647157494079e-01 7.863930917634555096e-01 2.720379999999999465e-01
-5.813428572947376693e-01 3.698389092137145395e-01 7.247479999999999478e-01
6.161331887416183761e-01 7.503112298447126571e-01 2.396099999999998786e-01
1.934099793314515356e-02 -9.129209024416902185e-01 4.076779999999999848e-01
7.959382909867160905e-01 1.225440448008213307e-01 5.928449999999999553e-01
-1.778919774004233956e-01 -9.835418750498461371e-01 -3.162000000000007166e-02
9.591961217313813570e-01 8.005001015913022766e-02 -2.711729999999999419e-01
1.431730075810004887e-01 -9.411600498343577481e-01 3.061360000000000747e-01
1.917478064417122152e-01 7.392602537596565382e-01 6.455440000000000067e-01
1.146462967922652759e-01 1.276801031594970159e-01 9.851670000000000149e-01
8.868533603131429910e-01 8.073403280083765732e-02 4.549429999999999308e-01
-7.703314958577048843e-01 2.196821414080599166e-01 5.986059999999999715e-01
-2.592098452078870352e-01 -8.648294835505454525e-01 4.299770000000000536e-01
2.267327474384005781e-01 2.489007227451026094e-01 9.416160000000000085e-01
-1.928219514715341643e-01 4.670088824655365123e-01 8.629729999999999901e-01
-5.216241330763655704e-01 -6.412201635876167982e-01 5.628009999999999957e-01
-7.752494195642452290e-02 -7.630544286947380517e-01 6.416680000000000161e-01
9.611111676166075313e-01 2.247690391994444370e-01 1.604500000000000370e-01
3.653598433308453269e-02 7.951866590177506522e-01 6.052629999999999955e-01
2.567297823192331574e-01 -6.531464461981854042e-01 7.123829999999999885e-01
1.906788970574661846e-01 9.587954823714743835e-01 2.106009999999999827e-01
-4.155219511404655841e-01 8.232889031928102286e-01 3.866999999999999327e-01
-6.497378469849329763e-01 7.596448211015355279e-01 -2.793699999999989594e-02
7.810010893978740487e-01 -6.011600688122372693e-01 -1.692450000000000898e-01
-7.642000609011208034e-01 -6.208950494807662368e-01 1.746070000000000955e-01
4.818499149680403604e-01 -7.972368593117683533e-01 3.636400000000000743e-01
4.305398188418502886e-02 9.893305837195756069e-01 1.391810000000001102e-01
5.867496997706133505e-02 -8.291435757419766128e-01 5.559479999999999977e-01
-5.549229695041963950e-01 -8.278669545045536093e-01 8.183399999999992069e-02
-9.669747829069892386e-01 2.470769445293934663e-01 -6.255199999999989935e-02
4.005269939385652789e-01 2.162914567095438056e-01 8.903910000000000435e-01
-3.087895768930511500e-02 4.264964156098173254e-01 9.039620000000000433e-01
-5.943756808688408499e-01 -8.000475704398469778e-01 -8.149499999999992861e-02
3.174896112693205430e-02 6.806741665902713567e-01 7.318980000000000485e-01
9.376341042121737468e-01 1.557640173121975780e-01 3.107730000000000214e-01
-4.059549447375496722e-01 7.422618989562463909e-01 5.331489999999999840e-01
4.157735947088218587e-01 -4.059176043163246761e-01 8.138570000000000526e-01
-2.150447806342281054e-01 -6.739893124679179337e-01 7.067489999999999606e-01
5.818119475016666486e-01 -7.876379289294783703e-01 2.027839999999999365e-01
-9.093094999186516203e-01 -3.864182124443564792e-01 -1.543930000000000302e-01
-8.567442744446499558e-01 1.219590390676737746e-01 5.011139999999999484e-01
7.252856993187563051e-01 5.387157766649336432e-01 4.286559999999998705e-01
-1.824380533289404194e-01 -5.515581612273964263e-01 8.139410000000000256e-01
-5.875162910461179111e-01 -9.712104811220466372e-02 8.033630000000000493e-01
5.427808058473505559e-01 -4.447788409026453560e-01 7.124329999999999830e-01
2.275050509720133451e-01 -7.723271730382282874e-01 5.930870000000000308e-01
4.054599342578580484e-02 9.502828459191065003e-01 3.087369999999998726e-01
-6.324091102054052449e-01 6.060701056154945560e-02 7.722599999999999465e-01
2.668288789767587210e-01 -8.390376194450439584e-01 -4.741499999999998494e-01
1.804138876834988636e-01 -2.866498215464152038e-02 9.831729999999999636e-01
-6.625062107912349507e-01 -6.742912145408983537e-01 3.262160000000000060e-01
-1.357295933878038818e-01 3.072243431350801246e-01 9.419079999999999675e-01
-9.115093689742476135e-02 7.235104991233517469e-01 -6.842690000000001271e-01
7.188098252263070975e-01 8.473897939629670972e-02 -6.900229999999999420e-01
3.356806057284559275e-01 3.633745732006806173e-01 8.690670000000000339e-01
-1.730088168125218928e-01 1.362714310232667099e-02 9.848259999999999792e-01
-8.562138044108531520e-01 -4.886518883748361408e-01 1.676819999999999977e-01
5.483418137577865670e-01 -7.194067556562289134e-01 -4.263509999999998135e-01
-1.012690000039153937e-01 9.927210000383829280e-01 6.518900000000006634e-02
-7.086208406080569677e-01 6.843458460682950717e-01 -1.718350000000000155e-01
8.468245816150052896e-01 -4.601313160268178382e-01 2.667719999999999536e-01
3.336317202897705059e-01 6.278184736494205609e-01 7.032310000000000505e-01
-8.163452580257232194e-01 5.610331773281463930e-01 -1.371939999999999271e-01
-6.566600696327405950e-01 -5.935470629401885523e-01 4.652949999999999586e-01
5.144410991913815900e-01 -7.025241354564004670e-01 4.917420000000000124e-01
6.510280416746684340e-01 7.380580472457748398e-01 -1.772929999999999784e-01
-4.891770644971818460e-01 5.071830668712432599e-01 7.095569999999999933e-01
-9.855369180533753992e-01 -5.294399559774799063e-02 -1.609780000000000100e-01
4.760301160856166836e-01 8.602932097927511457e-01 1.824580000000000368e-01
8.706192449645200337e-01 -4.543061278272713666e-01 -1.887539999999998941e-01
-9.799338250287192853e-01 1.768699684191278598e-01 9.190599999999997383e-02
3.882230586643314330e-01 -6.890991041296681274e-01 6.119029999999999747e-01
4.456521590160971713e-01 8.950793193791772850e-01 1.507199999999996216e-02
-9.334600318707846345e-01 3.531210120564815536e-01 6.291200000000009285e-02
7.360557752989578262e-01 6.158968119807489705e-01 2.808790000000000453e-01
1.162500481055694368e-01 -9.854824078036364954e-01 1.237349999999999145e-01
9.245638260261352936e-01 -3.127949411418192160e-01 2.175799999999999124e-01
5.629436157788442197e-01 4.735226768105630923e-01 6.774000000000000021e-01
-7.459655326549234911e-01 5.907076299235148875e-01 -3.075709999999999833e-01
7.157168148949315523e-01 -1.034399732474312016e-02 6.983139999999999903e-01
-3.741477144364869223e-01 -6.679274902127871893e-01 6.433400000000000230e-01
3.533640760894974919e-01 -6.544301409177218087e-02 9.331939999999999680e-01
9.213386502628226893e-01 2.463899064711868869e-01 -3.007110000000000061e-01
8.023837669001924189e-01 3.921148860870467545e-01 4.499179999999999846e-01
4.199847223491156578e-01 4.935966736844326075e-01 7.615610000000000435e-01
9.575370939459856290e-01 2.882640282821923861e-01 5.153999999999995391e-03
1.810959879851437582e-01 6.239989586006411404e-01 7.601510000000000211e-01
-6.597529491626744624e-01 5.975029539593537109e-01 4.557590000000000252e-01
5.211047155428766287e-01 -8.515605351558851455e-01 5.739800000000003927e-02
-3.242270489574979875e-01 -9.392201418199634944e-01 -1.128819999999999962e-01
5.524972266866549075e-01 1.922227309517660909e-01 8.110469999999999624e-01
7.573591391238505555e-01 -3.525070647541406199e-01 5.496779999999999999e-01
4.562646531313680476e-01 5.943495481543151909e-02 8.878570000000000073e-01
-2.110825456562014923e-01 -2.698824190926442101e-01 9.394719999999999738e-01
6.071279604504377092e-01 5.855719618546397776e-01 5.371230000000000171e-01
6.541435821756608204e-01 -3.210277949483417159e-01 6.848629999999999995e-01
4.067426728743888109e-01 -5.572605518193423091e-01 7.238930000000000087e-01
8.944561688755781059e-01 -8.129301534832611420e-02 4.397039999999999837e-01
1.895428727192116636e-01 -8.687734166060496754e-01 4.575000000000000178e-01
4.760139618095482472e-01 6.150449506551354251e-01 6.285939999999999861e-01
-5.893172834844390140e-01 -3.848941851490111365e-01 7.103249999999999842e-01
-1.069650058677123899e-01 -8.581760470764260296e-01 5.020879999999999788e-01
3.443709674773859364e-01 8.961459153674078415e-01 2.798769999999999314e-01
