-5.199486374893633744e-01 -2.273338415017761016e-01 8.233909999999999840e-01
-6.888705354973473360e-01 3.234577818937085514e-01 6.487159999999999593e-01
3.236762031550495244e-01 9.242685801162620063e-01 2.023890000000000411e-01
-3.110640687709730901e-01 -8.713821926477769431e-01 3.793840000000000545e-01
-7.759937074469154261e-01 -5.045718097741798136e-01 3.784719999999999751e-01
-4.107949801281133295e-01 -9.083519560591825082e-01 7.838500000000010737e-02
9.634559210665344375e-01 -3.715199695623244702e-02 2.652779999999999028e-01
-2.886401680304735706e-02 -9.520195542135642119e-01 3.046729999999999161e-01
-6.096630551018706878e-01 -4.491300405927590722e-01 6.531409999999999716e-01
-3.228002234345263982e-02 -5.708033950963380398e-01 8.204519999999999591e-01
0.000000000000000000e+00 -0.000000000000000000e+00 1.000000000000000000e+00
-2.314389651177964358e-02 1.720002308988337614e-01 9.848249999999999504e-01
6.622861484752973205e-01 -6.547121467773119319e-01 3.643199999999999772e-01
6.704269782395710919e-01 -7.117089768996578414e-01 -2.097569999999998880e-01
-4.895755580384565930e-01 -3.904214450185001795e-01 7.796710000000000029e-01
-2.259939484546899247e-01 6.625368488868064176e-01 7.141229999999999523e-01
-3.768637758609252320e-01 -3.040188191853363531e-01 8.749550000000000383e-01
-5.978909479523882853e-01 7.990259304431831522e-01 -6.390600000000007386e-02
2.922050263651906343e-01 -6.532270589396295124e-01 6.985059999999999603e-01
-9.799184282958304237e-01 5.689996680341201374e-02 1.911079999999999723e-01
-5.905669025416319107e-01 2.522109583788588738e-01 7.665640000000000231e-01
-4.405937229790451992e-01 2.043503353225484959e-02 8.974739999999999940e-01
-7.064263359064910652e-01 -4.699512234623178797e-01 5.292519999999999447e-01
2.031860899025287603e-01 9.453954183034321002e-01 -2.548389999999999822e-01
-7.720133971896885328e-01 -6.249253215150082363e-01 1.160330000000000805e-01
4.476298312438696525e-02 -9.982906236451416504e-01 3.757800000000001417e-02
4.108250002747246832e-01 -9.279022592519350909e-03 9.116670000000000051e-01
4.283118092619927486e-01 -6.767406986303678984e-01 5.988080000000000069e-01
7.395597121290717335e-02 -9.142706441234760284e-01 -3.982959999999998724e-01
5.398608910500906077e-01 2.085239579175548474e-01 8.155170000000000474e-01
7.690002279060711207e-04 -9.922842940799020406e-01 -1.239810000000000079e-01
2.823429654089419927e-01 -9.391368849422777609e-01 -1.957150000000000001e-01
-5.219993349967400791e-04 -6.939531159355756262e-01 7.200199999999999934e-01
-5.218920887029081523e-01 5.661410962236497202e-01 6.380540000000000100e-01
8.521104877935253841e-01 2.032791163678163704e-01 4.822710000000000052e-01
-8.330874779017601872e-01 -5.065582905878495135e-01 2.221799999999998776e-01
6.742569006966586675e-01 -5.517679187366153482e-01 4.908459999999998935e-01
-8.307290592393967721e-01 -2.161320154124019011e-01 5.130069999999999908e-01
3.212250201107002545e-01 -9.464860592559618535e-01 -3.128300000000005382e-02
-4.624277546093273350e-01 -8.137105681985308259e-01 3.521870000000000278e-01
5.890760472236536982e-01 -1.727980138524620179e-01 7.893860000000000321e-01
2.837897846845807148e-01 7.312114452192876035e-01 6.203170000000000073e-01
-9.686646095579846127e-01 -9.832796036670851669e-02 2.280799999999999772e-01
7.842151850697330895e-01 4.993391178408159159e-01 3.683299999999999907e-01
9.127897760694171636e-02 -9.756737606423734332e-01 1.993210000000001092e-01
2.287942241043675884e-01 -3.855023776002949876e-01 8.938909999999999911e-01
-6.629406870692285958e-01 -6.118247111977247465e-01 4.314859999999999252e-01
4.838410569263495442e-01 7.912640930962259178e-01 3.738969999999999794e-01
-1.226779871791469634e-01 9.626248993978251400e-01 2.414609999999998979e-01
-1.546600775344361411e-01 8.452454237397811765e-01 -5.115079999999999627e-01
8.283831176863832857e-01 3.565780506581800458e-01 4.320110000000000339e-01
-3.225951542219919199e-01 -5.987912862621576071e-01 7.330630000000000202e-01
-9.132069568957291716e-01 -3.778349821658152363e-01 1.526230000000001197e-01
-8.209477695897200444e-01 4.332068784145327589e-01 3.719899999999999873e-01
2.084220823631874886e-01 -9.742003849795959347e-01 8.656699999999992179e-02
6.531527406276668168e-01 2.777058897207038135e-01 7.044650000000000079e-01
-1.615799964329004551e-02 -8.816789805357319043e-01 4.715730000000000199e-01
-6.992628889618823784e-01 7.132148867464014330e-01 4.853800000000009496e-02
4.966860249174256392e-01 -3.078960154463296073e-01 8.114820000000000366e-01
-1.836290180519348225e-01 8.454140831097398667e-01 5.015530000000000266e-01
6.663843462879087687e-01 -4.356942264093437989e-01 6.050640000000000462e-01
-1.542400387149400753e-01 5.990001503517185938e-02 9.862159999999999815e-01
-4.361269216933140735e-01 -6.624668810539239283e-01 6.090410000000000545e-01
9.353304554096915080e-01 -1.599870778972451169e-01 -3.155329999999999524e-01
-1.639180211378899188e-01 -9.725161254098763086e-01 -1.653580000000001160e-01
2.500979553522905685e-01 9.625038281729604295e-01 -1.050589999999999025e-01
3.929900508884320853e-02 9.581971240773096143e-01 2.833970000000000100e-01
-8.633246093842539270e-01 2.745668757707774299e-01 4.234189999999999898e-01
3.343930793475557439e-01 6.025091429683530064e-01 7.246820000000000483e-01
-9.822873258690335840e-02 -2.748822516740040411e-01 9.564470000000000471e-01
1.602001122434804081e-01 -7.360435157055431610e-01 6.577049999999999841e-01
-7.571248672153664261e-01 6.099228930316631381e-01 -2.340000000000000691e-01
-7.571976062138949803e-01 5.844966960282556023e-01 2.915740000000000554e-01
-8.691570007384959995e-01 -3.712880003154720998e-01 3.266670000000000407e-01
5.733901216462166106e-01 -8.130361724877540608e-01 -1.009749999999999676e-01
3.852108052274151317e-01 -4.242017855125630454e-01 8.195519999999999472e-01
-3.473420654273106090e-01 -4.606900867781830722e-01 8.167729999999999713e-01
5.841360566474010918e-01 5.665940549462412656e-01 5.811680000000000179e-01
-4.450900518397119532e-01 7.027010818437116058e-01 5.550730000000000386e-01
6.588800927297368271e-02 5.834360821118664830e-01 8.094820000000000348e-01
-7.824597851085383915e-02 -9.856587293028348240e-01 1.495140000000000358e-01
-5.587399236119489077e-01 -8.284058867446040253e-01 3.941300000000010073e-02
3.715464710524988279e-01 4.583565811117308320e-01 8.073799999999999866e-01
3.503176225443613290e-01 -2.752034890601251504e-01 8.952879999999999727e-01
7.675794651136166324e-01 1.650558849811004647e-01 6.193370000000000264e-01
-8.078297038017221432e-01 -3.601483137703435089e-01 4.665880000000000027e-01
-7.961708998002614557e-01 4.958099376013039988e-02 6.030370000000000452e-01
-3.787367795830536288e-01 -7.783385470231173331e-01 5.007470000000000532e-01
8.668677942294261696e-01 -3.694519123022766416e-01 3.347319999999999185e-01
7.783228707370183352e-01 -4.078819322594303132e-01 4.773319999999999785e-01
9.112804362421966786e-01 2.469251182063738892e-01 3.295389999999999708e-01
2.936220266253805611e-01 -7.704550698641706719e-01 5.658490000000000464e-01
6.506297349634643234e-01 -3.621698524687116949e-02 7.585309999999999553e-01
5.542651451932446571e-01 -5.654591481255842877e-01 6.107749999999999568e-01
-1.223091230783884403e-01 -7.722147770716354387e-01 6.234779999999999767e-01
-2.904481310981914532e-01 -9.556864313636391772e-01 -4.799299999999993849e-02
1.327120091835934657e-01 7.935760549149991627e-01 5.938219999999999610e-01
-6.664806778959192490e-02 -4.311424385268908810e-01 8.998190000000000355e-01
3.438508930732188107e-01 8.684907299267793368e-01 3.570580000000000420e-01
-7.947827505600130182e-01 2.184279314471025135e-01 5.662239999999999496e-01
8.571048498837738894e-01 -2.522359558225463205e-01 4.491639999999999522e-01
2.429500053136661175e-01 -9.352930204562041050e-01 2.572980000000000822e-01
8.812414691567620195e-02 4.395047327178449037e-01 8.939070000000000071e-01
-9.077797477366972290e-01 4.138788849870193576e-01 -6.811899999999990185e-02
-4.994690692384006758e-01 7.611161055089595839e-01 4.138030000000000319e-01
3.971179047998757983e-01 3.077649262202513114e-01 8.646260000000000057e-01
1.519689521580657177e-01 -6.245598033799099058e-02 9.864100000000000090e-01
2.562900019557040263e-02 -8.021480061210496393e-01 5.965749999999999664e-01
2.443488442553259365e-01 3.779337591100939697e-01 8.930059999999999665e-01
3.010077529332544355e-01 -1.244143112068420848e-01 9.454709999999999503e-01
9.645224322408563200e-01 -2.628821178079305820e-01 2.427899999999993952e-02
-6.021529321697332016e-01 -7.309729176586452493e-01 3.210770000000000568e-01
1.969969251555917233e-01 9.258496482449201093e-01 3.224819999999999354e-01
-6.628099797372050128e-01 -1.629102408069112995e-01 7.308510000000000284e-01
-9.350060014512842077e-01 -5.115000007939479558e-03 3.545949999999999935e-01
-1.942710717878034787e-01 -5.226291931239759325e-01 8.301309999999999523e-01
-7.983075982688617733e-01 -6.003866978683003452e-01 -4.733699999999991387e-02
-6.201721752549010924e-01 -3.100960876302764624e-01 7.205740000000000478e-01
8.538437543460880574e-01 -4.769908627680171098e-01 2.084000000000001129e-01
6.540963123800414003e-01 -4.818062300986066249e-01 -5.831129999999998814e-01
-7.034032902210817229e-01 1.587778397830022781e-01 6.928299999999999459e-01
-5.883811966115217729e-01 6.307162107580505106e-01 5.059690000000000021e-01
5.300370313571319825e-01 -7.736020457665030436e-01 3.472759999999999736e-01
-7.711228769284947937e-01 -1.213239806366465667e-01 6.250200000000000200e-01
4.631452965832202340e-01 -1.495080957401334065e-01 8.735810000000000519e-01
7.591800186104344927e-01 -2.898040071042156107e-01 5.828029999999999600e-01
-9.276539919482711394e-01 3.580579968921752676e-01 1.060780000000000750e-01
8.242522229727786698e-01 -1.271320343911513662e-01 5.517659999999999787e-01
-9.061068235215432587e-01 -1.795679650263339033e-01 3.830479999999999996e-01
-2.320030977229299296e-01 5.384172267888208685e-01 8.101120000000000543e-01
6.623646934020253063e-01 6.077267186930660481e-01 4.381109999999999727e-01
1.190260331414790818e-01 -9.222032567772701084e-01 3.679320000000000368e-01
-3.657650709844189052e-01 -9.017611750057566988e-01 2.303099999999999592e-01
-7.309802022726850090e-01 -3.060960847011680031e-01 6.098959999999999937e-01
2.373160567346706273e-01 8.437602017160483747e-01 4.814039999999999986e-01
4.727928667380321137e-01 8.513167600468307672e-01 2.274350000000000260e-01
6.046504374483341326e-01 7.419745367986277929e-01 2.896059999999999190e-01
6.375672876804717726e-01 -3.093041395629332335e-01 7.055770000000000097e-01
-5.173531596776986818e-01 -8.324882569421033773e-01 1.982649999999999413e-01
-1.747884355921063004e-01 2.248852738248196814e-01 9.585799999999999876e-01
9.297211227354861274e-01 -2.024320267237052218e-01 3.076360000000000205e-01
-1.832142659535410945e-01 3.841065575684763367e-01 9.049279999999999546e-01
9.420136289400127261e-01 2.905238855623889505e-01 1.679469999999999852e-01
-3.254006275856795583e-01 4.202405190433758930e-01 8.470609999999999529e-01
-7.265729100928717266e-01 -6.297399220751181970e-01 2.748079999999998857e-01
-4.171301720929680434e-01 7.830833230721304661e-01 -4.612840000000001939e-01
8.674543860538740381e-01 4.946662201473803755e-01 -5.318099999999997135e-02
5.519310024866023179e-01 -6.776010030527804817e-01 4.860340000000001326e-01
-3.488462308730581052e-01 8.194985423596927721e-01 4.546739999999999671e-01
-3.516409871810942389e-02 3.355159419123672215e-01 9.413780000000000481e-01
7.629651675721434989e-01 2.438000535464780218e-03 6.464349999999999818e-01
4.128052783324693831e-01 1.503821013945892404e-01 8.983189999999999786e-01
7.196713596190887907e-01 -1.633658546331274164e-01 6.748220000000000329e-01
5.402649418460557795e-01 6.927359254341282080e-01 4.777349999999999097e-01
7.065020158306450915e-01 6.917960155011264600e-01 1.492419999999999303e-01
9.767226113370549578e-01 -1.547799384090979280e-01 1.485130000000000339e-01
-2.832131471351377328e-01 -4.701319042365517675e-02 9.579039999999999777e-01
9.227921237645775321e-01 8.486901138260402599e-02 3.758349999999999191e-01
-8.279000360269861414e-02 6.298940274105360171e-01 7.722560000000000535e-01
4.846799529784183158e-01 5.184269497044285968e-01 7.044989999999999863e-01
9.301287091231645876e-01 -3.137039018961597647e-01 1.909200000000000619e-01
6.518352727738202512e-01 7.402503097729034032e-01 -1.647430000000000838e-01
-3.720932388970766835e-01 6.261994020422593232e-01 6.851429999999999465e-01
3.581580650945539457e-01 -9.230741677669921375e-01 1.402029999999999110e-01
-2.250732114295506403e-01 -3.725613499771397441e-01 9.002999999999999892e-01
-7.154431235010767498e-01 5.400160932185478213e-01 4.433099999999998708e-01
5.408831614853404357e-01 3.464301034297000148e-02 8.403840000000000199e-01
-6.903485962054022318e-01 -2.661002298119989617e-03 7.234720000000000040e-01
-5.659212594495630633e-01 4.171861912611926071e-01 7.111180000000000279e-01
-9.967817422173584907e-01 -5.140698670538567522e-02 6.150999999999993972e-02
3.951948479250572688e-01 -8.660346667411709110e-01 -3.062760000000001037e-01
-7.183381709681138094e-01 6.883261638251045866e-01 -1.009819999999999052e-01
-9.660943978623125483e-01 2.101330865381642599e-01 1.500189999999999579e-01
-4.716856746518491850e-01 -5.326376326098540837e-01 7.027160000000000073e-01
-8.165478841689087774e-01 5.733159186724873235e-01 -6.751600000000000656e-02
7.771184702107739595e-01 -5.157313120533467687e-01 3.607049999999999423e-01
-1.636971214464464364e-01 -6.549384858970707102e-01 7.377390000000000336e-01
9.940189116839173167e-01 -1.074159904563591339e-01 -1.970299999999991503e-02
1.852770397295621929e-01 -2.346370503139908748e-01 9.542629999999999724e-01
-2.835778073268616639e-01 -7.217585096108596332e-01 6.313860000000000028e-01
-5.781901859070798233e-01 -5.842281878484951729e-01 5.695379999999999887e-01
-7.097604738067569974e-02 4.939633297495027442e-01 8.665810000000000457e-01
-3.101419506068489595e-01 1.132063469853999416e-01 9.439260000000000428e-01
-5.399677774234559191e-01 7.998636702934901477e-01 2.620170000000001109e-01
4.185297444276482315e-01 -5.546766612904561189e-01 7.191429999999999767e-01
1.776490709914026744e-01 6.673792666954013741e-01 7.232189999999999452e-01
5.008497623383396657e-01 -8.451105989807656815e-01 1.869160000000000543e-01
2.919776918772338387e-02 -1.724696366044194962e-01 9.845819999999999572e-01
2.782370487746199106e-01 -8.671461520096769293e-01 4.130880000000000662e-01
9.055782905017096818e-01 -8.231302640530935300e-02 4.161159999999999304e-01
1.264029657447309773e-01 1.135900705824953033e-01 9.854540000000000521e-01
-8.541893765324281018e-01 4.710002076200623389e-01 2.202709999999999391e-01
-4.601494670657089725e-01 1.801617913408502802e-01 8.693699999999999761e-01
-8.885013126051446442e-01 -4.467991571992219746e-01 -1.045749999999999319e-01
-8.777240461862491072e-01 1.120550058963868389e-01 4.658799999999999608e-01
5.200603770151037697e-01 3.684842671307800854e-01 7.705560000000000187e-01
2.659900134782056114e-02 7.217160365706851710e-01 6.916780000000000150e-01
4.417138028350263701e-01 6.560497071632754862e-01 6.119539999999999980e-01
-8.753811698787340445e-01 -4.008130777828225466e-01 -2.702900000000000857e-01
8.739299685841643572e-02 8.936139678765685490e-01 4.402460000000000262e-01
3.938758623543713866e-01 -8.674916968424540853e-01 3.038419999999999455e-01
-1.227110063788538069e-01 7.597660394947177709e-01 6.385119999999999685e-01
6.181306310614503169e-02 -3.369033439511037731e-01 9.395080000000000098e-01
7.160312214379410678e-01 4.690051450433034841e-01 5.170430000000001414e-01
-5.593927391890808343e-01 -6.917796774650783465e-02 8.260110000000000507e-01
-5.829423409466432116e-01 9.156189648345816612e-02 8.073380000000000001e-01
8.126696279812880563e-01 5.465517498030307841e-01 2.021119999999999306e-01
-2.152201334733745697e-01 -8.283625137267516259e-01 5.171999999999998820e-01
4.655428665359909179e-01 -8.848317463322915577e-01 1.851000000000000215e-02
4.462761248955475213e-01 8.917282495604890169e-01 7.522200000000002496e-02
-2.905259306363696115e-01 7.530168202157713209e-01 5.903899999999999704e-01
5.356800366916538714e-01 -4.409660302041739088e-01 7.201359999999999983e-01
6.873618585132130754e-01 7.262738505035559733e-01 -7.743999999999920218e-03
2.662718833581543265e-01 2.179759045144703256e-01 9.389279999999999848e-01
2.632800553766736495e-01 -5.273051109100457268e-01 8.078570000000000473e-01
1.006210722379664718e-01 -4.837533472966176751e-01 8.694009999999999794e-01
-8.649211147462810834e-01 4.983490661143555878e-01 5.966300000000001463e-02
3.852258959965538798e-01 7.730407912941285042e-01 5.039929999999999133e-01
9.667194824388277707e-01 1.280419314490569838e-01 2.214919999999999944e-01
8.536840778377242644e-01 4.165100379768046923e-02 5.191230000000001121e-01
-9.082017135310643807e-01 3.191538993310885086e-01 2.707590000000000274e-01
-9.723421800830668316e-01 -2.122390393078259774e-01 9.749500000000002609e-02
1.159631065876532002e-01 2.794152568249280155e-01 9.531420000000000448e-01
2.195070495846488390e-01 5.272031190903962994e-01 8.208980000000000166e-01
-8.668816748701202446e-01 -5.354497991759050307e-02 4.956300000000000705e-01
-2.547963149992360510e-01 -2.115124313647076537e-01 9.435789999999999456e-01
-9.423941787070420073e-01 -3.344660634250954390e-01 -5.065999999999953353e-03
-4.225966605966769429e-01 4.989825992482473382e-01 7.565899999999999848e-01
-1.238190417751363070e-01 -9.922763347827494584e-01 -7.517999999999913641e-03
-9.342252929355305824e-01 -2.531550793792655130e-01 2.512679999999999914e-01
-6.309631386522578378e-01 7.419011630305560878e-01 -2.268660000000000398e-01
1.341340290013408321e-01 -6.175471335208895240e-01 7.750120000000000342e-01
1.643179582082219259e-01 -9.832127499347641519e-01 -7.932399999999992235e-02
-1.499059562062458606e-01 -9.041567358582752734e-01 4.000360000000000027e-01
-6.367268761929169019e-01 6.803978677013985399e-01 3.628189999999999471e-01
5.880549098181248047e-01 7.994908773931050927e-01 1.224979999999999264e-01
2.715126285361239566e-01 5.275373353047976832e-02 9.609879999999999534e-01
-1.818500957848316266e-02 8.370644409020314702e-01 5.468020000000000103e-01
-4.076412476877953606e-01 -1.393874266300136056e-01 9.024410000000000487e-01
9.945110732519224506e-01 7.044000518834423255e-03 1.043940000000001117e-01
-1.272089194671464918e-01 -1.089692177819089475e-01 9.858719999999999706e-01
-7.824719233709073185e-01 6.096639402943501151e-01 1.266790000000000693e-01
7.153437081055294966e-01 6.327507418074126422e-01 2.964959999999999818e-01
-4.646322362901044167e-01 3.382701720283011193e-01 8.183460000000000178e-01
2.375010715986496379e-01 -9.046802727309207759e-01 -3.537609999999999921e-01
-7.674447689783038262e-01 3.811358852677584896e-01 5.155229999999999535e-01
-3.251131633430975887e-01 2.697111355080547002e-01 9.063980000000000370e-01
-9.834880043813375439e-01 -1.701720007580986571e-01 -6.158600000000005042e-02
-5.271638406481286010e-01 -7.084217858572070536e-01 4.692940000000000444e-01
6.612022688567900097e-01 1.221230496574386704e-01 7.402009999999999978e-01
6.263323079021040352e-01 4.267245284689220042e-01 6.523910000000000542e-01
7.517557683432334326e-01 3.211169010464487439e-01 5.759750000000000147e-01
4.344659204234352368e-01 -8.885158372598752630e-01 -1.475770000000000137e-01
