-5.901549474412870477e-01 9.692799136767288326e-02 8.014499999999999957e-01
-9.249587478540197694e-01 3.800508963972112353e-01 3.554000000000008541e-03
1.013690398253315889e-01 -9.854193871463511334e-01 -1.366490000000000482e-01
7.588838442079873792e-01 -5.503028870277777429e-01 -3.482270000000000088e-01
5.013156953733832744e-01 8.591994779037791241e-02 8.609879999999999756e-01
7.019720324413337709e-01 4.102090189576323431e-01 5.822060000000000013e-01
9.221567019423180245e-01 -8.203297348546306766e-02 3.780180000000000207e-01
3.080749799937998468e-01 -8.931529419991963703e-01 -3.276700000000000723e-01
-5.265082229672234382e-01 5.702472414899493192e-01 6.305610000000000381e-01
4.035821323090875712e-01 8.799152884686400888e-01 2.507399999999999629e-01
3.108519971220118916e-01 -7.368169931782632132e-01 6.003929999999999545e-01
9.528052211851428810e-01 7.739901796748428764e-02 2.935499999999999776e-01
-8.393149741212587722e-01 5.150269841200854071e-01 1.740620000000000223e-01
1.220790219679698529e-01 -9.459901702297671688e-01 -3.003319999999999879e-01
-7.251864956384759253e-01 9.500293392620400013e-02 6.819669999999999899e-01
-5.442540539952609446e-01 -2.202430218502358927e-01 8.094940000000000468e-01
-1.842943968524348164e-01 -1.570974858608416291e-01 9.702349999999999586e-01
-4.759209772751544776e-01 8.072419614548427269e-01 3.490840000000000054e-01
1.297850071627721091e-01 -2.272812613300073115e-01 9.651420000000000554e-01
-7.117698985161016179e-01 -3.823809454802611363e-01 5.892100000000000115e-01
5.316576337233819283e-01 -3.622997503996577828e-01 7.655579999999999607e-01
-6.573481023007243795e-01 4.254140662056631883e-01 6.220259999999999678e-01
2.936849485549102856e-01 7.795398634472131549e-01 5.532329999999999748e-01
6.632900819421236882e-01 7.349080907897332926e-01 1.412670000000000037e-01
-4.403997956100185601e-02 -8.153896215768670075e-01 5.772350000000000536e-01
-3.687704526646808922e-01 -1.907822341846494851e-01 9.097309999999999564e-01
1.716159613009412277e-01 -9.321667897982387485e-01 3.187679999999999403e-01
6.554739057676626235e-01 1.040409850428443833e-01 7.480170000000000430e-01
6.383097186984415528e-02 9.825065670117177907e-01 1.749470000000000192e-01
1.330438736427846380e-01 7.459612915300114500e-01 6.525649999999999507e-01
8.064234328120333251e-01 -5.426442912402709151e-01 2.349860000000000559e-01
9.173513962424036938e-01 3.868461670950256726e-01 -9.389599999999992397e-02
-3.033831065998855436e-01 -6.350292231305598722e-01 7.104200000000000514e-01
5.250003398819721445e-01 -7.952355148305524368e-01 3.032739999999999880e-01
-4.709681874888322350e-01 -8.792683500300031429e-01 7.124700000000000477e-02
-2.042090486005141425e-01 7.632041816379628862e-01 6.130400000000000293e-01
5.838779713433169816e-01 -7.866039613935419395e-01 -2.008499999999999452e-01
4.606352497022015435e-01 -1.009418355826284253e-01 8.818310000000000315e-01
6.283101973491957148e-02 -8.886302791144752300e-01 4.543000000000000371e-01
7.300420579499847795e-01 -7.270300577108954054e-02 6.795240000000000169e-01
1.796500341317832164e-02 -6.972591324725440076e-01 7.165939999999999532e-01
-2.349299875176870736e-02 9.009949521282842877e-01 4.331929999999999392e-01
-2.380420571885296099e-01 -3.239660778313877554e-01 9.156320000000000014e-01
-7.686424570437515591e-01 4.154362470232281224e-01 4.864169999999999328e-01
9.522328216941763346e-01 8.660098378394505414e-02 -2.928359999999999852e-01
-4.040891975704752892e-01 -8.820374312526931826e-01 2.423260000000000136e-01
4.480279644193969069e-01 -8.806409300629920445e-01 1.540860000000001118e-01
2.438029645222840602e-01 9.475008621215844640e-01 2.068869999999999043e-01
-2.096378494975937035e-01 6.395225408764136921e-01 7.396369999999999889e-01
-3.562249845996082742e-01 7.984209654825009661e-01 4.854149999999999299e-01
-2.214490005974983078e-01 -9.345860025216348177e-01 2.784049999999999581e-01
-1.149339608165386856e-01 -9.825436650297137975e-01 1.462810000000000776e-01
-1.348470834190944045e-01 -8.894835502522593362e-01 4.366180000000000616e-01
9.977310826777064934e-01 -6.690100554380012943e-02 7.546000000000002358e-03
-5.110039175858512861e-01 6.971858875586285365e-01 5.027989999999999959e-01
5.483590613511010181e-01 7.855010878828491139e-01 2.868629999999999236e-01
4.192523633927628390e-01 3.850783337719518307e-01 8.221570000000000267e-01
-2.083403320418256433e-01 4.960697906098513466e-01 8.429170000000000273e-01
7.815638490969722962e-01 8.912398279209195195e-02 6.174260000000000304e-01
-4.127648976056227381e-01 -3.466739140007792375e-01 8.422840000000000327e-01
-3.690754289025666157e-01 4.112534779176785227e-01 8.334589999999999499e-01
9.258110157736212376e-01 3.672260062566590766e-01 8.954900000000005911e-02
4.784709715452108991e-01 -6.590179608080359852e-01 5.803110000000000213e-01
2.898479431138586415e-01 6.564718711595077805e-01 6.964430000000000343e-01
8.559535150561671246e-01 -2.439498617892456589e-01 4.558859999999999579e-01
-7.762226131982638000e-01 -5.489207264657244290e-01 3.101039999999999353e-01
6.896852287460463193e-01 5.512331828260284006e-01 4.695490000000000497e-01
8.764153346894284491e-01 4.000821527851712855e-01 -2.680119999999999170e-01
4.343709439341068013e-01 5.412159301432221126e-01 7.200050000000000061e-01
-3.102005437922980002e-01 -2.899086390507639444e-02 9.502289999999999903e-01
-9.509746043697913098e-01 -2.395039003601381888e-01 1.956659999999999233e-01
3.832999637497175316e-02 -6.958959341862076542e-01 -7.171190000000000619e-01
6.361222230598448935e-01 -5.425001902307510226e-01 5.486729999999999663e-01
-4.552339898322763090e-01 -6.243059860560261631e-01 6.348260000000000014e-01
4.696152048720677111e-03 -1.035323520979565259e-01 9.946150000000000269e-01
1.888388755573510991e-01 -6.590225657117025904e-01 7.280309999999999837e-01
9.913397602299597322e-01 8.131898033181361729e-02 1.031149999999999706e-01
6.025130937081281113e-01 -7.863581223013217381e-01 1.364510000000000722e-01
-6.908545011939332126e-01 -2.282468352027728076e-01 6.860199999999999632e-01
1.063669772689546239e-01 9.373037996944564298e-01 3.318849999999999301e-01
-9.036774080106502183e-01 3.883221753275915566e-01 -1.804800000000000570e-01
2.622868969307155518e-01 -3.409198660307965478e-01 9.027619999999999534e-01
-5.216907371098147284e-01 -8.461995735834532129e-01 -1.085590000000000305e-01
-2.372389663771809210e-01 -7.945328873944027537e-01 5.589589999999999836e-01
8.287708818420758128e-01 5.419559227333050622e-01 -1.393649999999998779e-01
-4.337618667586962129e-01 8.823547289616636702e-01 1.824849999999999250e-01
7.872210982912442034e-01 5.242820654610714781e-01 3.246709999999998764e-01
-7.667546505927927969e-01 2.586672194796321156e-01 5.875190000000000135e-01
-1.201483583991829057e-01 1.684648939635659259e-02 9.926129999999999676e-01
1.865219251286959756e-01 9.819326058448639705e-01 3.190499999999989872e-02
5.162352338271458674e-01 -5.178182345441612044e-01 6.821770000000000334e-01
6.591877175634801578e-01 -3.850138350364171735e-01 6.459380000000000122e-01
-2.705450130080930271e-01 9.490040456291273241e-01 1.618539999999999979e-01
6.285002277240332724e-03 9.999433623087734535e-01 -8.588999999999893595e-03
9.740896206801318291e-01 2.260789119626970267e-01 -6.142999999999926297e-03
-8.367784299587895935e-01 8.659304449378633917e-02 5.406509999999999927e-01
-2.038044523722583601e-01 3.321617372790608980e-01 9.209410000000000096e-01
8.224800181012791034e-02 -9.822340216171709937e-01 1.686760000000000481e-01
7.804230584615972077e-01 -6.227420466496913498e-01 -5.596599999999998798e-02
8.469128774700745987e-01 -4.003479420783355169e-01 3.499430000000000596e-01
2.206280554041551434e-01 1.574360395353652520e-01 9.625679999999999792e-01
2.748278644146058824e-01 8.811125653061061547e-01 3.848509999999998876e-01
7.378679040552154067e-01 -6.648699135471264343e-01 1.161849999999999827e-01
-6.992590829943456932e-01 -5.379110638441140235e-01 4.708380000000000343e-01
6.595539491549550215e-01 -7.506249421342878758e-01 -3.938000000000008854e-02
-6.498534509781318524e-01 -6.743604679852399642e-02 7.570620000000000127e-01
-1.920269773828285620e-01 8.645018981779130085e-01 4.645020000000000815e-01
2.568362957419004222e-01 3.428573947934898669e-01 9.035950000000000371e-01
-7.476144078588062292e-02 2.129164073894241616e-01 9.742060000000000164e-01
-6.223688254312252921e-01 -7.818857806881750472e-01 3.621699999999997838e-02
-7.166298534765741524e-01 6.634308643537349948e-01 2.151770000000000627e-01
8.966144791231211997e-01 2.475888561663751319e-01 3.671270000000000366e-01
8.518597416603944372e-02 -3.991038789655932395e-01 9.129399999999999737e-01
7.329260851736277838e-01 -5.512610640622644942e-01 3.986609999999999876e-01
3.798255770189203351e-01 -4.470925021091767815e-01 8.098400000000000043e-01
8.105759474062919079e-01 3.907479746465646331e-01 4.362139999999999351e-01
-8.085939069074677965e-01 -3.968149543151281433e-01 4.344120000000000759e-01
4.388171080135398472e-01 6.796591672961038721e-01 5.877949999999999564e-01
3.611221280102109299e-01 -9.325133305563930719e-01 -3.113999999999987871e-03
2.809445631053530956e-01 5.096630215324065016e-01 8.132120000000000459e-01
6.892178609893713226e-01 2.606229474340961971e-01 6.760580000000000478e-01
-8.526374146391628717e-01 5.194732526208103440e-01 -5.618700000000004940e-02
4.281206498537925426e-02 -5.575688463460701794e-01 8.290260000000000407e-01
-5.235146455366180840e-01 4.248737123248143566e-01 7.385220000000000118e-01
-1.546189983628371012e-01 -7.145259924343360103e-01 6.823090000000000543e-01
3.565359763185084185e-01 -8.784009416556929351e-01 3.182669999999999666e-01
7.558228207901888096e-01 -2.368899438320715978e-01 6.104220000000000201e-01
-7.785368505575087639e-01 -7.310998596631811119e-02 6.233260000000000467e-01
-5.114443952248131087e-01 2.621632025897706053e-01 8.183489999999999931e-01
9.242202868192656018e-02 2.819540875006376068e-01 9.549659999999999815e-01
1.381229892830191097e-01 8.525009338543407811e-01 5.041470000000000118e-01
9.676947813207020799e-01 -2.309009478210918009e-01 1.012500000000001038e-01
5.726176726177251153e-01 5.552876825257874183e-01 6.031290000000000262e-01
5.456615383257399365e-01 2.511517875050603421e-01 7.994850000000000012e-01
4.117001819084972758e-02 -5.587242468706410392e-01 -8.283310000000000395e-01
2.972157536554133617e-01 -1.602004062230951431e-01 9.412749999999999728e-01
-8.628948515381250628e-01 2.456709577320795590e-01 4.416539999999999910e-01
1.877490975517769611e-01 -9.820365102522886636e-01 1.883000000000006197e-02
5.877779271927081606e-01 -6.805019157071076075e-01 4.375319999999999765e-01
2.153359201822034885e-01 -5.112548104950053185e-01 8.320149999999999491e-01
4.245129534183625930e-01 -7.814649142501659540e-01 4.572759999999999603e-01
5.149105301010425961e-02 9.037284815646014213e-02 9.945760000000000156e-01
-5.175725786138707374e-02 -2.777503837885193505e-01 9.592580000000000551e-01
-8.949005550123129149e-01 -2.443481515433552353e-01 3.734259999999999247e-01
-3.209700330228161536e-02 8.104830833860835471e-01 5.848820000000000130e-01
6.220600174559918205e-01 -2.192410061522507281e-01 7.516479999999999828e-01
-5.764210984004863869e-01 -3.719680634984363632e-01 7.275840000000000085e-01
6.766759949761617099e-01 6.668489950491202078e-01 3.121250000000000413e-01
-4.327179813702256017e-01 9.343921191275703086e-02 8.966739999999999711e-01
4.273676947633962553e-01 7.965554310803616422e-01 4.276169999999999694e-01
6.747958932618969285e-01 -6.821158921040314516e-01 2.817239999999999744e-01
-9.730600273979234105e-01 2.140600060271715122e-01 8.562999999999990064e-02
-9.698681089136922118e-02 -4.386521446991019091e-01 8.934079999999999799e-01
-1.340548065605170480e-01 -5.855911549989655240e-01 7.994449999999999612e-01
8.801998234486385631e-01 4.037159190222570082e-01 2.495229999999999393e-01
-8.547304017416657018e-01 3.972401867114285778e-01 3.341199999999999726e-01
4.312474388794878544e-01 -2.658212705256716712e-01 8.621860000000000079e-01
-2.778071562195921218e-01 -4.830772716493533236e-01 8.303369999999999918e-01
3.838772787943412479e-01 2.162207202870522760e-01 8.977119999999999544e-01
1.359209362083055317e-01 -7.884906299381481132e-01 5.998400000000000398e-01
7.641169392510375191e-01 -4.005159681581074160e-01 5.056800000000000184e-01
1.761313766586639074e-01 -3.486607456143992617e-02 9.837489999999999846e-01
1.189888813929223660e-01 4.609895404896526827e-01 8.793919999999999515e-01
-2.705199266226606877e-02 -9.513317419554552234e-01 3.069790000000000574e-01
4.926398283182337190e-01 7.847857265072940569e-01 -3.760549999999999171e-01
-6.491595130828504701e-01 -6.801905376091588185e-01 3.404890000000000971e-01
-8.088924346065484716e-01 -2.362798348469267451e-01 5.383909999999999529e-01
-9.279950267244774231e-01 2.392790068907767187e-01 -2.856060000000000265e-01
-2.986560070364921438e-01 -9.482590223414797403e-01 1.077470000000000372e-01
-9.784403364336475839e-01 6.802902339156681466e-02 1.950039999999999552e-01
-5.937872802236083825e-01 -5.141832426563998082e-01 6.188960000000000017e-01
-5.649219902198137078e-01 -6.607719885604147469e-01 4.942100000000000382e-01
-4.367201999322808947e-02 3.990971827083110712e-01 9.158680000000000154e-01
5.656220688009768738e-01 6.863260834831377277e-01 4.571959999999998803e-01
-3.213350748797417777e-01 -8.563051995422138463e-01 4.043329999999999980e-01
-3.577253071604979406e-01 2.506372152094085703e-01 8.995630000000000015e-01
-9.342063817818104798e-01 2.230100911374597594e-01 2.784329999999999861e-01
-8.800094864296967856e-01 -8.274395171093393286e-02 4.676930000000000254e-01
2.760550115417318429e-01 -9.460420395535783511e-01 1.696999999999999065e-01
3.432467390175832356e-01 2.901497793890456603e-02 9.387969999999999926e-01
7.866148549815716873e-01 5.935858905679285424e-01 1.699790000000000190e-01
8.825977084710415754e-01 8.748697110236597352e-02 4.619170000000001330e-01
5.997850432807166898e-01 -5.717300412562570378e-02 7.981160000000000476e-01
7.529539755084665442e-01 6.580669785948810580e-01 -2.856999999999934679e-03
8.576426563997121555e-01 5.126747946053572536e-01 4.017000000000010840e-02
9.915364214067549087e-01 8.068703429229683033e-02 -1.017110000000000514e-01
8.397390051375570597e-01 -7.754900047444790445e-02 5.374240000000000128e-01
-3.697477951849914568e-01 6.870426194253436147e-01 6.255070000000000352e-01
3.630201696946596668e-01 9.292704343897207897e-01 6.835799999999991883e-02
9.154263307612293676e-01 -3.640861315513574947e-01 -1.715689999999999715e-01
2.482929810170826923e-01 -8.493409350647421752e-01 4.658009999999999651e-01
-6.236019647420277812e-01 6.914049609084987891e-01 3.648009999999999864e-01
5.191341796583636148e-01 -8.544162956904777229e-01 -2.173700000000001673e-02
5.682177313675896846e-01 7.954416239445040171e-01 -2.107159999999999034e-01
-6.551789106860045342e-01 5.672649226704402636e-01 4.989499999999999491e-01
-2.403103772979857111e-01 1.377252162347180342e-01 9.608759999999999524e-01
-3.751091612703638667e-01 5.572222395660855199e-01 7.408080000000000220e-01
-9.221862804882361431e-01 7.278102213676469756e-02 3.798359999999998959e-01
-1.273349666408246095e-01 -6.150618388662884017e-01 -7.781289999999999596e-01
3.558929151767499244e-01 -6.001428569624024378e-01 7.163580000000000503e-01
-3.970417559195488222e-01 -7.467855409154098290e-01 5.335440000000000182e-01
-4.955217992985764264e-01 -6.415497401528125199e-02 8.662229999999999652e-01
5.699407266515400527e-01 4.084098041231556397e-01 7.129999999999999671e-01
8.075963210941161652e-01 2.449750974002237736e-01 5.364470000000001182e-01
9.529609487314993910e-01 2.299249876302283113e-01 1.974839999999999651e-01
-4.399355608417592767e-01 -4.937405071318807237e-01 7.501179999999999515e-01
9.770287862896067654e-01 -7.843798284286768174e-02 1.981469999999999343e-01
-6.485204855152033598e-01 2.646761981499754501e-01 7.137000000000000011e-01
-7.115897736534171347e-01 -6.803077836037734194e-01 1.755600000000000771e-01
