5.585234567634096425e-01 -6.431135259416114192e-01 5.238859999999998518e-01
1.188069536919017094e-01 9.472256307941895326e-01 2.977389999999999759e-01
1.471311173601413669e-01 -6.821865441507596328e-01 7.162220000000000253e-01
2.850420291846362808e-01 -8.838210904919077127e-01 3.709600000000000675e-01
3.352507519949651238e-01 -4.444509969400812360e-02 9.410800000000000276e-01
8.734133360163490734e-01 1.842360708786199841e-01 4.507840000000000180e-01
4.994842314053306587e-01 8.044423726889491366e-01 3.215400000000000480e-01
3.153601464273474153e-02 -9.946444618311878205e-01 9.842699999999991733e-02
-8.322777638743665829e-01 5.402038467386957032e-01 1.244730000000000975e-01
-8.327987341352665052e-01 -4.645448516975491104e-01 3.010719999999999508e-01
-3.500763604661994988e-01 -1.999636346982610335e-01 9.151289999999999702e-01
8.221548280374187945e-01 -5.015628950926915852e-01 2.692509999999999626e-01
-8.961342488565448017e-01 -9.750502707715284767e-02 4.329389999999999628e-01
3.545018420388216240e-01 9.314265849690368526e-01 -8.229799999999991289e-02
-3.824862234778002024e-01 2.247605436919263289e-01 8.962069999999999759e-01
9.725701087505281839e-01 -1.715960191874678631e-01 -1.570419999999999872e-01
-6.758304084365802655e-01 2.654497676482595742e-02 7.365789999999999837e-01
5.778179444841116119e-01 -8.106859221105028324e-01 9.441799999999990478e-02
1.799839039505621852e-01 -8.075945690225478923e-01 -5.616020000000000456e-01
-4.805162609137879071e-01 5.397192930602282557e-01 6.912359999999999616e-01
-1.385369347894497283e-01 -8.719115895835677366e-01 4.696569999999999356e-01
-2.557883483269931396e-02 9.764036951794803632e-02 9.948930000000000273e-01
5.192148959712434841e-01 7.291278539135441772e-01 -4.458570000000000588e-01
6.373242553834915780e-01 1.204430482629774979e-01 7.611250000000000515e-01
4.420103157253990056e-01 -3.927312805256706341e-01 8.064670000000000449e-01
-9.624471891500604448e-01 1.329550261296947866e-01 -2.366820000000000035e-01
7.613661257554915629e-01 -2.364380390526723275e-01 6.036709999999999576e-01
6.352999601203400681e-01 3.887149755992098665e-01 -6.673040000000000083e-01
-2.687577263127862714e-01 -5.895753996107550021e-01 7.616889999999999494e-01
6.862009534928139587e-01 7.254379508335313531e-01 -5.355400000000010152e-02
9.734613451669089645e-01 2.288370811403435401e-01 2.569000000000077732e-03
8.187057856718250592e-01 5.183408643040597896e-01 2.470700000000000396e-01
3.040401580646152624e-01 3.756951953166874358e-01 8.754499999999999504e-01
2.991349237691701135e-01 -9.376167610599828173e-01 -1.771810000000000607e-01
-5.812441607684217804e-01 7.298442018702436807e-01 3.598370000000000735e-01
3.060105242847910648e-02 -3.427475872260364320e-01 9.389290000000000136e-01
7.899130093809110242e-01 -3.454110041020591604e-01 -5.066840000000000233e-01
-7.663703872237068171e-02 5.184792619718419093e-01 8.516489999999999894e-01
2.325829892365891549e-01 7.276609663255083627e-01 6.453020000000000422e-01
6.024472317826508050e-01 5.141231978012867909e-01 6.105199999999999516e-01
