-3.808273329093759818e-01 1.255997799883875055e-01 9.160760000000000014e-01
7.754628998040172805e-01 4.663979397376716296e-01 4.255939999999999168e-01
5.149000489830243832e-02 9.970610948515505889e-01 5.672700000000001352e-02
-8.382258409349798711e-01 4.909549068344727929e-01 2.373620000000000174e-01
1.819760047975249873e-01 7.593860200200760469e-01 6.246739999999999515e-01
3.304083467926209328e-01 -2.272335507660942500e-01 9.160760000000000014e-01
0.000000000000000000e+00 -0.000000000000000000e+00 1.000000000000000000e+00
-3.782718759271169739e-01 -7.625157498954232560e-01 5.248620000000001617e-01
-8.026911796505419028e-02 3.367484948921260490e-01 9.381669999999999732e-01
2.332513081188372084e-01 4.701856211028270227e-01 8.511870000000000269e-01
-3.981253255318431550e-01 7.490516124708389567e-01 5.295450000000000434e-01
-2.184469364774676292e-01 -9.388967269767261037e-01 2.659960000000001212e-01
6.766339307719861917e-01 -6.008629385242952869e-01 4.255939999999999168e-01
3.166890084746241674e-01 1.398240037417019521e-01 9.381669999999999732e-01
5.543178153525539775e-01 -4.341998553647525294e-01 7.100720000000000365e-01
2.474988407781639477e-01 -5.978656153789621008e-01 7.624309999999999699e-01
7.626489556394229208e-01 -6.433019625814130338e-01 6.729900000000005322e-02
-5.013040924712085511e-01 8.516121570894923387e-01 -1.531369999999998843e-01
4.444049941558521066e-01 8.958259882194404833e-01 6.123233995736766036e-17
-6.154051209209165929e-01 -7.419721457900638750e-01 2.659960000000001212e-01
5.907529012818781844e-01 2.975634539775396936e-01 7.499780000000000335e-01
8.372782748025208166e-01 1.361880446981835191e-01 5.295450000000000434e-01
6.161835526769865456e-01 -5.705905117829632861e-02 7.855330000000000368e-01
-1.213260163159791405e-01 -6.371280856812818749e-01 7.611489999999999645e-01
4.945407005173677040e-01 6.043276340328905816e-01 6.246739999999999515e-01
2.575531533300955411e-01 9.117335427857878871e-01 3.200129999999999919e-01
-9.736184311486660858e-01 2.180320965514255804e-01 6.729900000000005322e-02
5.930751648730647752e-01 -7.693002138630842257e-01 -2.375690000000000579e-01
-4.182278278276914674e-01 4.560958122385370128e-01 7.855330000000000368e-01
3.823691649656880132e-01 -7.808123368661912256e-01 4.940909999999999469e-01
-8.877877099519385640e-01 1.752219427534485452e-01 4.255939999999999168e-01
1.406705551588404920e-02 -3.642064373471630145e-01 9.312120000000000397e-01
-6.257710024645305458e-01 -1.646500006484560019e-01 7.624309999999999699e-01
-4.338900942758460721e-01 -4.820701047444215237e-01 7.611489999999999645e-01
-2.984987723375951418e-01 -2.091475411496593606e-01 9.312120000000000397e-01
8.663001094839067884e-01 4.471240565080022988e-01 -2.227199999999999180e-01
7.627269445077096144e-01 6.442279531291179584e-01 5.672700000000001352e-02
5.701180286719441659e-01 7.566750380541280574e-01 3.200129999999999919e-01
-8.093881011284105309e-01 2.305790288095299068e-01 -5.401149999999999007e-01
-1.681110580179502600e-01 9.602783314081836386e-01 -2.227199999999999180e-01
-9.813629971042955313e-01 -1.160849996574685461e-01 1.531370000000000231e-01
8.980414946884681671e-01 -3.703792040243376604e-01 2.373620000000000174e-01
2.232499996096534017e-02 -8.482669985168248550e-01 5.290979999999999572e-01
-1.204850146887013473e-01 6.503970792919224753e-01 7.499780000000000335e-01
9.713469758975337154e-01 -6.783999831665582514e-03 2.375689999999999746e-01
9.332610383161265011e-01 3.296690135349479855e-01 1.426259999999999473e-01
-6.732780184352163966e-01 5.049480138261248641e-01 5.401150000000000118e-01
-6.889126825844945623e-01 -4.954337717296182220e-01 5.290979999999999572e-01
-9.780699929207048449e-02 8.996129934885783719e-01 4.255939999999999168e-01
-6.810851048797590401e-01 1.786640275123327626e-01 7.100720000000000365e-01
-8.530341196038034868e-01 -1.679490235481109206e-01 4.940909999999999469e-01
-3.021419352127996949e-01 9.425327978961074438e-01 1.426259999999999473e-01
