-6.201301624103466859e-01 6.423801682375607225e-01 4.503180000000001071e-01
-7.187821018692831521e-01 6.176320875338129346e-01 3.191910000000000580e-01
-2.484021080428261419e-01 8.408013657076682801e-01 4.809880000000000266e-01
-5.701355158914169774e-01 -1.662091503956021066e-01 8.045619999999999994e-01
9.508011216835481338e-01 6.553500838717178645e-02 3.027909999999998658e-01
-6.544856584639999753e-01 -6.004876866422360626e-01 4.594159999999999910e-01
6.594215390099075202e-01 3.086552522942141441e-01 6.854890000000000150e-01
7.940863545651244415e-01 8.718803893007064099e-02 6.015190000000000259e-01
6.279761605899786270e-01 -1.258280321775288035e-01 7.679930000000000367e-01
6.634370604863392140e-01 -4.148700378241906850e-01 6.226829999999999865e-01
-4.673733015385643230e-01 2.364861525754567706e-01 8.518430000000000168e-01
-6.491631361053619154e-01 -2.642700554075993330e-02 7.601900000000000324e-01
-7.642002412638744246e-01 -3.765401188766015483e-02 6.438789999999999791e-01
6.456910244993305792e-01 7.164580271844295245e-01 2.641419999999999324e-01
3.112878671991721191e-01 -7.070146983752110259e-01 6.350040000000000129e-01
-6.825103684583209984e-02 -9.136184932237683132e-01 4.008030000000000204e-01
9.219298833214639721e-01 -2.072219737741915202e-01 3.272680000000001144e-01
-3.753786461478153536e-01 -7.748572053761415557e-02 9.236269999999999758e-01
-5.581329544677732235e-01 -8.297069323128948293e-01 -8.602999999999900657e-03
-8.379624135524568196e-01 -4.827032382244202391e-01 2.545910000000000117e-01
-3.641499360766868587e-02 -9.738508290490661690e-01 2.242510000000000059e-01
-8.948155963561539306e-01 8.875695996247634501e-02 4.375240000000000795e-01
5.299773442018500536e-01 3.653592372881158679e-01 7.652689999999999770e-01
1.285409388029512545e-01 -5.472087394794202808e-01 8.270669999999999966e-01
3.838699732016739169e-02 8.581529400915324235e-01 5.119570000000001064e-01
-2.562050333432100424e-01 7.307220950981327956e-01 6.327749999999999764e-01
3.131542098904744886e-01 1.462550980269495260e-01 9.383730000000000127e-01
9.205598476885663572e-01 3.655619395158682949e-01 1.376009999999999733e-01
1.614600376806666487e-02 -7.580891769187327878e-01 6.519509999999999472e-01
-2.571249093883049563e-01 -7.655027302342272133e-01 5.898240000000000149e-01
9.017395414457418656e-01 -3.529428205208646196e-01 2.495939999999999548e-01
-9.192884970357054208e-02 -5.200104631485479023e-03 9.957519999999999705e-01
-4.988534593113097548e-01 3.823473520401827752e-01 7.777889999999999526e-01
-9.573239038967195080e-01 7.937799203144779714e-02 2.779029999999999556e-01
-1.019110164322907797e-01 -8.226261326415161834e-01 5.593749999999999556e-01
-2.154830710022372087e-01 -8.642192847625217444e-01 4.546340000000000936e-01
1.196256659678178458e-01 -3.990278857896477072e-01 9.091019999999999657e-01
8.356002983680665963e-01 -5.375001919253658694e-02 5.467020000000000213e-01
6.569711826673366728e-01 -2.719800756226107841e-01 7.031469999999999665e-01
9.625144298366458129e-01 -2.189250977668768250e-01 1.601180000000000381e-01
-7.946470058026570138e-01 -1.936860014143305664e-01 5.753449999999999953e-01
5.435973202680993710e-01 -5.103603006860362168e-01 6.663590000000000346e-01
1.832029832751763399e-01 5.796419470837799182e-01 7.940099999999999936e-01
2.396991289460668473e-01 9.215204957316450729e-01 3.055229999999999890e-01
4.291306106238355067e-01 6.486334114556649988e-01 6.285870000000000068e-01
2.729287686900428445e-01 3.021737439046236484e-01 9.133459999999999912e-01
5.640217282201628324e-01 2.072579001305880075e-01 7.993270000000000097e-01
3.470747145428608738e-01 -1.490703068996936456e-02 9.377189999999999692e-01
1.715480276011673300e-01 7.937701277134011635e-01 5.835240000000000427e-01
8.546847726547091018e-01 -1.970549475835818853e-01 4.802950000000000275e-01
8.367280463631279197e-01 4.940480273752169693e-01 2.362259999999999915e-01
6.720896742600671603e-01 -7.291306466141692644e-01 1.290890000000001203e-01
5.820741863988804221e-01 -6.877312202336618441e-01 4.338379999999998904e-01
-6.079022158990304847e-01 2.553586706263342165e-01 7.518289999999999695e-01
-8.329566575634297365e-01 3.778748446519818449e-01 4.042200000000000237e-01
1.986609954891311106e-02 -2.559532825804596845e-01 -9.664850000000000385e-01
2.226807196254151633e-01 -1.249729650888830174e-01 9.668480000000000407e-01
8.471584481275701295e-01 -3.419191808674776900e-01 4.067110000000000447e-01
7.345682095661886235e-01 5.909641685971526170e-01 3.334229999999999694e-01
-7.935100672126879084e-01 5.981670506665471843e-01 1.119730000000000031e-01
1.569100035689454109e-01 -6.812960154961964498e-01 7.149929999999999897e-01
1.553869420527222156e-01 -9.878516316079576365e-01 -2.012999999999977915e-03
-1.267558414658891686e-01 6.887201386145713755e-01 7.138609999999999678e-01
-1.699802082815701776e-01 -4.407675400849681013e-01 8.813800000000000523e-01
6.683140839601611760e-02 -6.750640242084419984e-02 9.954779999999999740e-01
-2.804509617857109047e-02 -3.463961879399580779e-01 9.376689999999999747e-01
6.882720491227913850e-01 5.377290383783582817e-01 4.869589999999999752e-01
4.257214563891149051e-01 2.577916708214814112e-01 8.673549999999999871e-01
-3.174802496681704000e-01 -2.195534811079891402e-01 9.224980000000000402e-01
9.774622336094541675e-01 -2.109630504193015232e-01 -7.885000000000107201e-03
-2.626433978917229739e-01 4.226190311486269224e-02 9.639670000000000183e-01
9.876300260123701547e-01 7.143500188146741092e-02 1.395850000000000979e-01
-2.954000085611259707e-01 -9.395230272287565798e-01 1.733069999999999056e-01
4.297128216034566961e-01 -9.009546259660338174e-01 6.023000000000010290e-02
-7.807696833955758420e-01 -6.067767539502253449e-01 1.490660000000001151e-01
-6.994305165824979964e-01 1.163280859171165749e-01 7.051699999999999635e-01
-8.714812784541005053e-01 4.903741566834516896e-01 -7.318999999999964423e-03
7.849178563389469510e-01 -6.165018871635935538e-01 6.188200000000004808e-02
-6.282888461622728737e-01 3.952219032291601764e-01 6.701139999999999874e-01
-6.936749059167017784e-01 7.197109023854334486e-01 2.883299999999995936e-02
6.864860364272854509e-01 1.480240078546576077e-01 7.119170000000000220e-01
-5.163925866156008349e-01 -7.065044344265994924e-01 4.839319999999999733e-01
-4.196560719074573509e-01 -9.028431547008609614e-01 -9.361099999999988874e-02
-4.527562915266666321e-01 -2.502566083982996625e-01 8.557940000000000547e-01
-6.773298729543081320e-01 -7.337258623762016319e-01 5.357800000000009777e-02
-1.742632799791671849e-01 -2.863544600698625375e-01 9.421429999999999527e-01
2.956568963191000821e-01 -8.049047177361783323e-01 5.145049999999999901e-01
-8.690607850607956486e-01 -3.487739137399950562e-01 3.508419999999999872e-01
-1.807339749369520632e-01 -9.398318696700431740e-01 2.899160000000000070e-01
-6.850619779503560602e-01 -4.726749847863180309e-01 5.543179999999999774e-01
-4.833631249938103447e-01 -8.031522076886908890e-01 3.482910000000000172e-01
-8.775891203153576292e-01 -2.038230279436469561e-01 4.339280000000000359e-01
-3.061875819129550869e-01 -5.145392974169197275e-01 8.009359999999999813e-01
2.480732401725259939e-01 -2.877201187374708868e-01 9.250279999999999614e-01
7.625203392853449613e-02 -9.405114184829239665e-01 3.310949999999999727e-01
6.115720595046146846e-01 6.717400653588291304e-01 4.180249999999999799e-01
-1.524100698879001237e-01 -5.840552678195491954e-01 7.972770000000000135e-01
4.375901410595082752e-01 -7.585472445217368298e-01 4.828260000000000329e-01
-6.574006104509964865e-02 4.063533773328166232e-01 9.113480000000000469e-01
-2.531870685220808936e-01 5.982851619187919967e-01 7.602309999999999901e-01
-5.982438045918677672e-01 7.389747586240323907e-01 3.098719999999999808e-01
7.354559560072123636e-01 -5.118459693828967261e-01 -4.439799999999999858e-01
-7.365047508518669517e-01 -5.983317975936339739e-01 3.155309999999999504e-01
7.200768922249094484e-01 -2.078199688952440602e-02 6.935829999999999496e-01
7.355472468908511585e-01 3.946941324814560725e-01 5.506240000000000023e-01
6.172842677076998408e-01 4.611822000083792283e-01 6.373940000000000161e-01
-8.313493175072196317e-01 2.448450935107339133e-01 4.989079999999999626e-01
-6.920600913194917547e-01 -1.820960240281393194e-01 6.984939999999999483e-01
9.538014402698393734e-01 2.186661009351475449e-01 2.060289999999999067e-01
7.803156562625052084e-01 6.252807245570710659e-01 1.146700000000010558e-02
-3.538652161909401905e-01 3.493312134209297093e-01 8.676099999999999923e-01
-3.256770625538271680e-01 -8.815581693236756999e-01 3.417450000000000210e-01
3.952609557103970994e-01 -8.923609000095776844e-01 2.178550000000001041e-01
1.196759400979437171e-01 -9.790105099704872194e-01 1.649729999999999530e-01
-1.051770095123441690e-01 -9.710840878260955655e-01 -2.143210000000000115e-01
2.776148546501289172e-01 -9.543195003501645513e-01 1.104729999999999740e-01
7.740288483754877991e-01 2.374389534880830543e-01 5.869429999999999925e-01
-7.415560788703213779e-01 3.886440413353504097e-01 5.468549999999999800e-01
-9.353389862949990086e-01 3.444229949533619828e-01 8.070799999999994645e-02
-7.302386175921130596e-01 2.555462161256935594e-01 6.335990000000000233e-01
9.299446912300530776e-01 -3.577648812111683396e-01 8.489499999999994273e-02
-3.732469408605562089e-01 -7.953238739842004579e-01 4.776469999999999883e-01
-5.673707736969771931e-01 1.102619560206216653e-01 8.160469999999999668e-01
8.541760562735840612e-01 -4.921950324260769283e-01 1.677120000000000555e-01
3.401511086528986039e-01 5.519671763123275010e-01 7.613339999999999552e-01
-8.087018583003068306e-01 1.056339814909505043e-01 5.786559999999999482e-01
8.617984155326069429e-01 5.017752419405403508e-01 7.433100000000002205e-02
-3.192963668599609894e-01 -3.707654259960457277e-01 8.721139999999999448e-01
-5.692151069492469295e-01 8.219961544440201884e-01 -1.778999999999999679e-02
8.370718829098650060e-01 2.967399584918302136e-01 4.596260000000000345e-01
-5.847061128084808379e-01 7.983551540282032288e-01 1.440410000000000579e-01
-1.349000195264322965e-01 -7.110341029203649521e-01 6.900960000000000427e-01
2.664501603360051041e-01 -4.419012659134584631e-01 8.565789999999999793e-01
-3.662022793534919773e-01 8.499926484078006439e-01 3.786929999999999463e-01
-1.979098536434678243e-02 -4.991006309095472604e-01 8.663180000000000325e-01
3.866985576256583013e-01 4.105765303098015129e-01 8.257670000000000288e-01
-6.986399423478811821e-01 6.905829430127485846e-01 1.870759999999999923e-01
4.848356418725386918e-01 5.133326208230327703e-01 7.081129999999999924e-01
4.464002287823543719e-02 -8.634164425052551772e-01 5.025129999999999875e-01
-9.160257246319050140e-01 -3.537378936622329606e-01 1.891199999999999271e-01
-4.536799315738279104e-01 8.854088664584101043e-01 1.011220000000001007e-01
3.741368471446037125e-01 -1.756189282500478510e-01 9.105929999999999858e-01
-2.861177293786237863e-01 -6.461213888730356070e-01 7.075759999999999827e-01
2.853481474976803101e-02 9.976284851184055724e-02 9.946019999999999861e-01
4.121010407266744724e-01 -4.693820463875794657e-01 7.809310000000000418e-01
-2.875500730957357143e-01 -9.577312434569716926e-01 8.112999999999889397e-03
-4.164308755680714569e-01 8.887497344364936325e-02 9.048129999999999784e-01
-9.332195738647467431e-01 -3.585248362871118477e-01 2.368899999999999825e-02
-8.140960658583544785e-01 5.027440406707470721e-01 2.906819999999999404e-01
2.298160324925703213e-01 4.468430631769659267e-01 8.645899999999999697e-01
-5.456466397286946490e-02 -1.772061563420636032e-01 9.826599999999999779e-01
5.985718111854906320e-01 3.861305232847122432e-02 8.001380000000000159e-01
-5.807037439515608801e-01 -3.155668608577902323e-01 7.504669999999999952e-01
1.308671155381285200e-01 6.987146168713876948e-01 7.033289999999999820e-01
-3.369931826115484808e-01 9.159394963338678419e-01 2.179230000000000056e-01
-4.939339598437769707e-01 7.562139385207377051e-01 4.291500000000000314e-01
-6.669332323324236311e-01 -7.376722569750236991e-01 -1.050700000000000106e-01
-4.768961421656419675e-01 8.381162498475540623e-01 2.648230000000000306e-01
5.085761613017393268e-01 3.887401232941352369e-02 -8.601389999999999869e-01
-1.884399163135193067e-01 3.077928633086767229e-01 9.326060000000000461e-01
-5.819102213043715610e-02 9.600343651075283757e-01 2.737659999999999538e-01
4.767581929515730121e-01 7.314552960315146013e-01 4.875189999999999246e-01
1.908105170218510338e-01 4.001410842257924899e-02 9.808109999999999884e-01
2.721798968127573520e-02 -9.932496234450379768e-01 -1.127580000000000249e-01
-1.323469601164780074e-01 -9.897447017347086318e-01 -5.375600000000006762e-02
-2.337020153899816710e-01 4.525170297996095048e-01 8.605880000000000196e-01
-9.777851681272331508e-01 -6.710101153781825034e-02 1.985790000000000055e-01
1.029499839043839828e-02 6.291719016327261826e-01 7.771980000000000555e-01
-2.068544731724911712e-01 -1.126397131234411347e-01 9.718660000000000077e-01
7.557181155399118611e-01 -1.665690254663347580e-01 6.333600000000000341e-01
-8.676858100159581255e-01 -4.893398928566429218e-01 8.756600000000006045e-02
-5.404841052889755026e-01 -8.226801602621615084e-01 -1.762790000000000468e-01
-5.523826243688022553e-01 -5.888145995943329103e-01 5.900600000000000289e-01
4.083745233249960194e-01 -6.000347689343362712e-01 6.878870000000000262e-01
1.513951981746646247e-01 2.018049311926098655e-01 9.676540000000000141e-01
-9.085878730442337181e-01 2.239839687030201754e-01 3.525609999999999578e-01
2.842671196296588931e-01 6.805422863962657942e-01 6.753179999999999739e-01
7.562881500757582254e-01 -6.141331218669021652e-01 2.255409999999999082e-01
-6.731741421244107348e-01 -7.094011497728656135e-01 2.087739999999999319e-01
9.970671417311747220e-01 7.052501002499440841e-02 -2.972099999999990028e-02
5.129162073586175374e-01 7.899423193530346055e-01 3.360179999999999834e-01
5.189162055965590437e-01 -2.276780902069185930e-01 8.239469999999999850e-01
-3.851139108478902062e-01 6.331538534277771912e-01 6.714189999999999880e-01
8.768502298014815288e-01 1.017360266625802756e-01 4.698759999999999604e-01
5.406079830020352750e-01 -8.224389741406175069e-01 1.770230000000000692e-01
2.360400466077531012e-01 -9.330911842453606386e-01 2.713409999999999989e-01
7.629040282994031807e-01 6.230950231132836858e-01 1.724240000000000772e-01
4.983063814111960976e-01 -8.008096129517173756e-01 3.322570000000000801e-01
7.079239222322720737e-01 -5.931349348422129131e-01 3.834509999999999308e-01
5.416841569227859310e-01 -3.716931076773562492e-01 7.539379999999999971e-01
-6.341930952141869859e-01 5.600040840758657712e-01 -5.330989999999999895e-01
5.886606733602054581e-02 4.972865688387240746e-01 8.655869999999999953e-01
5.642703719964363707e-01 6.008643961211241891e-01 5.661810000000000453e-01
3.295421284139199991e-01 7.714853006275773639e-01 5.442540000000000155e-01
6.359640057071872521e-01 -7.175020064389150409e-01 2.841489999999999849e-01
3.660661735835051278e-01 8.393253979964689915e-01 4.019059999999999855e-01
-4.070138888852886661e-01 -6.847778130557924392e-01 6.044990000000000085e-01
1.304999410442911909e-03 7.642236547480970588e-01 6.449500000000000233e-01
1.598168689483982774e-01 -7.902493519867830329e-01 5.915780000000000483e-01
-5.624740105562313630e-01 -8.100670152029327831e-01 1.655730000000000535e-01
-1.432846149538831160e-01 1.522405908866533431e-01 9.779020000000000490e-01
1.533350817146841294e-01 9.817725232020659831e-01 -1.122989999999999683e-01
-6.082210522559938770e-01 -7.142820613683444897e-01 3.462200000000000277e-01
-7.751808975927345635e-01 -4.763849370659430371e-01 4.149119999999999475e-01
-9.914727388236964645e-01 7.367298059287376299e-02 1.074900000000000438e-01
3.085730086807582651e-01 -9.496870267165413715e-01 -5.363999999999996549e-02
4.972789712599119949e-01 -6.508299623854787441e-01 5.737020000000000453e-01
-3.066533979334600812e-01 2.023202625439751989e-01 9.300699999999999523e-01
7.985315544389087750e-01 4.503587487108250409e-01 3.994050000000000100e-01
-3.791129318697447070e-01 7.534688645943681262e-01 5.371760000000000979e-01
-1.252760253276994640e-01 8.118281641314827324e-01 5.702990000000000004e-01
3.961208446894989299e-01 8.833376536622209452e-01 2.506049999999999112e-01
1.869839995158568413e-01 -8.840239977110655456e-01 4.284140000000000725e-01
-9.192196229256079099e-02 8.996546309513917539e-01 4.268159999999999177e-01
-4.334979365092153092e-01 -8.987758683638832347e-01 6.543299999999996341e-02
2.175049373743190295e-01 -9.192477353231790493e-01 -3.281389999999999585e-01
9.744692681180092131e-02 -2.362978225268600463e-01 9.667820000000000302e-01
-4.525356432818527508e-01 -4.125006748400295575e-01 7.906039999999999734e-01
-8.692511126912197961e-01 4.705550610035729719e-01 1.515930000000000333e-01
-9.006428653581934896e-01 3.509699475316694350e-01 2.562470000000000581e-01
-3.490219819735979612e-01 8.613529555125596371e-01 -3.691269999999999274e-01
-9.368280041125198743e-01 -2.103710009234936729e-01 2.794590000000000130e-01
7.363896614178777611e-02 9.269385738060362812e-01 3.679160000000000763e-01
2.077870645207127165e-01 8.683682696401712198e-01 4.502900000000000236e-01
7.495788157540160812e-01 -4.567668877269968619e-01 4.790570000000000106e-01
-8.582357196445395964e-01 -5.186998305589869684e-02 5.106280000000000818e-01
-7.770000362604413940e-04 -9.985880466012716505e-01 5.311600000000005900e-02
-4.364131701811075348e-01 -5.560482168332848696e-01 7.073570000000000135e-01
2.669250451673189639e-01 9.516751610362774727e-01 1.518729999999998970e-01
-1.112658435074285468e-01 5.462352317340767316e-01 8.302089999999999748e-01
-5.080592875087213134e-01 6.480083667053461172e-01 5.674160000000000315e-01
1.855999722071582534e-03 -6.393399042614433814e-01 7.689219999999999944e-01
9.140450391370038563e-01 -5.552700237752015988e-02 4.017939999999999290e-01
-6.305287203080421898e-01 5.259877666806546115e-01 5.707630000000000203e-01
9.691957191318745224e-01 -7.695697769824851042e-02 2.339600000000000013e-01
9.099220961118650308e-01 2.055590217124751984e-01 3.602600000000000247e-01
9.749636008850989244e-01 2.173199110370738485e-01 4.709600000000006143e-02
-7.950908392543166725e-01 -3.407839311027832108e-01 5.016939999999998623e-01
-1.852200000819424208e-01 9.683240004283923952e-01 1.674579999999999957e-01
2.725519764790239607e-01 -5.821219497634302353e-01 7.660609999999999919e-01
-5.106957256942965540e-01 5.214587199132600936e-01 6.835719999999999574e-01
-9.592846349667459860e-01 2.144909183805149833e-01 1.837570000000000869e-01
8.863933858000172528e-01 3.542241541749825418e-01 2.980470000000000064e-01
-9.307371093607821333e-01 -6.149700722584359319e-02 3.604809999999999959e-01
4.630094598346015111e-01 9.540309474891522923e-02 8.812039999999999873e-01
-6.977353514889371722e-01 -3.327591676296977607e-01 6.343790000000000262e-01
9.952193005115314017e-01 -7.168502164565701551e-02 6.633099999999998719e-02
-5.749630147246744816e-01 -4.575030117165501120e-01 6.783130000000000548e-01
1.050251480234640905e-01 3.540674990261735711e-01 9.293040000000000189e-01
3.961090647473073934e-01 -3.292520538189752100e-01 8.571410000000000418e-01
-7.681141037464039867e-01 3.107460419713479749e-01 -5.598549999999998805e-01
-4.334369625314387076e-01 -8.736809244744446756e-01 2.209389999999999687e-01
-3.784527310141720391e-01 4.959996474675306688e-01 7.815100000000000380e-01
4.936232239441749048e-01 -6.909189137633285627e-02 8.669270000000000032e-01
8.138155305955837582e-01 -4.820453142863527218e-01 3.245560000000001222e-01
-9.697876248578183311e-01 -2.140329172058155760e-01 1.170550000000000063e-01
