-9.545044822601547740e-02 -2.267050645849200130e-01 9.692749999999999977e-01
4.926961166717346297e-01 -8.594722035252754244e-01 1.362279999999999325e-01
-8.060693842884962823e-01 -7.020703347076058531e-02 5.876419999999999977e-01
-8.072359984330698124e-01 -5.778329988783652560e-01 1.203289999999999776e-01
-8.007080429935559129e-01 3.086960165752543062e-01 5.133940000000001280e-01
-1.273861768180757359e-01 1.727358837638373612e-01 9.766960000000000086e-01
2.929441419842988559e-01 -9.393654552920726042e-01 1.782589999999999175e-01
5.041560179357352789e-01 7.403760263394424390e-01 4.446009999999999684e-01
1.724786605908286419e-01 1.364395225614401241e-01 9.755179999999999962e-01
6.673202454012567841e-01 5.592982056770846588e-01 4.918020000000000169e-01
-8.104177595039622206e-01 4.668468614605627565e-01 3.539450000000000651e-01
-7.773558293176238143e-01 6.036498674578744117e-01 1.769879999999999232e-01
9.999483841035013976e-01 -2.223000853906486902e-03 9.913999999999943691e-03
-3.157571294289412411e-01 -9.401103853515261344e-01 -1.284130000000001104e-01
6.610306559554146588e-01 -2.242848832671390236e-01 7.160549999999999971e-01
1.490541170445281449e-01 -8.317706531466928510e-01 5.347340000000000426e-01
5.115738015266312333e-01 -7.870816946388672353e-01 3.446660000000000279e-01
-6.468099381461408504e-01 -7.576499275466114236e-01 -8.719799999999996998e-02
4.817678458541193032e-01 -3.780948790252014469e-01 7.905339999999999590e-01
6.839980716604076028e-01 -6.664040698171371790e-01 2.967359999999999443e-01
-1.858220739359733586e-01 -6.236442481392204806e-01 7.593010000000000037e-01
5.828850523459752075e-01 -6.326080568113481295e-01 5.099529999999998786e-01
3.811080832635668769e-01 -7.418911620865760170e-01 5.516830000000000345e-01
-3.675706375722802011e-01 1.446018574213605024e-01 9.186849999999999739e-01
7.535898928973581989e-02 -9.928348588950880460e-01 9.273599999999991572e-02
-5.004679629347219549e-01 6.979959483055542258e-01 5.121849999999998904e-01
-6.904910006593829586e-01 -2.662630002542671903e-01 6.725520000000000387e-01
-7.182289753185651104e-01 -4.548019843710490173e-01 5.265949999999999243e-01
7.945923734640426561e-01 3.469307264451785833e-01 4.982589999999999519e-01
4.409796808258686918e-01 4.331746864750004034e-01 7.860639999999999850e-01
-2.749679906323905798e-01 -8.922389696032031470e-01 3.581929999999998726e-01
2.963829420932285186e-01 6.090938809963223344e-01 7.356369999999999854e-01
1.229212699631606065e-01 -1.776973902640212044e-01 9.763779999999999681e-01
2.941715074218275716e-01 -4.698608104715280842e-02 9.545970000000000288e-01
-1.123350041439987040e-01 6.642650245045028656e-01 7.390079999999999982e-01
4.657207996874133116e-01 6.381183553633545946e-02 8.826279999999999681e-01
7.957453673425683993e-01 -2.757921273148327690e-01 5.391920000000000046e-01
6.478979881915839512e-01 4.296006552385710740e-03 7.617150000000000309e-01
9.244127459637593303e-01 -3.694038984847644591e-01 9.487800000000000400e-02
4.926493554968406352e-01 6.018254342785352984e-01 6.285720000000000196e-01
9.712479505942689384e-01 -1.598189918702797307e-01 1.764519999999999977e-01
8.985987798678332084e-01 -4.191208973268232829e-01 -1.298380000000000922e-01
1.014699737713309485e-01 -9.409377567798230535e-01 3.230169999999999986e-01
-1.955601160230229993e-02 -7.511744456610665033e-01 6.598140000000000116e-01
6.345478757601041853e-01 -4.393689139747365968e-01 6.358489999999999975e-01
-4.997366019563426187e-01 5.383565711952701394e-01 6.785539999999999905e-01
3.064883071897362976e-01 -2.892542899162773296e-01 9.068610000000000282e-01
3.798499511691640074e-02 -5.849699248003847885e-01 8.101650000000000240e-01
2.139908585558530640e-01 -6.829005486148981285e-01 6.984660000000000313e-01
6.703889044665087837e-01 6.796479031470590293e-01 2.977540000000000187e-01
2.680507248556533439e-01 -5.000854866803863263e-01 8.234460000000000113e-01
9.108642213657346387e-01 2.724360662096594887e-01 3.100080000000000613e-01
3.156259303091758506e-01 8.759848065808375495e-01 3.647340000000001137e-01
-7.434081485451694560e-01 1.349660269684310743e-01 6.550789999999999669e-01
-7.941970877390130967e-01 -5.994860662282905928e-01 -9.933499999999990948e-02
-8.938495937829492310e-02 9.245435798338229594e-01 3.704450000000000798e-01
3.502092859946671632e-01 2.466992014642639397e-01 9.035999999999999588e-01
8.372919070147798182e-02 -3.920678929732394624e-01 9.161179999999999879e-01
-8.842876781465277558e-01 1.019900782146117291e-01 4.556680000000001285e-01
-7.036000427961459913e-02 9.862710599894800589e-01 1.493949999999999168e-01
1.253810598157996392e-01 9.578334569555747580e-01 2.585240000000000316e-01
-3.144588532538255543e-01 7.010616728407630394e-01 6.400219999999999798e-01
2.234482589185923795e-01 4.197624863958780428e-01 8.796990000000000087e-01
-6.574408296445254374e-01 6.639978279454820109e-01 3.562000000000000166e-01
-4.440415844329909795e-02 -3.098561056312144069e-01 -9.497460000000000901e-01
-4.766600420731858523e-01 -8.444420745360742275e-01 2.443619999999999681e-01
-3.549835497230813264e-01 -4.578604192294858377e-01 8.150770000000000515e-01
-9.004956678105752177e-01 -4.139278473035924999e-01 -1.333089999999999831e-01
4.912422438905749700e-01 -1.590527551894431180e-01 8.563779999999999726e-01
8.252313343943038504e-01 -5.113062071878226034e-01 2.399149999999999894e-01
-5.697963576047092582e-01 1.473430924726579772e-01 8.084689999999999932e-01
-1.043019682043362789e-01 8.155837513754804480e-01 5.691610000000000280e-01
-2.878449230344031773e-01 9.235007530691670130e-01 2.535580000000000056e-01
7.512305149382086933e-01 -4.832136879939081253e-01 4.496189999999998799e-01
9.080828774845727258e-01 -1.030539860963096549e-01 4.059130000000000238e-01
-6.584868963904094707e-01 -7.414128833424236120e-01 1.292360000000000453e-01
-2.336649115238012275e-01 -3.899298523547630596e-02 9.715350000000000374e-01
-4.617145372718483576e-01 3.506004079744389212e-01 8.147999999999999687e-01
1.021230816996768070e-01 7.453695963045187112e-01 6.587830000000000075e-01
-4.335093363587096960e-01 -7.734796001407090449e-01 4.623839999999999617e-01
-1.050430226306131726e-01 -9.675062084408680985e-01 2.299949999999999217e-01
5.688740216844416775e-01 2.383920090870692288e-01 7.871160000000000379e-01
9.739935025450773276e-01 1.688310871106752931e-01 -1.511049999999999061e-01
8.126861388330768321e-01 -5.816190993593531866e-01 3.550300000000010392e-02
-9.747103262611859220e-01 2.137330715420813210e-01 6.525300000000004708e-02
-3.910219239427274451e-01 -6.356758763553387315e-01 6.655959999999999654e-01
-1.408261671248199343e-01 -4.370665186867238039e-01 8.883360000000000145e-01
-6.672927331712438237e-01 7.394997042980145929e-01 -8.866000000000009984e-02
-6.354706717539205796e-01 7.612326067928388840e-01 1.292360000000000453e-01
-8.657408380175238283e-02 4.704024553389227759e-01 8.781949999999999479e-01
3.123039040922589993e-01 7.632847655971741752e-01 5.655639999999999556e-01
-9.158369156014081192e-01 2.661459754734218919e-01 3.006809999999999761e-01
-8.289938864452112144e-01 -2.729579626104796652e-01 4.881220000000000558e-01
-4.878760935389422349e-01 8.166441565726049179e-01 3.083329999999999127e-01
1.242239706155772033e-01 9.920977653253232331e-01 1.761899999999992986e-02
-2.348727930856254476e-01 -7.809613120015337362e-01 5.787349999999999994e-01
-3.018415996865103645e-01 5.311602955555774219e-01 7.916819999999999968e-01
7.958573625771514504e-01 -5.423795655941077848e-02 6.030499999999999750e-01
-5.133857760181679275e-01 -2.650058843822594712e-01 8.162150000000000238e-01
7.415758877020793838e-01 1.812099725591089783e-01 6.459319999999999506e-01
-8.932870709536921972e-01 -3.423780271950485066e-01 2.912309999999999621e-01
8.896327185313445129e-01 -3.142349005800111339e-01 3.313760000000000039e-01
8.071601914765699215e-01 4.944091172849738869e-01 3.225709999999999411e-01
4.845299224037364350e-01 8.746728599233140056e-01 -1.334699999999989367e-02
-3.058149586588935209e-01 8.345968871763537189e-01 4.581760000000000277e-01
9.666560311564794672e-01 5.622800181229570954e-02 2.498290000000000510e-01
1.117439963979225959e-01 8.733409718477778139e-01 4.741189999999999571e-01
-4.542651261900202964e-01 -5.957988539402341716e-02 8.888719999999999954e-01
6.362341152273542910e-01 4.068100736767290004e-01 6.555239999999999956e-01
-4.631780977742101513e-01 8.824601862822277765e-01 8.203700000000001269e-02
8.898199883593728432e-02 5.777639924416900774e-01 8.113390000000000324e-01
-9.225425338740549375e-01 -1.082890626667267625e-01 3.703900000000001080e-01
-2.656690695046821649e-01 9.634252520525483643e-01 3.509599999999999526e-02
9.746307568228217422e-01 2.096729476851357243e-01 7.830799999999989158e-02
-6.449368566212128062e-01 3.431419237145895140e-01 6.828689999999999483e-01
-5.509728102743302047e-01 -4.567038427355381014e-01 6.984629999999999450e-01
9.172331867388837656e-01 3.898140793619847000e-01 -8.202600000000011271e-02
4.397726827894652968e-01 -5.756465847828476923e-01 6.893700000000000383e-01
-6.716770348614268249e-01 5.160120267820913487e-01 5.315839999999999455e-01
-2.541644611255671760e-01 3.364566104265899749e-01 9.067509999999999737e-01
-7.813773565389728892e-01 -5.294222415729875619e-01 3.303960000000000785e-01
-6.344051452433538962e-01 -6.948621590846338902e-01 3.386689999999999423e-01
-3.109462524092497793e-01 -2.550623867677143664e-01 9.155630000000000157e-01
9.724836646322037037e-01 -5.535598091010265204e-02 -2.262989999999999446e-01
3.127961923029651259e-01 -8.695735346023167889e-01 3.821000000000000507e-01
-3.019000571355655027e-01 -9.455321789450332748e-01 1.217589999999999784e-01
8.752571960289469155e-01 1.177870263804363521e-01 4.690959999999999575e-01
-5.762678841675568098e-01 -6.179658757860723162e-01 5.348209999999999908e-01
-6.917900189257325527e-02 -8.839440241826104216e-01 4.624469999999999970e-01
0.000000000000000000e+00 -0.000000000000000000e+00 1.000000000000000000e+00
-6.462362373766376011e-01 -6.111902245034729619e-02 7.606859999999999733e-01
4.938870146418418150e-01 8.376530248331758299e-01 2.332660000000000566e-01
