1.564630302005127760e-01 -7.541261455615190235e-01 6.378190000000000248e-01
3.007971294737378787e-01 8.623843712007768225e-01 4.072029999999999816e-01
-5.668299304313180187e-01 -8.126679002589108913e-01 1.351840000000000541e-01
-2.600517592063205652e-01 5.639114778488710789e-01 7.838220000000000187e-01
-2.717055311570797382e-01 2.077786414664632708e-01 9.396830000000000460e-01
6.252100476428096298e-02 -8.714970664105902154e-01 4.863990000000000813e-01
-6.507642618254223521e-01 6.292372531643475320e-01 4.249310000000000587e-01
-7.347388124015828970e-01 2.655339322021042503e-01 6.242199999999999971e-01
3.016380202099111507e-01 -9.533830638771831900e-01 -8.674000000000028909e-03
7.584139529785310918e-01 -6.513369596172770004e-01 -2.384200000000001249e-02
2.958830071606083356e-01 8.795729939917137918e-02 9.511659999999999560e-01
9.021798418976424705e-02 9.926138260495546151e-01 8.110800000000006893e-02
-4.553231221100839110e-01 -7.219051936029590166e-01 5.210890000000000244e-01
4.246397608081284303e-02 -6.491666343362142433e-01 7.594600000000000239e-01
9.155170649684980511e-01 1.440900102251633369e-02 -4.020210000000001282e-01
-2.806067953447632379e-01 -4.964126379508706499e-01 8.214829999999999632e-01
-7.126790724884680683e-01 -4.768290484995403311e-01 5.145120000000000804e-01
2.105699553931739132e-01 -9.197678051577564684e-01 3.311910000000001242e-01
-8.467202816843992785e-01 5.129981706627144700e-01 1.410589999999999622e-01
5.455751127792829447e-01 -3.743250773791047536e-01 7.498190000000000133e-01
-7.350116495147697160e-01 5.463197394912049087e-02 6.758499999999999508e-01
-1.825449298461614966e-01 7.246487215102638269e-01 6.645010000000000083e-01
-3.074899424453098398e-02 9.683428187496150308e-01 2.477229999999999988e-01
9.257155320334526927e-01 -2.218998878254487602e-03 3.782140000000000502e-01
9.756301882277892412e-01 2.240000432162036689e-02 -2.182750000000000246e-01
5.492775492315060681e-01 -6.618814568223152506e-01 5.101050000000000306e-01
-6.072597766562138483e-02 8.318846940415206559e-01 5.516159999999999952e-01
-5.494600545746497477e-01 -2.422410240603825871e-01 7.996330000000000382e-01
9.686993847511792266e-01 2.079340825879367194e-01 -1.355909999999999060e-01
-5.205360903514083537e-01 -7.859511364204967432e-01 3.336509999999999199e-01
4.779508849391307379e-01 7.685368149840980934e-01 4.253399999999999959e-01
5.983168182620558495e-01 4.495278634565045839e-01 6.632810000000000095e-01
-4.513724262251494479e-01 3.012646170389447486e-01 8.399419999999999664e-01
-4.387061353845823075e-01 4.873581503985796037e-01 7.549960000000000004e-01
-6.434266280493332602e-01 -3.680477872397348027e-01 6.712249999999999606e-01
8.373662333893425735e-01 -1.854410516858256419e-01 5.142269999999998786e-01
-7.102609072076834229e-01 4.577119402020427552e-01 5.348170000000000979e-01
8.590063618228616082e-01 1.858800782947191144e-01 4.770289999999999808e-01
2.894139471976812095e-01 4.766499130372917059e-01 8.300870000000000193e-01
-7.060109373873876826e-02 6.162928182665233789e-01 7.843459999999999877e-01
-2.424150187177123994e-01 -9.663840746178981034e-01 8.565499999999993952e-02
4.600466643874701611e-01 3.754547260988498891e-01 8.046060000000000434e-01
8.373305623058842073e-01 2.071998916913135071e-03 5.466929999999999845e-01
7.556099265598597015e-01 -6.239439393568972925e-01 1.993680000000001007e-01
-8.266991229507321126e-01 -5.488800816321269815e-01 1.236900000000000499e-01
-8.107465307745354011e-02 2.674208556926153113e-01 9.601629999999999887e-01
-4.468882093768198893e-01 1.053328136478825783e-01 8.883670000000000178e-01
-7.189238733016997118e-01 6.556648844500380102e-01 2.307640000000001079e-01
-8.287641292485893318e-01 -8.795301371657206213e-02 5.526429999999999954e-01
-3.362591123007015459e-01 -8.496142837463034336e-01 4.063070000000000292e-01
-8.384646548053423798e-01 -5.389387781197026994e-01 -8.075900000000006684e-02
-5.576399786164552147e-02 -7.776769701788052158e-01 6.261860000000000204e-01
9.858151550059894852e-01 -1.576980247958638670e-01 5.744399999999993262e-02
8.880702179401834817e-01 -2.855250700703445554e-01 3.602869999999999684e-01
9.170632920917711761e-01 1.982030631292128198e-01 -3.459920000000000773e-01
-2.674272543941326186e-01 1.595207482479339689e-02 9.634460000000000246e-01
-3.777002741104075745e-01 -3.196393856956976642e-01 8.690069999999999739e-01
-5.986712903722465340e-01 3.862931873629528168e-01 7.016909999999999537e-01
3.743512062433831944e-01 -7.106043914972127729e-01 5.957369999999999610e-01
5.857075899881958314e-01 -1.721898794622362117e-01 7.920209999999999750e-01
2.433109772092450496e-01 6.577269383912158762e-01 7.128780000000000117e-01
7.260065254621624886e-01 -8.993994121278019171e-02 6.817809999999999704e-01
-9.000972022628541680e-01 -3.797120853259515205e-01 2.136440000000000283e-01
4.291260852519413471e-01 5.631601118796887295e-01 7.061880000000000379e-01
1.113531342566644738e-01 1.951829881578240888e-01 9.744249999999999856e-01
6.589621499760462964e-01 6.482871475464762057e-01 3.814350000000001351e-01
-2.847959378376788697e-01 8.065428239561474033e-01 5.180540000000000145e-01
-6.451200194328851056e-01 7.573630228139699438e-01 -1.011010000000000658e-01
-9.837527622371540215e-01 -3.541399144080551592e-02 -1.760010000000000185e-01
-8.409065086704763381e-01 -3.650227867224594691e-01 3.995429999999999260e-01
-5.940974281634542331e-01 -1.803001299415251182e-02 8.041909999999999892e-01
-2.628888710179757005e-01 -7.675556234116809318e-01 5.845920000000000005e-01
2.961915738754978822e-01 2.874735569842129523e-01 9.108399999999999830e-01
7.787580052095868233e-01 -3.897130026070276809e-01 4.915890000000000537e-01
6.396302421300606444e-02 9.039053421705871560e-01 4.229230000000001044e-01
4.654880817060942366e-01 1.740626566170368761e-01 8.677690000000000126e-01
-1.740742217968717365e-01 -6.545628340119943323e-01 7.356939999999999591e-01
9.032877707275178691e-01 -3.508909109368766877e-01 -2.468739999999999546e-01
1.089701134009930794e-01 5.580945807874995168e-01 8.225909999999999611e-01
9.759966883885144995e-01 -1.668959467142721864e-01 -1.399149999999999561e-01
1.514739983782344979e-01 -9.780329895286307140e-01 1.432030000000000525e-01
-3.808301901700766323e-01 6.624793308134400149e-01 6.450500000000000123e-01
-1.708504112935243235e-01 -3.463028336656135964e-01 9.224339999999999762e-01
6.117467267672278552e-01 4.675097911897348885e-02 7.896710000000000118e-01
4.319140927557456044e-01 -8.079211735051762266e-01 4.008910000000000529e-01
-7.933781250168890908e-01 5.012580789859506503e-01 3.453859999999999708e-01
1.103751486308556795e-01 3.820395144533043630e-01 9.175309999999999855e-01
7.027022743056835496e-01 -2.892091128951851386e-01 6.500519999999999632e-01
5.364202530857638263e-02 7.301873445060480528e-01 6.811380000000000212e-01
-1.940439798174437569e-01 -9.408499021419981512e-01 2.777560000000001139e-01
-2.830821016382893407e-01 -9.527583420800099789e-01 -1.100730000000000597e-01
3.608617797463344323e-01 -4.515347244036808649e-01 8.160239999999999716e-01
-4.374619173006795148e-01 -1.017132132793644034e-01 8.934659999999999824e-01
7.154809073651889895e-01 4.948139359354036815e-01 4.932000000000000828e-01
-9.270121418101112676e-01 1.727620264283509233e-01 3.328690000000000260e-01
6.355475172847571130e-01 -4.886893977540144873e-01 5.977139999999999675e-01
-5.830287614005760233e-01 -8.095396687029673410e-01 -6.872399999999995179e-02
-5.570575836958593374e-01 -5.640945784369236771e-01 6.094950000000000090e-01
7.990364529630381574e-01 5.264822984557470109e-01 2.904430000000001177e-01
-7.463395771353016628e-02 -5.176287067194158542e-01 8.523439999999999905e-01
7.404865100287694180e-01 1.321089125850834767e-01 6.589589999999999614e-01
3.679049564991476173e-01 7.272319140125523829e-01 5.794650000000000079e-01
1.085056959442601276e-01 2.370927803996357441e-03 9.940930000000000044e-01
7.136088437248089278e-01 -5.636168765719682394e-01 4.160509999999999486e-01
1.808630511098515137e-01 8.106402290777551256e-01 5.569119999999999626e-01
9.367883323517595118e-01 1.962490696248248845e-01 2.896790000000000198e-01
-9.372603217046480140e-01 3.456011186239125177e-01 4.585799999999998905e-02
9.301373433930509860e-01 -3.319481225503732591e-01 1.570190000000000197e-01
-4.800402063134913688e-01 7.329273150002669768e-01 4.820570000000000133e-01
-2.732873409385228047e-01 3.910644878709285122e-01 8.788529999999999953e-01
4.839560292567259281e-01 -8.746170528734635852e-01 2.883700000000000846e-02
-6.139963229007272538e-01 7.822744113981907610e-01 1.051439999999999736e-01
-5.578960851712895241e-01 7.736921181158233907e-01 3.002539999999999654e-01
2.639179659863372662e-01 -8.315618928285701816e-01 4.887250000000001315e-01
1.455097526580680367e-01 -4.998951502629205845e-01 8.537749999999999506e-01
7.241998444642376229e-03 -9.513017956897420468e-01 3.081760000000000055e-01
5.724135715857684437e-01 7.787334171688180540e-01 2.567429999999998880e-01
-1.594429585105732183e-01 9.066827640676730082e-01 3.905180000000000318e-01
6.215331243342687717e-01 -7.119431424202934400e-01 3.268539999999998669e-01
4.689232353736678682e-01 -5.588112804925216004e-01 6.839889999999999581e-01
9.555262164107137801e-01 -1.456320329832208327e-01 2.564389999999999170e-01
-4.115499171957495150e-01 -8.812948226826093912e-01 -2.322630000000000250e-01
-7.859292788416242237e-01 -2.734380970137201272e-01 5.545689999999999786e-01
-1.378350473029764933e-01 -8.770053009754196216e-01 4.602859999999999729e-01
6.126637620135065854e-01 2.589043220177241755e-01 7.467340000000000089e-01
-8.176094286846850856e-02 4.493806859893502148e-01 8.895910000000000206e-01
-8.047961315543841754e-02 7.167365548338586190e-02 9.941759999999999486e-01
-3.698038817741945983e-01 8.609287247622404715e-01 3.493519999999999959e-01
2.647261808386815463e-01 -6.165664211863680633e-01 7.414619999999999544e-01
-6.982893324457430939e-01 -1.559778508874854475e-01 6.986149999999999860e-01
-4.574201058134327869e-02 -9.921162295028623790e-01 1.166750000000000426e-01
-1.066599703162025292e-01 9.928397236896531197e-01 5.378599999999989639e-02
-5.576890861977491509e-01 5.718960883936168305e-01 6.015960000000000196e-01
2.087893956179402710e-02 -3.562719687005629909e-01 9.341490000000000071e-01
3.433031168033306990e-01 -9.188183126130642364e-01 1.947199999999999487e-01
-8.440089138283959347e-01 -3.634859628888181260e-01 -3.943690000000000251e-01
8.371128875063110764e-01 -4.660839373662712948e-01 2.863699999999999579e-01
4.361949537375873764e-01 -8.846669061730884076e-01 -1.646160000000000956e-01
5.529640922743895848e-01 6.211051036452368557e-01 5.553909999999999680e-01
-2.617073182757543859e-01 -1.770498918381850917e-01 9.487689999999999735e-01
-8.346890397594737276e-01 3.245920154615757336e-01 4.448980000000000712e-01
9.993007078103190999e-01 2.886399156033772617e-02 -2.376899999999998805e-02
4.226133728162903003e-01 -2.541596228118054857e-01 8.699430000000000218e-01
7.204108025120272707e-01 6.720398157720840482e-01 1.713790000000000036e-01
-6.872379943473542196e-01 -6.879959943411195766e-01 2.331640000000000934e-01
5.076611364384359115e-01 -8.314222234521011501e-01 2.258700000000000430e-01
-6.306130219976161522e-01 -6.457630225260920787e-01 4.304850000000000065e-01
2.897223348217078942e-01 -1.174587303245616943e-01 9.498760000000000536e-01
7.439331010029516245e-01 3.208830435659261182e-01 5.861720000000000264e-01
-9.066960707664687424e-01 -3.745850292358822720e-01 -1.938769999999999938e-01
-7.904633896921869907e-02 -1.361258616375425612e-01 9.875329999999999941e-01
8.613536391187174290e-01 -5.030197892498291523e-01 7.099999999999992428e-02
-4.767596133741333064e-01 -4.502936348365885189e-01 7.549409999999999732e-01
-2.404009118237439291e-01 9.482316521996682068e-01 2.075190000000000368e-01
-6.071417443815443349e-01 1.876669209885845901e-01 7.721139999999999670e-01
-8.422618894631173081e-01 1.315459827361502299e-01 5.227720000000000145e-01
4.593495814748799200e-01 -3.636188771024680827e-02 8.875110000000000499e-01
-7.205620233373206673e-01 -6.926740224340932617e-01 3.151300000000001322e-02
-3.738918153874820627e-01 -6.231276923249785549e-01 6.869619999999999616e-01
-4.311958095800552115e-01 -9.022476015593505760e-01 4.409000000000043960e-03
1.051556839475175087e-01 -1.902844280873499383e-01 9.760809999999999764e-01
9.739950674297085387e-01 2.132000147598435424e-01 7.667699999999991189e-02
1.803879967403832218e-01 9.446489829301630836e-01 2.740409999999998680e-01
-3.907007443838922955e-01 -8.957754139386013836e-01 2.119890000000000385e-01
-7.794417066944115957e-01 -5.378367976108578974e-01 3.212510000000000643e-01
-9.233594232959614345e-01 -3.836191758626637527e-01 1.561099999999992008e-02
2.379925922310157371e-01 -3.284194372965178466e-01 9.140570000000000084e-01
