-6.411842487885353048e-01 -4.835301876165351009e-01 5.958869999999999445e-01
-8.343467304426787079e-01 -4.508188543512927637e-01 3.172189999999999177e-01
-3.613471842507196552e-01 -4.571782331149160106e-01 8.126600000000000490e-01
5.496098652640432070e-01 -8.117228010074868383e-01 1.975730000000000819e-01
6.750719612087470178e-01 2.149559876481137444e-01 7.057419999999999805e-01
-5.860511182704659650e-01 -1.923220388123431102e-01 7.871190000000000131e-01
-9.354926278679797091e-01 3.149568747124940060e-01 1.601740000000001218e-01
7.065760810964243355e-01 6.017410690641110671e-01 3.723679999999999768e-01
-9.271913979755090907e-01 -3.233561387931596642e-01 -1.890949999999999853e-01
9.526348942900696448e-01 1.355719849561409229e-01 2.722260000000000235e-01
2.807299488080813171e-02 -5.609168977151803848e-01 8.273960000000000203e-01
5.375232372903774314e-01 7.185593172090056768e-01 4.412950000000001038e-01
-2.702117161409715584e-01 6.458303215513739870e-01 7.140649999999999498e-01
-6.895790288147365388e-01 5.822990243319361436e-01 -4.305909999999998350e-01
-3.695279212058884960e-02 1.542281323834680806e-01 9.873439999999999994e-01
6.431352974640196507e-01 7.530603483067389581e-01 -1.388420000000000765e-01
5.557497962061657137e-01 -6.092277765957534452e-01 5.656710000000000349e-01
5.856742122539605466e-01 -1.471908020247965354e-01 7.970699999999999452e-01
-4.289750000268721108e-01 8.136620000509702244e-01 3.923449999999999993e-01
6.758911437971408809e-01 -7.339501561493073645e-01 6.699500000000005451e-02
4.154008564539787285e-01 -8.478977070002613470e-01 3.294109999999999538e-01
5.157592800539414490e-01 8.444394585251450147e-01 1.446180000000000243e-01
-3.535199999615495914e-01 -7.959539999134285226e-01 -4.914069999999998717e-01
-3.536119233329457212e-01 -9.280687987842146658e-01 -1.168200000000000072e-01
1.129629347792097671e-01 -8.240685242120754372e-01 5.551129999999999676e-01
-2.348293978421524264e-01 1.889105155889743148e-01 9.535029999999999895e-01
7.702319818757016323e-01 4.402409896407066259e-01 4.614439999999999653e-01
7.867181314986502194e-01 -2.663190445147931018e-01 5.569100000000000161e-01
7.943012525409864910e-01 2.575850818968754008e-01 5.502139999999999809e-01
1.111395102278076447e-01 3.039346606136308360e-01 9.461880000000000290e-01
8.686875157935591840e-01 -4.837562872360574584e-01 -1.065920000000000339e-01
-3.120827565044775875e-01 2.134991493114227201e-02 9.498149999999999649e-01
8.001017009985683659e-01 -5.301498018807490054e-01 2.806750000000000078e-01
-6.964124125674450161e-01 3.272381938618884600e-01 6.386899999999999800e-01
7.861517800485428031e-01 6.840698086092851515e-02 6.142360000000000042e-01
1.714060523701414207e-01 9.851613009989198533e-01 8.784999999999914405e-03
-3.475999015701457511e-03 -9.864517206664716875e-01 -1.640150000000000774e-01
6.992927568415951978e-01 -5.791337986233244806e-01 -4.190390000000000503e-01
8.576117106261343936e-01 -8.669497074753236554e-02 5.069379999999999997e-01
-6.313738557692178954e-01 5.101278834665977646e-01 5.840689999999999493e-01
7.593662873294315663e-01 6.265792370853947579e-01 1.753889999999999338e-01
-4.463851841450867108e-01 -7.974793289802294405e-01 4.059150000000000258e-01
9.689866567003146969e-01 -1.309159536181377093e-01 -2.095850000000000768e-01
9.602774074016876549e-01 -2.071000878630744058e-01 1.870210000000001038e-01
9.802904646522390131e-01 1.683979080359890579e-01 -1.033089999999999981e-01
-4.821347913539529295e-01 -8.463386337430663930e-01 2.264000000000000734e-01
9.802532723749862731e-01 -1.976340549149638304e-01 -6.656000000000055102e-03
-7.537481228688107660e-01 -6.148641002292655200e-01 2.319609999999999173e-01
8.866553207319174401e-01 1.039369203737563474e-01 4.505989999999999163e-01
6.958101680155936997e-01 -6.768821634450942204e-01 2.401639999999999608e-01
-3.590278576989507919e-01 7.429537055295585279e-01 5.649060000000000192e-01
-6.362328041248077604e-01 7.600227660139425856e-01 1.325639999999999319e-01
5.406578228150961118e-01 -4.179556360773715173e-01 -7.300699999999999967e-01
-8.215258580171388436e-01 2.199409619879926225e-01 5.260430000000000383e-01
2.428409553468905135e-01 7.254218666108772640e-01 6.440430000000000321e-01
-9.147648225499439567e-01 1.027979800588011833e-01 3.906889999999999530e-01
2.932475698448660517e-01 -2.925375708863399704e-01 9.101799999999999891e-01
-5.040342244813759143e-01 -8.627313842340836869e-01 4.054700000000010379e-02
3.205451471430196264e-01 5.763452645654857376e-01 7.517160000000000508e-01
4.789382805596136272e-01 -3.112911823527944599e-01 8.208020000000000316e-01
-1.614540477454952938e-01 7.716392281906068185e-01 6.152279999999999971e-01
-1.681377130091863681e-01 5.208611109528532568e-01 8.369189999999999685e-01
4.246211506484288134e-01 -7.443622640871877527e-01 5.153849999999999820e-01
2.073890287278342681e-01 -9.751321350767421237e-01 7.814799999999998137e-02
-7.483301064626067534e-02 3.382200481175187123e-01 9.380870000000000042e-01
8.355532433197387920e-01 4.728721377041211760e-01 2.797189999999999954e-01
3.859510284738188468e-01 -9.122450673015455314e-01 1.372980000000000311e-01
-4.234903346924287493e-01 3.056002415216563795e-01 8.527979999999999450e-01
-9.278725874935734863e-01 -3.084728628615177604e-01 2.095160000000001188e-01
-6.769693994925593539e-02 -8.376512569593068669e-01 5.419939999999999758e-01
4.422629343801571244e-01 8.401918753382782157e-01 3.138170000000000126e-01
4.693599138005755816e-02 -8.683158405310656969e-01 -4.937860000000000582e-01
1.289019631122713672e-01 6.239448214464181630e-01 7.707640000000000047e-01
-7.119272718517423160e-01 -5.619262145733510128e-01 4.211869999999999226e-01
5.522860299056995270e-01 3.413250184823856670e-01 7.605769999999999476e-01
7.347437328647069554e-01 -1.150739581618540341e-01 6.685130000000000239e-01
-5.644509595504394461e-01 -6.503069533978458328e-01 5.084250000000001268e-01
5.323529585160977629e-01 -4.641639638297634374e-01 7.079210000000000225e-01
1.527848900848024216e-01 1.133111768440114575e-01 9.817420000000000035e-01
9.644535331889787511e-01 6.813296702254817427e-02 -2.553179999999999339e-01
2.379199794527020739e-01 -9.331149194141232783e-01 2.696120000000001293e-01
-8.661682345431857000e-01 -4.928811334635775920e-01 -8.258799999999989760e-02
3.080429938516170973e-01 -9.142589817518517181e-01 -2.631349999999998968e-01
2.169510793794877379e-01 -5.966572183088671988e-01 7.726140000000000230e-01
-4.803957235980858553e-01 8.536505088411014963e-01 2.012479999999999269e-01
4.526198348420969880e-02 7.656567206170629136e-01 6.416549999999999754e-01
-6.121481714730392376e-01 -7.189072013780462012e-01 3.293130000000000224e-01
-3.667352886426557546e-01 4.922533874329235171e-01 7.894250000000000433e-01
1.593849808558538694e-01 8.474978982048151366e-01 5.063039999999999763e-01
-7.172563425545068760e-01 -8.432704027375699518e-02 6.916879999999999695e-01
3.535061473508425700e-01 -4.611811922326889968e-01 8.138459999999999583e-01
-3.571901913448484178e-01 9.320174992767199518e-01 6.130700000000006977e-02
5.012595340258042126e-02 -5.165907431886778561e-02 9.974060000000000148e-01
-6.487520023504831368e-01 3.011670010911533524e-01 -6.988699999999998802e-01
-1.966101695820586179e-02 -4.934234255922283485e-01 -8.695669999999998678e-01
4.741598414220142554e-02 -9.757036736857285231e-01 2.139019999999999255e-01
7.712826504108366565e-01 -6.342427125251304254e-01 -5.347199999999990155e-02
-4.797736377279294695e-01 -5.608715764917219238e-01 6.747149999999999537e-01
7.239793135157322757e-02 -7.133503235942442178e-01 6.970579999999999554e-01
-5.975579419276215720e-01 7.337409286929721386e-01 3.233400000000000163e-01
5.007772379044265199e-01 2.017700958549936002e-02 8.653410000000000268e-01
6.721599986085916578e-01 4.036319991644594096e-01 6.207110000000000127e-01
-5.986060761877453062e-01 2.362800300726027383e-02 8.006950000000000456e-01
-2.439510888617855977e-01 8.586773127823683627e-01 4.507339999999999680e-01
1.236690219452041967e-01 -9.408981669634161049e-01 -3.153040000000000287e-01
-5.380528326258801064e-01 -3.873638795012600000e-01 7.486310000000000464e-01
4.818613300617676787e-01 2.015447197896886866e-01 8.527540000000000120e-01
6.153653173342806815e-01 5.722692951103353076e-01 5.420639999999999903e-01
-5.234500403641778599e-01 8.520540657034273435e-01 -1.981000000000021806e-03
8.358635338853083185e-01 -4.618242949778237350e-01 -2.967330000000000800e-01
-2.551903573740654796e-01 3.636595092765988468e-01 8.958960000000000257e-01
7.451388729395997945e-01 -6.220788939236751025e-01 -2.403869999999999618e-01
2.062824622428946486e-01 4.541600176931131494e-01 8.667099999999999804e-01
8.960576207338841748e-01 -3.772818403113651908e-01 2.339640000000000608e-01
-1.022131168298267279e-01 -6.780747750410216490e-01 7.278510000000000257e-01
-4.591923414158386452e-01 -8.571406372958841058e-02 8.841919999999999780e-01
-6.561300746168219344e-02 6.556680745642823327e-01 7.521930000000000005e-01
-2.234477311502374997e-01 -3.483485808709591569e-01 9.103430000000000133e-01
9.982791392613451498e-01 -1.449600202221268744e-02 -5.682100000000001039e-02
-9.902182450842257344e-01 2.686700664972568875e-02 -1.369160000000000099e-01
2.699419350100888959e-01 -8.511057950918962112e-01 4.502779999999999561e-01
-4.487869991442124951e-01 1.267447173421151485e-01 8.846049999999999747e-01
6.217759100142493667e-01 7.368478933605985270e-01 2.654239999999999933e-01
8.786759423516912193e-01 2.938809807190106427e-01 3.762479999999999158e-01
2.669090788319938290e-01 -7.306102157868150648e-01 6.284650000000000514e-01
9.013313210694944289e-01 8.406002994360750602e-02 -4.248949999999999116e-01
9.430911162447904728e-01 -5.374800662494393089e-02 3.281620000000001203e-01
-3.345039874755886822e-01 -9.384859648614524152e-01 8.573899999999996802e-02
-1.799289520809941034e-01 9.765897399128434797e-01 1.178899999999999254e-01
7.787801470245095947e-01 -4.073620769051571333e-01 -4.770300000000000651e-01
6.912300844954992474e-02 9.333921140972231134e-01 3.521379999999999511e-01
-4.166459975056046594e-01 -2.781599983346988991e-01 8.654669999999999863e-01
7.762688348403626870e-01 6.294678660738654008e-01 -3.430599999999996846e-02
-1.331376739654160646e-01 -1.086472857823091859e-02 9.910379999999999745e-01
5.671432098779009001e-01 -7.281772694704161664e-01 3.848460000000001324e-01
-2.711690922197387832e-01 -8.988843056944109122e-01 -3.442009999999998682e-01
8.303067198909639401e-01 -5.483478150115200789e-01 9.952599999999994784e-02
3.858530690625089354e-01 4.022610719993208184e-01 8.302429999999999533e-01
2.322001377219084228e-01 -9.496546530674565556e-02 9.680210000000000203e-01
-2.985438816446555621e-01 -6.185007548003008671e-01 7.268620000000000081e-01
-6.831870254918344099e-01 4.484460167329168967e-01 -5.763260000000000050e-01
1.101190487502683446e-01 9.254604097060749046e-01 -3.624870000000000037e-01
-8.256664333065709682e-01 2.256898450985186932e-02 5.637069999999999581e-01
-5.402342581651906617e-01 6.773813237045336333e-01 4.993010000000000503e-01
5.880861317359974416e-01 -2.276920510048406898e-01 -7.760869999999999713e-01
-8.924372023676798715e-01 2.870630650939768880e-01 3.480670000000000708e-01
7.212631865918763818e-01 -1.284010332175413160e-01 -6.806559999999999278e-01
-3.051710623541485368e-01 -9.114901862404445332e-01 2.757830000000000004e-01
4.350169037223979296e-01 6.659088526215716231e-01 6.060740000000000016e-01
9.253018926287898127e-01 -3.765389563067538248e-01 4.510900000000007265e-02
-6.889030972371598116e-01 -2.990920422161851833e-01 6.602700000000000236e-01
7.846596442894146484e-02 -9.165135845159285699e-01 3.922319999999999696e-01
-8.944160120692018490e-01 2.364790031910348200e-01 -3.796019999999998840e-01
-4.629952062021151504e-01 5.958982653925593009e-01 6.561559999999999615e-01
-8.326182474687153501e-02 -2.065450459241792158e-01 9.748879999999999768e-01
-8.872009714725630491e-01 -2.623689915636759351e-01 3.795220000000001370e-01
-3.979178945105851239e-01 -7.157338102564827498e-01 5.739220000000000432e-01
-2.655849645963070382e-01 -8.513458865116916297e-01 4.524100000000000343e-01
-2.736959253263241965e-01 -1.669729544440267666e-01 9.472120000000000539e-01
-1.654768502895090920e-01 -5.199325296057780710e-01 8.380260000000000487e-01
-1.440290058160186015e-01 -9.734080393070776438e-01 1.781360000000000721e-01
2.971983627282730467e-01 2.582143151485483679e-01 9.192379999999999995e-01
-8.079480531182400282e-01 -1.917270126050201473e-01 5.571899999999999631e-01
8.077010387205394437e-01 -4.061740194716564334e-01 4.273660000000000792e-01
-2.179489711073313851e-01 -7.604148991946800829e-01 6.117740000000000400e-01
-1.887669306201160968e-01 -9.627516461477800824e-01 -1.935880000000000101e-01
1.074963859948355333e-01 -2.496768965323971357e-01 9.623439999999999772e-01
-2.882811205215237912e-02 -3.909955197627058565e-01 9.199410000000000087e-01
4.078329865709052759e-01 -1.405179953730337217e-01 9.021789999999999532e-01
6.586170993460684908e-01 7.503171131781355419e-01 5.698899999999996330e-02
7.785428771453022367e-01 3.833489395072262607e-01 -4.969049999999998191e-01
8.671378326810867954e-01 4.822889069397590101e-01 -1.243760000000001115e-01
3.334882331138476763e-01 6.850525330661805246e-02 9.402620000000000422e-01
6.487598210739917715e-01 4.443198774579137228e-02 7.596950000000000092e-01
1.644400300863244901e-01 -4.339090793889990305e-01 8.858230000000000270e-01
5.029111107900825495e-01 5.135371131309648396e-01 6.952409999999999979e-01
9.835339986970851323e-01 1.591149997892159496e-01 8.569299999999993589e-02
1.896299321005703517e-02 -9.994606421303018351e-01 2.681100000000000497e-02
4.013988835136383937e-01 -6.079748235650918042e-01 6.850150000000000405e-01
9.408181875608864209e-01 3.388390675507305660e-01 -7.016000000000006606e-03
