-7.379927058399124995e-01 -6.666547342748602167e-01 -1.045860000000000262e-01
6.517820106620105802e-01 3.239500052992539403e-01 -6.857380000000000697e-01
-9.205481282284646571e-01 -3.116250434080518050e-01 2.355440000000000589e-01
7.977713591335339194e-03 -1.142238992367828887e-01 9.934229999999999450e-01
6.527429875125583258e-01 6.334309878820107986e-01 4.155619999999999870e-01
-2.115090325682694727e-01 4.187910644856630005e-01 8.831069999999999753e-01
-2.629896090958287469e-01 -1.024946271110007828e-01 9.593390000000000528e-01
9.361067646732283976e-01 2.135849463071331500e-01 2.794380000000000197e-01
-4.361498827125376287e-02 9.282157503883987637e-01 3.694770000000001109e-01
-7.503634524276309170e-01 5.063153052801054876e-01 -4.249700000000000699e-01
7.751848639210786596e-01 3.534179379596609771e-01 5.236259999999999248e-01
3.998835199298735876e-01 3.593215686255064600e-01 -8.431969999999998633e-01
-8.354177080706887137e-01 -4.731978346452121453e-01 -2.795729999999999049e-01
8.882996796009002827e-01 -4.525578367677859370e-01 -7.819899999999999074e-02
-8.591898608697398076e-01 -1.927899687811509832e-01 4.739459999999999229e-01
5.555342579379592971e-01 4.994702319070886132e-01 6.647640000000000216e-01
8.412172352288068700e-01 -2.287810639738398766e-01 4.899109999999998744e-01
-9.205792446674619933e-01 3.242390861748239983e-01 -2.177220000000001099e-01
9.643728740496766427e-01 -5.747399249370431507e-02 2.582280000000000131e-01
9.843929173853817050e-01 -1.729819854825848102e-01 -3.236999999999999600e-02
5.402589786727490795e-01 -8.004769684003895103e-01 -2.595319999999999294e-01
-2.510489631032449820e-01 -9.135798657308432658e-01 -3.199159999999998671e-01
-1.138720888420440003e-01 7.908736170329299098e-01 6.012920000000000487e-01
-5.987657729833470999e-01 -7.089147312213611718e-01 3.727189999999999670e-01
-6.367444919774645218e-01 1.969118428951410482e-01 7.455079999999999485e-01
3.756366607431659843e-01 -5.407305116383979149e-01 7.526669999999999749e-01
4.241138478696477865e-01 7.430027334836670772e-01 5.177590000000000803e-01
-3.190298989734337010e-01 6.336097993560395603e-01 7.048109999999999653e-01
-8.498967656925111580e-01 1.291201163274296737e-01 5.108849999999999225e-01
-7.326152945293347152e-01 4.016071614559384995e-01 5.495330000000000492e-01
6.398397157589643669e-01 -4.046208202521066610e-01 6.533660000000000023e-01
-1.965230024903268369e-01 9.750540123558217864e-01 -1.031910000000000049e-01
-1.002712655633238026e-01 1.644000749584053900e-01 9.812840000000000451e-01
-2.507360497947386802e-01 7.595431508409052901e-01 -6.001880000000000548e-01
-7.534980139066125293e-01 5.774850106581039810e-01 3.142480000000000273e-01
1.637929920412292684e-01 7.970559612707138752e-01 5.812690000000000357e-01
4.008924145257811711e-01 3.340523454126454461e-01 8.530499999999999750e-01
-6.128848443488768005e-01 7.471638102467578202e-01 -2.571349999999998914e-01
7.090997036168894541e-02 -5.972157503811369450e-01 7.989399999999999835e-01
-7.307125847346561676e-01 -5.697004558886865910e-02 6.803040000000000198e-01
-4.676220648817415726e-01 8.832811225537067212e-01 -3.382399999999991663e-02
-4.658400603392110623e-02 -7.760991005263642162e-01 6.288880000000000026e-01
-7.871971589665900382e-01 -5.897551190951454414e-01 1.803040000000000476e-01
1.981430255977601196e-01 1.471540190105771750e-01 9.690640000000000365e-01
3.777228577388031527e-01 -8.638216746601302676e-01 3.333730000000000304e-01
5.866492051259973861e-01 8.063472819449665208e-01 -7.514500000000007285e-02
-5.598488430669882332e-01 6.390738208591826286e-01 5.274030000000000662e-01
1.626498948296882241e-01 8.986414189335428793e-01 -4.074170000000000291e-01
2.896539313618039513e-01 5.884448605584480241e-01 7.548730000000000162e-01
5.169300985177861518e-01 8.246041571550509763e-01 2.298070000000000668e-01
-1.143379645224023855e-01 9.159327157978766065e-01 -3.846999999999999309e-01
-7.578711414048934225e-01 -4.731760882860038264e-01 4.491499999999999937e-01
5.143027931339330117e-01 8.310096657461256420e-02 -8.535730000000000262e-01
-6.950185291734736204e-01 1.017409310776227482e-01 -7.117569999999998620e-01
2.832903508810786231e-01 -1.174025598386820302e-01 9.518210000000000282e-01
-3.842753248269803468e-01 1.813241532728577243e-01 9.052369999999999584e-01
-3.420158233743534337e-01 8.272005728126421431e-01 4.458300000000000041e-01
9.958121488636481611e-02 3.958568542197490880e-01 9.128969999999999585e-01
9.131206599641193966e-01 4.071758483722860977e-01 2.045699999999997520e-02
-5.251050702675277293e-01 -5.616950751638603023e-01 6.393459999999999699e-01
-2.739720085052929632e-01 9.448700293329108657e-01 1.793319999999999359e-01
-9.635101831593733124e-01 -2.897000550708005509e-03 2.676560000000001160e-01
2.867099678619194209e-02 9.930718886839392523e-01 1.139569999999998917e-01
1.158789881568135643e-01 3.762479615463095728e-01 -9.192439999999999500e-01
3.284980558983602306e-01 9.437641605941591294e-01 3.739300000000003732e-02
-4.964341440978041198e-01 4.313771252139833035e-01 7.533039999999999736e-01
4.815065067195086201e-01 -2.726917206403151606e-01 8.329410000000000425e-01
1.831058374309168790e-01 -3.737066682074625668e-01 9.092940000000000467e-01
6.575599096871793670e-01 2.091309712768257278e-01 7.237949999999999662e-01
4.907999942660971060e-01 4.921799942499748004e-02 8.698810000000000153e-01
5.218351910245276892e-01 -6.677702444459432396e-01 5.308209999999998763e-01
-6.981339470830417726e-01 7.139399458849832181e-01 5.384000000000006836e-02
3.591907767592444900e-01 7.574685292255319835e-01 -5.451820000000000555e-01
9.928363705410271356e-01 1.194760445902039586e-01 1.190000000000075112e-03
-6.423004375568875865e-03 6.149794189448873905e-01 7.885170000000000234e-01
-3.914707973697466592e-01 -8.857875415051257306e-01 2.492609999999999548e-01
-9.028284939676997078e-01 3.021268306589390273e-01 3.059740000000000237e-01
9.881397367310655599e-02 9.837237379076152477e-01 -1.500779999999999614e-01
8.496608035316898233e-01 6.367598527610879300e-02 5.234709999999999086e-01
-8.052715024757065576e-01 5.709793562813965107e-01 -1.597510000000000596e-01
-2.407791473447773445e-01 -5.950603641471359229e-01 7.667650000000000299e-01
