8.742302437097972945e-01 -3.478520969709806288e-01 3.387040000000000051e-01
3.492582046773939353e-01 8.464854960697929531e-01 -4.018469999999999542e-01
9.153643693643014334e-01 3.713331498389211283e-01 -1.556269999999999043e-01
7.247713081147233449e-01 -3.160821343728128507e-01 6.122079999999999744e-01
-8.889132162570048123e-01 -4.389821067966520052e-01 -1.308740000000000181e-01
8.811325698994895150e-01 -6.336204098134155804e-02 4.686049999999999938e-01
-7.898698253114826429e-01 5.907298693535040224e-01 -1.647539999999999560e-01
-3.159931531855436626e-01 9.376494545489041377e-01 1.447820000000000773e-01
5.751889937401003516e-01 -7.789999915219836257e-01 2.496329999999999383e-01
5.621397976617614756e-01 7.155947424267410373e-01 4.146360000000000046e-01
-3.331297925612510813e-01 -4.240237359619125623e-01 8.421570000000000444e-01
-3.584473364587278388e-01 -6.667546258532021097e-01 6.534170000000000256e-01
-5.039763090630940967e-01 3.623882222343058901e-01 7.840169999999999639e-01
-5.921666371805078821e-01 -4.669255024190996362e-01 6.567490000000000272e-01
-2.875159935053985816e-01 8.432779809514794334e-01 4.541109999999999314e-01
7.800145914056485497e-01 2.398738743470811841e-01 5.779600000000000293e-01
-7.055310643364027801e-01 5.695620519375764745e-01 4.216930000000000400e-01
-2.987340279474280380e-01 -9.477000886600703833e-01 1.123500000000000193e-01
4.702791777103999538e-01 -1.657697101493854977e-02 8.823619999999999797e-01
-8.029101977844781135e-02 -5.955401467020816630e-01 7.993029999999999857e-01
-8.819946186714372471e-01 1.123550788110001808e-01 4.576700000000000212e-01
4.790130072084912149e-01 -8.029183358896435641e-02 -8.741280000000000161e-01
9.892326263606298076e-01 1.449899452363878904e-01 1.991800000000000168e-02
-9.392802888481810442e-02 -8.123062498010296117e-01 5.756179999999999630e-01
-2.004770794960083757e-01 6.988672771247421700e-01 6.865809999999999969e-01
-5.968226293096683399e-01 -6.790965782087950986e-01 4.273530000000000939e-01
7.758341903233536563e-01 4.875821196109495492e-01 4.004309999999999259e-01
-7.094972717185102917e-01 6.453502471519115269e-02 7.017470000000000097e-01
-4.780352395760926187e-01 -8.656124338174837618e-01 -1.489880000000000371e-01
0.000000000000000000e+00 0.000000000000000000e+00 1.000000000000000000e+00
4.977223111059526084e-01 -2.974301859114998337e-01 8.147440000000000238e-01
4.726693287424780787e-01 -5.517223837240383677e-01 6.871580000000000465e-01
3.279490068109772866e-02 3.465609504449641554e-01 9.374540000000000095e-01
-2.391660199545891652e-01 4.691380391420856277e-01 8.501229999999999620e-01
-6.540200527511037809e-02 9.974320804495885318e-01 -2.918599999999995503e-02
-5.594098532353960485e-01 -8.159567859287357727e-01 1.458599999999999897e-01
-5.359848100506507951e-01 7.796647236921570023e-01 3.237949999999999440e-01
-4.834340753896321785e-01 6.178030963439495871e-01 6.201699999999999990e-01
-8.861567813700622631e-01 3.626169105362457845e-01 2.885049999999999559e-01
3.344110151268591680e-01 6.879600311194129514e-01 6.441120000000000179e-01
1.727971095361590381e-01 -8.924865657476019898e-01 4.166639999999999233e-01
5.575127270718879258e-01 2.510108771186351784e-01 7.913109999999999866e-01
2.185472845340966641e-01 -4.703446123575484861e-01 8.549930000000000030e-01
-7.267177896587194708e-01 3.443139003417450272e-01 5.944150000000000267e-01
-7.147633174643096554e-01 -6.846343040824164339e-01 -1.427910000000000013e-01
4.209949544661853449e-01 -7.634329174289085085e-01 4.898299999999999876e-01
6.823104638940644673e-01 -5.685383865418998095e-01 4.595829999999999083e-01
2.568298895502257317e-01 1.628765641356021698e-01 9.526329999999999520e-01
7.072769349336691658e-01 -3.032199721051118471e-02 7.062859999999999694e-01
1.806909741829031690e-01 9.725218610462353919e-01 1.468059999999999921e-01
-2.247569298701117824e-01 1.886389411398445015e-01 9.559809999999999697e-01
-7.012098870194446998e-02 -9.546788461799401437e-01 2.892599999999999616e-01
-2.917768583127902660e-01 -8.676555786653584734e-01 -4.025419999999998999e-01
-4.426889085047375216e-02 -3.266501946101807441e-01 9.441079999999999472e-01
5.828603070597797586e-01 5.042232656325760232e-01 6.372069999999999679e-01
9.339037648715259321e-01 1.419779642542804143e-01 -3.281250000000000555e-01
-9.834670402247422949e-01 1.067160043647866902e-01 1.463019999999999599e-01
-2.770128561031301451e-01 -1.376534254153761461e-01 9.509549999999999947e-01
-4.692299227639316894e-02 -8.244788642893335906e-01 -5.639440000000001119e-01
9.778368527289333922e-01 -1.046499842387666745e-01 1.813380000000000547e-01
3.259619281335778274e-01 -9.307227947989886729e-01 1.658429999999999627e-01
-5.416299393551803065e-02 9.500308936276445904e-01 3.074210000000001108e-01
9.312183576761329240e-01 -3.639301397836758323e-01 1.967799999999997329e-02
3.284828571078272641e-01 4.426048074640387964e-01 8.343859999999999610e-01
-7.824349358568901680e-01 -2.003209835779175552e-01 5.896329999999999627e-01
-7.792348304126918146e-01 6.129638665987607871e-01 1.306460000000000676e-01
2.290221703331439818e-01 -1.837911366929765311e-01 9.559130000000000127e-01
-5.552376307112687481e-01 -2.088852372790777900e-01 8.050329999999999986e-01
1.806739497699048624e-01 -7.108108023838283218e-01 6.797830000000000261e-01
7.686852374063538607e-01 6.216581919974490944e-01 -1.505460000000000964e-01
7.161708369402203234e-02 6.078287103281346804e-01 7.908319999999999794e-01
9.274821944078934788e-01 1.972840413523570813e-01 3.175779999999999159e-01
5.767571825071166058e-01 -8.162352582867592465e-01 -3.333400000000006497e-02
-7.903852578361549863e-01 -4.447821450949609456e-01 4.212600000000000788e-01
