-7.008331137329641969e-01 4.922200798787142173e-02 7.116249999999999520e-01
5.227400886638318145e-01 -7.968771351612049525e-01 3.028689999999999438e-01
-6.484194217500409696e-01 3.505372279991705864e-01 6.757779999999999898e-01
2.352981168656084199e-01 7.504303727165487770e-01 6.176479999999999748e-01
-5.724061088542390374e-01 -7.735961471144676693e-01 2.718459999999999210e-01
-5.267074660088616467e-01 4.944354987271077917e-01 6.914569999999999883e-01
2.469099503396433304e-01 -9.453828098576124717e-01 2.128069999999999129e-01
-2.581959816038781885e-01 7.317549478634289839e-01 6.307690000000000241e-01
8.555086076933230421e-01 9.562495614970036029e-02 5.088819999999999455e-01
-2.779370271155218730e-01 -8.214910801446267952e-01 4.978989999999999250e-01
-6.573115532119658821e-01 5.040606573797173917e-01 5.602359999999999562e-01
2.108540610077776212e-01 9.774972828256497381e-01 6.295000000000108668e-03
-8.607238867104212154e-01 -3.198269579039669241e-01 3.960620000000001362e-01
-1.443279601051285777e-01 -6.245228273705393240e-01 7.675549999999999873e-01
1.447291480185668444e-01 5.235505354498453112e-01 8.396120000000000250e-01
3.629508994649300879e-01 2.868507108734404398e-01 8.865570000000000395e-01
8.188739106015472391e-01 -4.214849539854644278e-01 3.896100000000000674e-01
4.442502575785935853e-02 -6.303203654630028518e-01 7.750629999999999464e-01
-2.551439047605994492e-01 -9.522786445361012264e-01 1.675320000000000698e-01
7.687619373887463192e-01 -6.331699484319367466e-01 -9.000500000000011269e-02
8.686053599916613299e-01 -4.504091866711384395e-01 2.065339999999999399e-01
4.143712734748786763e-01 -8.940295900376046268e-01 1.703159999999999119e-01
5.601502144176373488e-02 7.970703051073214640e-01 6.012830000000000119e-01
1.465700688209842228e-02 -9.113984279409627076e-01 4.112639999999999074e-01
-3.284349998092678802e-01 3.223859998127807103e-01 8.878049999999999553e-01
8.694030670164802910e-01 -4.940730380847931924e-01 -5.490000000000035650e-03
7.439790914351493978e-01 -3.678400452076004412e-01 5.578429999999999778e-01
-3.402218866593125779e-01 -6.166877945581361598e-01 7.098910000000000498e-01
7.034499862028756878e-01 -7.086429861010226094e-01 5.461899999999998007e-02
4.513160130301851480e-01 -7.527320217325271789e-01 4.792789999999999551e-01
-9.495804872613801406e-02 -9.346374795936254198e-01 -3.426889999999999104e-01
-2.149510884692109325e-01 -7.347373024019546728e-01 6.433950000000000502e-01
4.228307687729585679e-02 2.439404435221613210e-01 9.688679999999999515e-01
5.416498907291580345e-01 4.137999165212325435e-03 8.405939999999999523e-01
6.023622340181337131e-01 -4.653051807713762256e-01 6.485760000000000414e-01
-7.451034719989879651e-01 -4.018347152487616314e-01 5.323060000000000569e-01
3.148956772730205356e-01 -4.481955406580544476e-01 8.366369999999999640e-01
7.324917098038316032e-01 6.574327395404486740e-01 1.767430000000000667e-01
-1.950915567002405593e-01 -3.582370222412483707e-01 9.130200000000000538e-01
-5.291267237816342783e-01 6.414256651585701352e-01 5.555160000000000098e-01
-8.099597391688845294e-01 -2.317109253821936221e-01 5.387720000000000287e-01
-4.493952766111524721e-01 -4.730282911577125549e-01 7.578179999999999916e-01
-2.002131336528967798e-01 9.330036228294545930e-01 2.990300000000000735e-01
6.115475783445082358e-01 -6.736125355513863378e-01 4.150370000000001003e-01
9.794101648930967352e-01 -1.968970331495043247e-01 -4.457900000000008384e-02
7.711757944997459369e-01 -7.158998092294991712e-03 6.365819999999999812e-01
3.454280586763525673e-01 8.151681384690440124e-01 4.649519999999999764e-01
9.836579645280714157e-01 1.678729939462912102e-01 6.508199999999995933e-02
-9.348574739166548575e-01 -2.358811195775763758e-01 2.653330000000000410e-01
-2.267426070826952245e-01 -2.776082946063709866e-02 9.735589999999999522e-01
-2.681809973659563529e-01 -4.962829951255643413e-01 8.257010000000000183e-01
2.828157117404526133e-01 6.154533726999480425e-01 7.356850000000000334e-01
-6.498970468623856966e-01 6.338170457028985405e-01 4.194160000000000110e-01
-4.369959884562003016e-01 -8.086949786373032190e-01 3.937599999999999989e-01
3.396578798933027610e-01 9.293836713598893073e-01 1.444940000000000113e-01
-3.751951967872805827e-01 8.626854524725415807e-01 3.391200000000000880e-01
-5.319100410160278875e-02 9.027950696152826637e-01 4.267690000000000095e-01
-1.476689301943755472e-01 2.955128603060258041e-01 9.438569999999999460e-01
-4.757397698307722633e-01 -1.601262591125011403e-01 8.648879999999999901e-01
-1.699109312005452899e-01 9.796376033302129915e-01 1.069600000000000689e-01
9.336303904937379716e-01 6.353302657288076305e-02 3.525589999999999558e-01
8.823032331174389675e-01 4.123141089394274927e-01 -2.270200000000000551e-01
1.700378655281243878e-01 -7.234604278622566165e-01 6.690979999999999706e-01
-3.967179850420898268e-01 7.597559713540552595e-01 5.151560000000000583e-01
2.449569285392697027e-01 -5.950958263940414605e-01 7.654130000000000100e-01
7.403710879471794293e-01 3.547770421432450694e-01 5.709499999999999575e-01
-6.913938433974466946e-01 -6.439918541341240754e-01 3.274890000000000301e-01
5.968240950269928513e-01 7.669901221210158049e-01 2.356420000000000736e-01
8.492827864518230907e-01 5.116728713422542540e-01 1.300370000000000414e-01
7.716197529363582053e-01 -1.921289384825555779e-01 6.063739999999999686e-01
8.309050377323200232e-02 6.184686363681318050e-02 9.946209999999999773e-01
6.620956712526925303e-01 -1.031039488062722026e-01 7.422929999999999806e-01
-7.880224220326345064e-01 -4.927562639001360489e-01 3.690689999999999249e-01
8.885061359818413607e-01 3.784410579186905377e-01 2.594980000000000064e-01
-5.594480392169580707e-01 -6.927580485619065920e-01 4.550870000000000748e-01
2.773850455634297441e-01 -8.052171322654367858e-01 5.241019999999999568e-01
-7.527558868005074233e-01 6.012819095791769319e-01 2.679900000000001170e-01
-7.728069458031869843e-01 4.876759657993715025e-01 4.061300000000000465e-01
4.043582243149453914e-01 6.944793852576649495e-01 5.951410000000000311e-01
6.469379683844846962e-01 -2.916639857465357366e-01 7.045590000000000463e-01
6.339587196561675686e-01 2.878283267364642461e-01 7.178099999999999481e-01
-2.993780838677135292e-01 9.536962671682721604e-01 -2.891700000000000173e-02
-6.870001756440767826e-01 -7.128511822533563080e-01 1.409749999999999337e-01
-9.413182802643270675e-01 2.198830654671015683e-01 2.560690000000000466e-01
4.053180314922509297e-01 -9.025978432417570974e-02 9.097089999999999899e-01
-1.228081329808885375e-01 -2.076295341461527055e-01 9.704679999999999973e-01
-7.976900547233014560e-01 -5.723340392633802232e-01 1.900639999999999552e-01
-1.884808482786861084e-01 4.552696335218798240e-01 8.701750000000000318e-01
1.858322063217455467e-01 3.606654004317467188e-01 9.139950000000000019e-01
4.971478674289424582e-01 -3.823458980424068177e-01 7.788810000000000455e-01
-2.784140139241593759e-01 -8.970710448646962432e-01 3.431460000000000066e-01
8.739235837211928315e-01 2.444811632966988613e-01 4.201030000000000597e-01
-1.107470036534297514e-01 8.155260269033645093e-01 5.680250000000000021e-01
4.060000758935990790e-04 4.117870769753931848e-01 9.112799999999999789e-01
8.124591804470037149e-01 4.047290898902410339e-01 4.196480000000000765e-01
6.559998704369831568e-01 6.583798699669222154e-01 3.690530000000000754e-01
9.207293651466802453e-02 -8.299154277639173571e-01 5.502390000000000336e-01
7.835352062854705757e-01 5.414541425515047024e-01 3.047950000000000381e-01
-4.056901896296161714e-01 -7.167363350202681227e-01 5.671899999999999720e-01
5.662302624699062648e-01 -8.160123782537009873e-01 1.162199999999999067e-01
9.824996029235397721e-01 -6.734497278258096131e-02 -1.736640000000000683e-01
7.631472321042913620e-01 1.918688069373414851e-01 6.170839999999999659e-01
-8.538586102196918937e-01 4.829747795254905052e-01 1.940639999999999865e-01
-6.622554717713716732e-01 -5.560663961253891063e-01 5.022029999999999550e-01
1.957899987612098103e-02 9.984129936829001517e-01 5.280300000000004434e-02
-6.528810984134012507e-01 -7.561561139807774223e-01 -4.443200000000003397e-02
-8.874850909180894698e-01 -1.057920108378244961e-01 4.485289999999999555e-01
-1.190850288519663125e-01 9.903182399346820430e-01 -7.133400000000007790e-02
9.762175580300187505e-01 -1.661989247555680227e-01 1.392020000000000479e-01
-9.218800261414206165e-01 8.115200230119808122e-02 3.788819999999999966e-01
5.588359661192360273e-01 6.196479624323636415e-01 5.511249999999999760e-01
-2.841101135066267935e-01 1.519905956934564373e-01 9.466679999999999540e-01
1.844203870582661886e-01 -3.402967142087612307e-01 9.220559999999999867e-01
-7.952800579013410975e-02 7.002400509818360597e-01 7.094639999999999835e-01
3.149991836763364750e-03 -3.399451190286870705e-01 9.404400000000000537e-01
6.713100681857842034e-02 -9.672500982447734819e-01 2.447869999999998936e-01
-8.367448787619652384e-01 5.238999240908450566e-02 5.450810000000000377e-01
-5.168436566340294247e-01 -5.884046090923875649e-01 6.218139999999999779e-01
3.877589435460196410e-01 9.805998572340728081e-02 9.165299999999999558e-01
2.387037230904133778e-01 -6.145018614724533784e-03 9.710729999999999640e-01
6.051212202141684759e-01 4.614711679374084996e-01 6.487469999999999626e-01
8.705974859485060557e-01 -8.296695101147681661e-02 4.849499999999999922e-01
9.475585855831245574e-01 2.088969086384678542e-01 2.418570000000000442e-01
1.572910746443074437e-01 9.715424610567666708e-01 1.771010000000000639e-01
3.577561013134978873e-01 -6.842661937783907078e-01 6.354450000000000376e-01
3.241057095012974676e-01 4.603505873838552032e-01 8.264580000000000259e-01
-6.106069302918868402e-01 -4.391129498699838374e-01 6.590439999999999632e-01
-3.760299759434390654e-02 9.724009377905390439e-01 2.302659999999999985e-01
-9.547034304460728649e-01 -6.703396000909406238e-02 2.899099999999998900e-01
-8.712281492103589597e-01 3.612740618733824571e-01 3.323290000000000965e-01
-3.770299907914907989e-01 -3.380509917435066125e-01 8.623049999999999882e-01
9.347558826936309684e-01 3.442049568043010210e-01 8.805900000000010941e-02
6.687418281324843949e-01 -7.047168188868652150e-01 2.369780000000001052e-01
3.779816995338367014e-01 -2.849307735021128773e-01 8.808770000000000211e-01
-3.943193181137353842e-01 6.228085024454296237e-01 6.757379999999999498e-01
5.318871230951957019e-01 -6.185021431406007020e-01 5.784040000000000292e-01
9.825300704129428242e-01 2.000100143337025030e-02 1.850260000000000238e-01
2.491125902599761188e-01 -1.786209891753071100e-01 9.518600000000000394e-01
3.628288937173744233e-01 -8.623957473804160223e-01 3.530279999999999530e-01
9.178593186249137670e-01 -2.923561014882518072e-01 2.684440000000000159e-01
-6.891344754427378705e-01 -2.716737932066000671e-01 6.717790000000000150e-01
5.095249550576644859e-01 7.477919340414719285e-01 4.256659999999999888e-01
-5.485138681113321812e-01 -8.314858000715009689e-01 8.811299999999992749e-02
6.957657923262881017e-01 5.255518431321239969e-01 4.895969999999999489e-01
-8.604932681049413112e-01 2.249910701007434011e-01 4.570889999999999675e-01
-7.281496583986139803e-02 -9.894805357988301076e-01 1.250049999999999772e-01
4.517931094946280868e-01 5.481871328562675227e-01 7.038280000000000092e-01
-5.429150164066052220e-01 -3.079714420513947060e-01 7.812789999999999457e-01
-7.549951332667835802e-01 1.986670350674005214e-01 6.249109999999999943e-01
9.371337419870114926e-01 -3.408489061569966450e-01 7.484900000000008213e-02
-7.692639734448335487e-01 -9.047399687681714764e-02 6.324929999999999719e-01
-3.056701162388871240e-01 -1.876800713701518575e-01 9.334569999999999812e-01
5.195350883464046055e-01 1.959506561558126969e-01 8.316769999999999996e-01
7.904970483743752052e-02 -1.676334946844277862e-01 9.826749999999999652e-01
-3.987306025876254101e-02 5.651048540232167516e-01 8.240549999999999820e-01
-4.234890786228491799e-01 -8.793521632560930001e-01 2.177079999999999294e-01
9.301815037973241163e-01 -3.466648150726410749e-01 -1.207719999999999766e-01
-4.865538008879004284e-02 -4.986731483061285219e-02 9.975699999999999568e-01
-4.616941007647705209e-01 8.867471935326380894e-01 2.275900000000000839e-02
-6.104506832336081823e-01 1.968138978721294119e-01 7.672120000000000051e-01
4.321506596512955101e-01 -5.421965729824840263e-01 7.206029999999999935e-01
-5.552540545823804186e-01 2.341900230212620032e-02 8.313509999999999511e-01
1.925100997617705811e-01 -9.010844669561856035e-01 3.885700000000000820e-01
2.238250528799242689e-01 1.845510436012192668e-01 9.569969999999999866e-01
-5.240865818583697600e-01 7.602333934490186351e-01 3.838989999999998792e-01
-3.664171753139464083e-01 4.797312295295654838e-01 7.972430000000000350e-01
-8.810789291481990748e-01 -4.704209621711845091e-01 4.903099999999992187e-02
4.891157637550345161e-01 3.824358152818970735e-01 7.839059999999999917e-01
-4.536300539746216387e-01 1.763780209861249837e-01 8.735619999999999497e-01
6.893038541824806353e-01 -5.300598878694533500e-01 4.938589999999999924e-01
-4.962439814603469279e-01 8.434839684874768651e-01 2.056129999999999625e-01
-6.410595898899816847e-01 7.292915334446770093e-01 2.391160000000001062e-01
-9.505457495620219799e-01 -2.979569214980141156e-01 8.766100000000004444e-02
-7.691457119723987823e-01 3.571738662464987168e-01 5.299449999999999994e-01
-6.150411575085760196e-01 7.850212010395076767e-01 7.393300000000002647e-02
1.172811074775065299e-01 -4.924614512962912638e-01 8.623960000000000514e-01
-9.864913974051433554e-01 -1.189750479287464136e-01 1.126040000000000790e-01
-1.038398847584475343e-01 1.259968601686258238e-01 9.865810000000000413e-01
5.317612123062795959e-01 -1.977850789659217068e-01 8.234749999999999570e-01
4.438689541126721871e-01 8.491189122177897897e-01 2.863169999999999882e-01
1.638619342604445139e-01 8.608626546316350270e-01 4.817310000000000758e-01
6.609132488856090948e-01 9.938003742436875287e-02 7.438529999999999864e-01
-4.963989793443999154e-01 3.429159857309629911e-01 7.974940000000000362e-01
8.583048535136437174e-01 -2.565949562070982126e-01 4.443779999999999397e-01
-1.188879635909569216e-01 -9.444987107504146939e-01 3.062480000000000757e-01
-7.035908683660715979e-02 -4.925876079475799418e-01 8.674140000000000184e-01
-1.096889795931931116e-01 -8.506018417519469743e-01 5.142419999999998659e-01
1.027810561950082829e-01 6.699413662869599939e-01 7.352649999999999464e-01
7.983062983064830309e-01 -5.879852197149181281e-01 1.303090000000001192e-01
5.055589259506344524e-01 8.569908744762928521e-01 9.988399999999991730e-02
7.553070648052611080e-01 -5.722320490974452944e-01 3.194710000000000605e-01
9.406758132785204563e-01 -1.189509763885687466e-01 3.177730000000000832e-01
-3.353288604316928545e-01 9.280556137309780018e-01 1.620719999999999106e-01
2.759751276695654454e-01 9.062444192400674892e-01 3.202479999999999216e-01
7.811523106057781662e-01 6.243142482430253937e-01 -5.725999999999913451e-03
-3.963474310546607482e-01 -3.207003487833441115e-03 9.180949999999999944e-01
3.897088136896143529e-01 9.202445600532683789e-01 -3.573499999999989879e-02
-3.187002397464881037e-02 -7.504925645680010637e-01 6.601099999999999746e-01
-2.453690850853266214e-01 8.529672957789117271e-01 4.606960000000001054e-01
-2.260332081900684464e-01 6.014425539644706609e-01 7.662740000000000107e-01
-6.312709899097437294e-01 -1.278609979562656818e-01 7.649500000000000188e-01
-9.997466354841607616e-01 1.997299271768265133e-02 -1.038000000000009922e-02
