-9.540594602799242763e-01 -2.579651244536352861e-01 1.523960000000000592e-01
3.851767553180623360e-01 4.012187451274548122e-01 8.310610000000000497e-01
-4.482505463709006432e-02 5.669756910845313858e-01 8.225139999999999674e-01
-6.718719288241217225e-01 6.055649358484639366e-01 -4.264730000000001020e-01
1.756780804170016974e-01 9.461604331068793616e-01 2.718779999999998975e-01
-9.802062887882448949e-01 1.910840562971589940e-01 5.179300000000010284e-02
-8.029351050808376522e-01 4.857580635715935680e-01 3.454479999999999218e-01
2.993260349171276147e-01 9.459081103425377446e-01 -1.251470000000000915e-01
6.030435422779122367e-01 -3.313842979923880550e-01 7.256190000000000140e-01
-6.850878675700246001e-01 -7.015208643934665034e-01 1.962729999999999753e-01
7.585058814119164383e-01 8.944198601625381884e-02 6.454990000000000450e-01
-8.948082523070225447e-01 2.315100652783616889e-02 4.458500000000000241e-01
8.017529207924309897e-01 -5.963119410885597826e-01 4.005399999999992300e-02
-6.076843977386252593e-01 -1.025560671244963445e-01 7.875290000000000346e-01
8.435091839404612601e-01 5.156121124373409526e-01 1.504540000000000322e-01
1.900195358051132433e-01 -3.498519864905861310e-01 9.173310000000000075e-01
-6.752611519028045572e-01 2.886040649226849220e-01 6.787710000000000132e-01
4.108399918449481131e-02 -9.167829818021320243e-01 3.972669999999999813e-01
-1.957832665328206878e-01 -1.891672913183949090e-01 9.622290000000000010e-01
5.892822086450161256e-02 1.491110284879843262e-01 9.870630000000000237e-01
-9.527598880216657795e-01 -1.364429839637895658e-01 -2.713519999999998711e-01
6.828230783632414091e-01 4.897690562076648657e-01 5.421059999999999768e-01
-5.573058662711987132e-01 -7.976808085918256630e-01 -2.304679999999999229e-01
1.536200283971244362e-01 -9.875111825444138347e-01 -3.496500000000008629e-02
-3.892281474213651338e-01 -7.800492954460839234e-01 4.899230000000000529e-01
-3.269811732452076458e-01 6.942213678209476768e-01 -6.412020000000000497e-01
-4.381397506919060270e-01 -4.747717298477600045e-01 7.632989999999999498e-01
-7.620059091608022417e-01 -4.167089503238670667e-01 4.956820000000000115e-01
-1.550239393316250602e-01 8.562056649252588469e-01 4.928279999999999883e-01
-4.492390208673945895e-01 8.687140403522349841e-01 -2.086150000000000782e-01
-6.427997607130099544e-02 -6.494657582315428446e-01 7.576690000000000369e-01
-3.317385102104263295e-01 2.494263836152197933e-01 9.098000000000000531e-01
2.970731085293832896e-01 7.353352686392032878e-01 6.091220000000000523e-01
4.330356105075137130e-01 -2.622003696585036101e-03 9.013729999999999798e-01
5.221249838392298948e-01 -8.202459746118134776e-01 -2.336280000000000023e-01
-8.923031527993304790e-01 2.573730440729460334e-01 -3.708830000000000737e-01
-4.518263917512495564e-01 6.268545435075399963e-01 6.347490000000000077e-01
