-8.467705940587517965e-02 -7.989785605298641569e-01 5.953680000000000083e-01
-2.853774918864190879e-01 3.825563188598730680e-01 8.787549999999999528e-01
2.395763202566884020e-01 -8.537047045941138779e-03 9.708400000000000363e-01
-8.262738434462406634e-01 4.794109091662154820e-01 -2.956970000000000431e-01
-9.336005513827372315e-01 2.724031608807965799e-01 2.327800000000000424e-01
-5.857019322764946967e-01 6.953609195968526446e-01 4.164449999999999541e-01
3.481667829279864179e-01 5.361246657416317563e-01 7.689930000000000376e-01
6.873258432076512214e-01 5.972908637463754111e-01 -4.133120000000000127e-01
-7.886269615029291025e-01 -6.918699662261533490e-02 -6.109669999999999268e-01
6.728578156814352118e-01 6.825218130341387246e-01 2.853530000000000788e-01
-7.294226826842624689e-01 -2.549502386140703111e-02 6.835879999999999734e-01
-2.890199456553143101e-02 8.872788331641492388e-01 4.603269999999999307e-01
4.320259303178069499e-01 -5.254129152552622362e-01 7.330039999999999889e-01
-3.866791524538205627e-01 9.106603590409517723e-01 -1.455230000000000412e-01
-2.697333312231040559e-01 -3.206553937536172350e-01 9.079779999999999518e-01
-2.664471137554255131e-01 -9.621454107729263683e-01 5.728999999999991044e-02
-9.699943291595382044e-01 -2.414450819323880615e-01 -2.855300000000004362e-02
