-1.986300563864370344e-02 8.316872360965985589e-01 5.548889999999999656e-01
9.710710799603503585e-01 -2.367110194913600585e-01 -3.144600000000011275e-02
4.560439406708499122e-01 -8.287078921890403960e-01 3.244490000000000984e-01
4.973590954819134269e-01 -7.245701391013936732e-01 4.771079999999999766e-01
-5.955736686126943402e-01 5.695346831012282340e-01 5.665000000000000036e-01
8.746759313180327844e-01 4.725449628944658476e-01 -1.079039999999999444e-01
-6.218900335180044259e-01 -7.823520421664248436e-01 3.432299999999994383e-02
5.366025576087486426e-01 4.224724390108185457e-01 7.304619999999999447e-01
-8.701526000229677094e-02 -2.924098737230545475e-01 9.523260000000000058e-01
-3.214750724806387239e-01 -9.415922122939249794e-01 1.002890000000000864e-01
9.378917992336125442e-01 -3.032779350799149065e-01 1.684679999999999789e-01
-4.971350292498194490e-01 -6.890350405405962775e-01 5.273400000000000309e-01
-1.826274527163778139e-01 4.844358956897428653e-02 9.819879999999999720e-01
8.920195424859443944e-01 2.145108899780301115e-01 3.978519999999999279e-01
-3.490848856927989963e-01 -8.893587087811337666e-01 2.952640000000000819e-01
2.715999794020586278e-02 -5.904569552201819338e-01 8.066119999999999957e-01
3.361509412046295719e-01 8.368428536297848330e-01 4.320840000000000236e-01
1.197569726443461907e-01 -4.532661115792080420e-02 9.917679999999999829e-01
3.968768521385043213e-01 8.907886681254043593e-01 2.213240000000000207e-01
-6.147242145780366096e-01 7.298912547786936544e-01 -2.989530000000000243e-01
-6.860803140439100112e-01 3.963951814444898192e-01 6.100529999999999564e-01
2.921068427827189229e-01 2.940018482501631780e-01 9.100749999999999673e-01
-9.470191052315981572e-01 -2.888430320958826347e-01 1.404439999999999300e-01
6.538363537937874614e-01 -6.074823287114162751e-01 4.510690000000000532e-01
7.220618315337645754e-01 5.311728760705927144e-01 4.432630000000000181e-01
-9.732414303641908626e-01 1.273080562952078054e-01 1.912950000000000761e-01
8.959979909920663677e-02 2.837903636848543298e-01 9.546909999999999563e-01
6.711416193878368963e-01 -2.764148432419502033e-01 6.878689999999999527e-01
-9.332549642922870481e-01 -3.996099847103327940e-02 -3.569849999999999413e-01
6.967275957512619744e-01 4.012807671726443814e-01 5.945960000000000134e-01
-2.533520183799707337e-01 9.616170697625927577e-01 1.053820000000001145e-01
-1.566409969241295830e-01 -6.478339872788513309e-01 7.455030000000000268e-01
2.149267769315683918e-01 -5.137444667943469323e-01 8.305860000000000465e-01
4.025001285791984969e-03 -7.355412349696306418e-01 6.774679999999999591e-01
-3.331301863234544663e-02 4.245722374680203637e-01 9.047809999999999464e-01
-8.705213187887285153e-01 -9.317403412074037883e-02 4.832300000000001039e-01
-8.661125560005272783e-01 1.250850802983053123e-01 4.839450000000000696e-01
5.767954700689617020e-01 5.539704514673372548e-01 6.003530000000000255e-01
-4.189855480954501887e-01 -2.070667766643290719e-01 8.840670000000000472e-01
-2.315842796381689661e-01 3.776134559684947711e-01 8.965359999999999996e-01
-7.629880422568919851e-01 -1.953720108203713668e-01 6.161809999999999787e-01
2.258423765195099187e-01 -3.424835709811784867e-01 9.119760000000000089e-01
-2.102269706466628196e-01 7.866088901682507517e-01 5.805609999999999937e-01
-9.846983104079092275e-01 -1.737350547667589340e-01 -1.361500000000003853e-02
-4.325008542698977609e-01 -3.875528694150111586e-01 8.140920000000000378e-01
-7.175842739855711194e-01 -3.691961409652066428e-01 5.905650000000000066e-01
-4.433269188911375669e-01 7.232678676745502022e-01 5.294759999999999467e-01
-8.388024251222493399e-01 -2.953341496813961520e-01 4.573710000000000830e-01
7.893213592180318150e-01 -2.991367571566538874e-01 5.361799999999998789e-01
-8.396176248791510366e-01 5.265107647677237379e-01 1.335240000000000593e-01
5.255012953481289495e-01 -2.496591403162287948e-01 8.133380000000000054e-01
-5.292080880138989585e-01 4.449480740004088664e-01 7.224679999999999991e-01
8.112538601029861685e-01 -5.809008998262994439e-01 6.649300000000003819e-02
1.622881100799311305e-01 8.485015755381272173e-01 5.036939999999999751e-01
-7.911511160264184106e-01 -5.514200808686176014e-01 -2.646049999999999791e-01
-6.391936124181217538e-02 -1.026569741295675076e-01 9.926610000000000156e-01
7.497142300664698666e-01 -6.066191861545762176e-01 2.644650000000000056e-01
7.868537900796489515e-01 2.337219376466227183e-01 5.711699999999999555e-01
-1.026779318708181954e-01 -7.305985152309929509e-01 -6.750430000000000597e-01
-6.071839705603756521e-01 6.800459670276246538e-01 4.109319999999999640e-01
-6.498420794306918324e-01 -6.502900794854511446e-01 3.934820000000001095e-01
-4.858246770784349633e-01 1.394091942901698744e-01 8.628670000000000506e-01
4.762724156960720379e-01 2.750982401089251961e-01 8.351560000000000095e-01
-3.613270708790189967e-01 -4.949987271540418933e-03 9.324259999999999771e-01
-6.731507461054326846e-01 -9.149796548939971574e-02 7.338230000000000031e-01
-5.800939265761290153e-01 8.135528970266706628e-01 4.028299999999999936e-02
-2.428200534157697738e-02 -8.526101875579434886e-01 5.219829999999998638e-01
-5.084171408918674029e-01 -7.854452176615115411e-01 3.529700000000000060e-01
-6.148660380790889057e-01 7.566280468585103725e-01 2.223820000000000241e-01
1.775700482082130660e-02 -9.886822684157905439e-01 1.489699999999999080e-01
3.964764659088547138e-01 1.151788448432468359e-01 9.107910000000000172e-01
-6.481588193949006094e-01 9.400197380698180338e-02 7.556810000000000471e-01
-3.435960655254398644e-01 4.959300945762796786e-01 7.974930000000000074e-01
-1.312030196186160791e-01 -4.831770722488362702e-01 8.656359999999999610e-01
-1.132964137301476215e-01 2.461077264774255979e-01 9.625979999999999537e-01
7.818069232538010782e-01 -4.685249540071747543e-01 4.114149999999998641e-01
2.256108544797712501e-01 9.255974029846386619e-01 3.039229999999999432e-01
3.603933077766166559e-01 4.489873834361371996e-01 8.176350000000000007e-01
1.685884788814412671e-01 4.479142723160782213e-01 8.780379999999999852e-01
-4.657752415792534295e-01 -5.610172909775492656e-01 6.843339999999999979e-01
9.993277720007930354e-01 -1.764499597424868879e-02 -3.213500000000009404e-02
5.707149863287075409e-01 8.066799806762426917e-01 1.534659999999999636e-01
3.536220644544001424e-01 -7.171451307134478759e-01 6.005449999999999955e-01
-4.940602342739145447e-01 -8.532304045855402252e-01 1.670399999999999385e-01
-7.780260248343773277e-01 -5.720160182585946052e-01 2.597559999999999869e-01
-1.383679864931212922e-01 8.987209122707889852e-01 4.161189999999999611e-01
-8.586082003577499844e-01 4.626381079574248267e-01 -2.208120000000000915e-01
4.234807135808209277e-02 5.847159852682761727e-01 8.101319999999999633e-01
-7.397052823829015633e-01 6.127722339261399975e-01 2.781119999999999148e-01
-9.120236479445948952e-01 2.361539088408945164e-01 3.353270000000000972e-01
1.752470986867484815e-01 -9.476835336682161159e-01 2.668040000000000966e-01
-8.421460101862641157e-01 4.370750052866860247e-01 3.158410000000000384e-01
5.966612158157474921e-01 6.659822408895555990e-01 4.477309999999999346e-01
-8.724858657311321819e-01 -3.946029392736408736e-01 2.881960000000000632e-01
6.771818839959515834e-01 -4.538079222608321639e-01 5.792089999999999739e-01
5.292027763271447416e-01 -5.897647507300195491e-01 6.100179999999999492e-01
8.856158621208422010e-01 3.951699384770523960e-01 2.439780000000000282e-01
-9.901203219386585375e-02 9.668303143658875110e-01 2.354480000000000461e-01
3.450991999292850609e-01 -9.147575299543411198e-01 2.100600000000000245e-01
2.315267346683785032e-01 6.006383116633488006e-01 7.652640000000000553e-01
4.458949330850506265e-01 -8.799398679484173869e-01 -1.639620000000000799e-01
-8.049998946767392138e-02 7.021549081326031727e-01 7.074589999999999490e-01
-2.256998945415952459e-02 -9.418915599006284500e-01 3.351580000000000670e-01
-4.244091161634798159e-01 3.234360885265185059e-01 8.457339999999999858e-01
2.924989689877615096e-01 -9.141289030793723347e-01 -2.807359999999999300e-01
-5.995463637120083122e-01 2.738577093596384349e-01 7.520280000000000298e-01
1.718181558802454878e-01 -7.909997176263160457e-01 5.871950000000000225e-01
7.238053249630023167e-01 7.707503460396571138e-02 6.856860000000000177e-01
-9.849284155474236080e-01 1.254810529412364040e-01 -1.190400000000001179e-01
4.999313089207424454e-01 7.948234911424002513e-01 3.439830000000000387e-01
1.394730462243227442e-01 -8.906392951767331256e-01 4.327920000000000655e-01
-1.921308763135322062e-01 -8.888834277710403464e-01 4.158989999999999632e-01
2.080810163406018598e-01 -9.750930765740581929e-01 7.678400000000008829e-02
-5.865401172024801157e-01 -2.468300493215946079e-01 7.713919999999999666e-01
2.956285090494213952e-01 -5.505890856361213975e-02 9.537149999999999794e-01
-7.281628815210534622e-01 6.803238893049076141e-01 8.329599999999993953e-02
4.758493652584156602e-02 -4.203164393344991367e-01 9.061289999999999623e-01
9.397039561084447046e-01 -1.564399926930236731e-02 -3.416310000000001290e-01
-3.511630905482510112e-01 -8.035112071873055095e-01 4.806809999999999694e-01
1.958739517562249066e-01 -6.639558364676072522e-01 7.216620000000000257e-01
-3.311001435196870291e-01 -6.849392968958948336e-01 6.490230000000000166e-01
2.725890123636575679e-01 9.572670434181914656e-01 9.661799999999992616e-02
7.681690669714676956e-01 -1.114850097196243006e-01 6.304659999999999709e-01
9.124694784546648341e-02 9.803544396532749561e-01 1.748689999999999689e-01
-4.395226509407793580e-01 6.036935205598862320e-01 6.651120000000000365e-01
-1.328749670263646154e-01 -9.907497541401373287e-01 2.755300000000000457e-02
-5.819477867056480624e-01 -4.137068483689841925e-01 7.001309999999999478e-01
5.734763407185026196e-01 1.008570599220299097e-01 8.129899999999999904e-01
3.161631731515732180e-01 -8.407744604629283636e-01 4.394759999999999778e-01
-3.219828780848466021e-01 8.339896842192947579e-01 4.480939999999999368e-01
8.711938285244705815e-01 -1.311219741914953774e-01 4.731049999999999978e-01
-5.264746570390301805e-01 -5.346596517070852789e-02 8.485080000000000400e-01
5.274953832362625633e-03 1.041080888215054068e-01 9.945519999999999916e-01
5.568502597126138987e-02 -9.973604651647166586e-01 -4.659700000000002729e-02
7.275056979685297076e-01 6.789377181320259691e-01 9.888899999999997692e-02
6.366135495785412157e-01 -8.771807572564570277e-02 7.661780000000000257e-01
8.784772280364321340e-01 -3.116850809076792128e-01 3.621189999999999687e-01
3.921936456850185215e-01 -4.029876359335284874e-01 8.269130000000000091e-01
-3.041577265139758235e-01 -5.302615232108111032e-01 7.913980000000000459e-01
-7.632321882537772550e-01 -4.819461188736254287e-01 4.303540000000000698e-01
6.462450104133280471e-01 2.569580041405162829e-01 7.185679999999999845e-01
9.503127604547597640e-01 2.273419426939397581e-01 2.126530000000000087e-01
2.088316496416236512e-01 1.303840299536647984e-01 9.692209999999999992e-01
-7.498877431623550693e-01 2.112009276633743382e-01 6.269470000000000320e-01
-7.656231250157875534e-01 -6.380711041882868306e-01 8.177100000000003810e-02
8.208160879870793902e-01 3.794950406798316966e-01 4.269009999999999194e-01
-4.767662497567436986e-01 8.099184242804273737e-01 3.416520000000000112e-01
8.450400281425879401e-01 5.476600182388642601e-02 5.318910000000000027e-01
3.055676806796532308e-01 -1.919251713430457362e-01 -9.326269999999999838e-01
-6.486547135335208880e-01 -7.292086779583372147e-01 2.179490000000000594e-01
-1.547140926310653086e-01 5.518223303893619036e-01 8.194850000000000190e-01
-4.441038344009882177e-01 -7.140427337452146528e-01 -5.412160000000000304e-01
-2.445208759333377113e-01 -1.578889198892477752e-01 9.567029999999999701e-01
-8.151779374685299562e-01 3.257879750091361992e-01 4.789019999999999389e-01
1.055149997326281230e-01 -2.236859994331862611e-01 9.689330000000000442e-01
-6.840620200990453759e-01 7.213560211948142342e-01 -1.081880000000000619e-01
4.586700409018495961e-02 9.278030827367362843e-01 3.702399999999999580e-01
3.792551892261039614e-01 -5.705412846666505500e-01 7.284559999999999924e-01
-7.318791299769731307e-01 5.125880910323110662e-01 4.490060000000000717e-01
9.068494914226444825e-01 -4.211467638133897240e-01 1.610599999999989471e-02
9.437181959980087687e-01 -1.400080290778487058e-01 2.996559999999999779e-01
5.455290670497855432e-01 -4.295100527901419829e-01 7.196660000000000279e-01
-9.330002274597898326e-01 -3.562880868608720442e-01 -5.068900000000002570e-02
4.797408170817537010e-01 -6.182997642512279984e-02 8.752290000000000347e-01
5.286251172299601953e-01 -8.367451855598637689e-01 1.428739999999999455e-01
8.467644478595272028e-01 5.261882783045912504e-01 7.820399999999999574e-02
-2.659937149316021765e-01 -3.472316278680350754e-01 8.992649999999999810e-01
4.548960738726647302e-01 8.901811445606087059e-01 2.543800000000000228e-02
1.757869671291360514e-01 9.591928206380300193e-01 -2.214680000000000537e-01
4.110258977998152985e-01 5.907278531175382819e-01 6.943329999999999780e-01
-2.723366883577117425e-01 6.626402417227275077e-01 6.976679999999999549e-01
-9.794833856898167435e-01 -9.161203607394474702e-02 1.794979999999999354e-01
-1.822420717057652850e-01 -7.831153081279860206e-01 5.945740000000000469e-01
-6.668617749624582425e-01 -6.916867665850777724e-01 -2.772449999999999082e-01
-9.225343449810978758e-01 3.444311287997888771e-01 1.740620000000000223e-01
-7.856225529843811062e-01 1.676099046307368348e-02 6.184790000000000010e-01
-6.253821024751854418e-01 -5.472840896780361009e-01 5.562169999999999614e-01
2.785568670284100379e-01 7.350756491051222419e-01 6.181179999999999453e-01
9.837240501599459064e-01 5.229700266661654884e-02 1.719069999999998932e-01
3.561562439728577223e-01 -2.176585379674925436e-01 9.087229999999999475e-01
4.002441375427174264e-01 -9.162053148512544487e-01 1.929899999999992039e-02
9.259300294287229338e-01 1.976060062804879947e-01 -3.218779999999999974e-01
