-5.279872309094221228e-01 -2.894321265799646992e-01 7.984099999999999531e-01
2.031806827513355229e-01 -1.857126240531352668e-01 9.613680000000000003e-01
-1.917203927659369145e-01 -4.034958266174197838e-01 8.946699999999999653e-01
2.837317355923854034e-01 1.548134013634885342e-01 9.463240000000000540e-01
2.772078028688703677e-01 6.267995542632536221e-01 7.282020000000000159e-01
-1.949509422956328397e-01 -9.630377149463279496e-01 1.858829999999999372e-01
3.125838750813931255e-01 -9.485716209201602300e-01 5.003199999999991682e-02
-3.184757591887584227e-01 1.258109048697449994e-01 9.395449999999999635e-01
-3.285877848882631236e-01 -7.281195233326904770e-01 6.015580000000000371e-01
-1.885138697022869514e-01 2.479781440386818747e-01 9.502469999999999528e-01
-7.360461528406877507e-01 -6.765971404960434699e-01 2.126900000000007257e-02
-4.761475452947216969e-01 3.660056504766162622e-01 7.995769999999999822e-01
8.086076596906311975e-01 5.789397563483097420e-01 1.047969999999999596e-01
-1.653219094042810977e-01 6.286572607488584430e-02 9.842340000000000533e-01
5.150977209262699308e-01 -1.055479428153981436e-01 8.506080000000000307e-01
9.120647372224680582e-01 -9.055997390851168449e-02 3.999210000000000820e-01
3.083170526458377525e-01 -6.960621188541894488e-01 6.484119999999999884e-01
4.152668999174078390e-01 -8.615787923527281622e-01 -2.919509999999999605e-01
9.018709649842701070e-01 4.280929833790100836e-01 5.801000000000000600e-02
9.796485403943909764e-01 1.377129353914848808e-01 1.460269999999998791e-01
-3.474188924495662523e-01 6.242868067395920262e-01 6.996900000000000341e-01
1.349990351883716133e-01 -7.041051835295696337e-01 6.971450000000000147e-01
4.794838727405921208e-01 -8.773527671425466190e-01 1.863699999999999732e-02
2.846747733148074500e-01 -3.227407430030535540e-01 9.026619999999999644e-01
-6.258980802429677803e-01 -3.892560499043881683e-01 6.758189999999999475e-01
-2.285132439075716337e-01 -6.491316928619637050e-01 7.255409999999999915e-01
8.260551544988014028e-01 -4.142190774722494528e-01 3.821719999999999562e-01
9.554480275818354462e-01 -2.865570082723162826e-01 -7.073999999999999733e-02
-1.380419739512329935e-01 9.199178264098630819e-01 3.670089999999999186e-01
9.679864284827681686e-01 2.016560892638127878e-01 -1.494559999999999778e-01
6.714600419651245433e-01 -7.229160451810383581e-01 -1.628920000000000368e-01
7.836530806370580748e-01 -3.141640323271405744e-01 5.359000000000000430e-01
4.148310216080055013e-01 6.644210346088228469e-01 6.216589999999999616e-01
-4.737198256522066053e-01 -4.492518346574034815e-01 7.574710000000000054e-01
-9.660518079942848058e-01 1.665699668937160316e-01 1.974800000000000166e-01
4.556097880376028253e-02 9.444795606017333256e-01 3.253959999999999630e-01
6.487980871963099361e-01 -6.915830929464726884e-01 3.174490000000000922e-01
4.312477473722389210e-01 5.272716911207823154e-01 7.321269999999999722e-01
-1.220067901262518739e-01 -5.554880444600844847e-01 8.225249999999999506e-01
-7.064210101383182616e-01 -4.657030066836138071e-01 5.330009999999999470e-01
5.583477155473467457e-01 5.683217104660521768e-01 6.043659999999999588e-01
-9.620999296400260803e-02 -8.740159360817550960e-01 4.762769999999999504e-01
-4.420467740126620138e-01 -3.899998006207941529e-05 8.969920000000000115e-01
-8.012598367902949714e-02 9.753188013359876951e-01 2.057500000000000162e-01
6.509777246701330400e-01 -5.952997482190339196e-02 7.567589999999999595e-01
3.705208706877353153e-01 -9.213496784477663848e-01 -1.175970000000000626e-01
2.717840852990984213e-01 9.575243005178157851e-01 9.633600000000007435e-02
9.131925351050390605e-01 -3.316288311718869619e-01 2.368580000000000130e-01
-7.918822202637793017e-01 5.963571658780560947e-01 1.314559999999999063e-01
9.459175710538949566e-01 -4.057202449347947770e-02 -3.218599999999999794e-01
2.866776911649517312e-01 4.825464801574378959e-01 8.276259999999999728e-01
5.103241158571076852e-01 -7.444231690038007887e-01 4.305849999999999400e-01
-7.109601179119566794e-01 6.357871054445950465e-01 3.005169999999999231e-01
-1.992521775478815205e-01 7.087216315214511786e-01 6.767659999999999787e-01
4.735441369726124949e-01 -6.639161920377176784e-01 5.787670000000000314e-01
-7.358780758143779188e-01 6.769690697452348527e-01 -1.401199999999992382e-02
-6.327048430409587532e-01 -6.090048489203642168e-01 4.783280000000000309e-01
-4.332599222179262660e-02 6.479448836760709485e-01 7.604539999999999633e-01
6.713910180398494076e-02 -5.817958821854569695e-01 8.105590000000000295e-01
1.231098303843846699e-02 4.468663843260392565e-01 -8.945159999999998668e-01
1.234921525485077193e-01 5.712667056795243115e-01 8.114209999999999479e-01
8.538998902486564235e-01 4.665579400335316262e-01 2.306049999999999212e-01
9.324403410526224123e-01 3.111201137963749974e-01 1.837369999999999559e-01
-9.089388103657822793e-01 3.469609276126586761e-01 2.311890000000000056e-01
0.000000000000000000e+00 0.000000000000000000e+00 1.000000000000000000e+00
-4.572682387353140254e-01 7.707834024185418187e-01 4.436200000000001253e-01
-3.370328238874955584e-01 3.103358378376889770e-01 8.888759999999999994e-01
8.920000717952565605e-02 9.849190792741160383e-01 1.482489999999999641e-01
9.850903347919761632e-01 2.084800708538622760e-02 -1.707700000000000884e-01
-8.829167102732299321e-01 -7.004197701591148573e-02 4.642759999999999110e-01
9.172584849786088457e-01 -3.916602070810196734e-01 7.238199999999996026e-02
-5.213229554841364299e-01 8.381789284277463281e-01 1.602449999999999153e-01
6.230907694527195728e-01 -6.171847716379738058e-01 4.804590000000000249e-01
3.962115666736742980e-01 2.405797368841745137e-02 9.178439999999999932e-01
8.440977677512391253e-01 -4.904638650516216503e-01 2.166659999999999697e-01
-2.933453975489923038e-01 -6.059866896907552952e-02 9.540840000000000432e-01
-6.346398251234693089e-02 -9.464427392054273191e-01 3.165729999999999378e-01
4.377482847676810729e-01 3.728583907905964612e-01 8.181399999999999784e-01
-4.805428893461214934e-01 6.565698488126615606e-01 5.813730000000000286e-01
1.149489581128138316e-01 7.013717444214434549e-01 7.034660000000000357e-01
3.586192529673333795e-01 -4.501150623742239953e-01 8.177950000000000497e-01
-5.780327235155201526e-01 5.837397207857496217e-02 8.139229999999999521e-01
6.644390490560193596e-01 5.955670439711490127e-01 4.514650000000000052e-01
4.498669314557798837e-02 -1.543789469805572356e-01 9.869869999999999477e-01
9.076789939946103836e-01 3.095649979518547701e-01 -2.833520000000000483e-01
-2.099899143029649445e-02 -9.887045965089422683e-01 1.483989999999999199e-01
6.911929264185847632e-01 7.069719247388207561e-01 1.498100000000000820e-01
2.586649598462171795e-01 7.561038826264251389e-01 6.011649999999999494e-01
8.286909964470203782e-01 -1.434099993851353505e-01 5.410220000000000029e-01
9.206760930670414567e-01 3.732780377330125465e-01 -1.141010000000000080e-01
1.257673765979404890e-01 1.013321091395600476e-01 9.868710000000000537e-01
9.337253201844099015e-01 1.832430628360082470e-01 3.075370000000000603e-01
-6.110856236998908342e-01 3.989847543093786864e-01 6.836560000000000414e-01
-1.489940541281449815e-01 -7.696732796150970168e-01 6.208090000000000552e-01
6.879006612149128896e-01 2.961948541266128943e-01 6.626170000000000115e-01
-3.012480109683251528e-01 -5.062480184322973864e-01 8.080610000000000293e-01
4.474458265964261217e-01 -2.853698894074862547e-01 8.475589999999999513e-01
7.816106647200397051e-01 1.613391372107144117e-01 6.025399999999999645e-01
-8.336828337386249510e-01 3.805639241041330889e-01 4.001799999999999802e-01
-2.993810001936633713e-01 8.582810005552038435e-01 4.168030000000000346e-01
3.219829360578882471e-01 8.718648268576625338e-01 3.690239999999999632e-01
-5.718077425708085748e-01 7.598816578994889159e-01 3.092179999999998818e-01
5.513472328282270629e-01 8.137293436294753546e-01 1.840129999999999544e-01
5.195537221349354473e-01 -4.120657796210871471e-01 7.485089999999999799e-01
2.267281426040667902e-01 -2.527790440898870089e-02 9.736299999999999955e-01
-7.672196504405481843e-02 -2.860108696881618617e-01 9.551500000000000545e-01
1.284799074254708851e-01 4.260566930103815708e-01 8.955269999999999619e-01
-3.662371252307029534e-01 -8.998683076999380859e-01 2.368699999999999417e-01
6.028751828959286740e-01 7.975922419677868858e-01 1.970099999999997548e-02
-1.992570546406638166e-01 9.767352678422784873e-01 7.927700000000006963e-02
-4.018618999632130318e-01 -5.950098518822664051e-01 6.960389999999999633e-01
-2.596741892073869407e-01 -8.292056041872161165e-01 4.949620000000000131e-01
-1.495680217507771304e-01 9.833521430029829036e-01 -1.031889999999999752e-01
2.693881178370540752e-01 -9.353764091568749217e-01 2.291310000000000846e-01
1.463109369114052871e-01 9.890335735333289913e-01 -2.014199999999995161e-02
6.732718094251153307e-01 1.181269665632324051e-01 7.298980000000000468e-01
-1.758589418301814145e-01 8.284397259724868290e-01 5.317529999999999202e-01
9.913177747462532663e-01 -3.957799100682849597e-02 1.253899999999999182e-01
-3.770901358959680844e-02 5.065101825364418664e-01 8.614089999999999803e-01
5.445976904383222905e-01 7.136109047124591931e-02 8.356559999999999544e-01
-3.676642354898096432e-01 -3.509062247562641512e-01 8.612130000000000063e-01
7.782729092286508887e-01 4.773279443283957035e-01 4.079820000000001223e-01
6.261768443421763530e-01 -7.667158094063756257e-01 1.415960000000001107e-01
3.848720666420474834e-01 -8.552131480833764510e-01 3.471080000000000276e-01
-6.942828041369103476e-01 -5.833798354235821687e-02 7.173340000000000272e-01
9.560167859130850321e-01 2.374799468196061789e-02 2.923490000000000810e-01
7.874121317393923958e-01 3.324820556265039029e-01 5.190740000000000354e-01
-4.607185477786368555e-01 1.857702208744555217e-01 8.678869999999999640e-01
-4.593100282609514223e-02 7.722190475139739663e-01 6.336939999999999795e-01
-2.531087125332446841e-01 -2.402607271252697740e-01 9.371289999999999898e-01
-3.950888914077179681e-01 -8.243127734332523771e-01 4.054789999999999228e-01
3.897607925837516252e-01 8.957055233387175575e-01 2.140050000000001118e-01
8.440549446658263122e-01 5.320509651200426848e-01 -6.702999999999990910e-02
-4.287300729512565772e-02 -6.849421165474293138e-01 7.273349999999999538e-01
-4.861092093304819617e-01 5.205272241517188148e-01 7.019609999999999461e-01
-9.939589715039331974e-01 1.028179970522842823e-01 3.839300000000006596e-02
-3.325350069553265064e-01 7.533970157581068028e-01 5.672859999999999570e-01
-4.762451269294512568e-01 -6.821321818027287209e-01 5.548750000000000071e-01
8.686699296624368349e-01 1.944109842582384395e-01 4.556499999999999995e-01
-5.911042638670943594e-01 2.397951070437856214e-01 7.701259999999999772e-01
-1.932949200807178025e-01 4.182328270783978175e-01 8.875349999999999628e-01
5.701690789400216675e-01 4.188740579931961583e-01 7.067189999999999861e-01
-6.998205022546724052e-01 1.127139198325475128e-01 7.053700000000000525e-01
-3.433432716993084499e-01 4.780333782842101642e-01 8.084550000000000347e-01
4.894718406940578581e-01 8.657627182245553055e-01 -1.042700000000000571e-01
-7.188448251907220143e-01 2.617749363413549579e-01 6.440000000000000169e-01
-1.330095988469316148e-01 -1.190565360262861444e-01 9.839379999999999793e-01
7.217508225947706357e-01 -1.941859522693950291e-01 6.643550000000000288e-01
2.286809889845621835e-01 -8.867629572851148945e-01 4.016920000000000490e-01
7.696935798027300102e-01 -1.121400844740411476e-02 6.383149999999999658e-01
-3.253774724657555739e-02 1.818975870184045274e-01 9.827789999999999582e-01
7.479493616534866884e-01 -5.603952709660761089e-01 3.557089999999999974e-01
6.720800873229268446e-02 -8.929961160264026088e-01 4.450179999999999692e-01
1.293889794747465904e-01 2.689059573428668193e-01 9.544359999999999511e-01
5.304099292618718042e-01 6.977519069443064437e-01 4.814639999999999476e-01
6.834020575232987449e-01 4.575810385154983617e-01 5.688419999999999588e-01
-5.608853041209500567e-01 -5.414792935987020606e-01 6.262649999999999606e-01
4.844461479791045688e-01 8.038832455544819844e-01 3.450850000000000306e-01
2.896327933696020707e-01 3.246867683613261502e-01 9.003839999999999621e-01
5.691157554515506867e-01 2.515608919045458913e-01 7.828310000000000546e-01
1.048289879471142466e-01 -9.547468902264012458e-01 2.783329999999999416e-01
-8.484590675690437678e-01 -4.709880375082459714e-01 2.414279999999999204e-01
2.491489647304706845e-01 -5.867649169375539486e-01 7.704750000000000210e-01
6.121209559389658716e-01 -7.905319430967774341e-01 -1.916200000000000542e-02
5.937985046246524456e-01 -2.419957981154353122e-01 7.673600000000000421e-01
-7.917915521426882597e-01 -1.384029217158096459e-01 5.949039999999999884e-01
8.696945826729415296e-01 3.692698228041291914e-02 4.922070000000000611e-01
8.812809534443987181e-01 -2.569539864258414963e-01 3.966339999999999866e-01
5.789790064153615967e-01 -5.235010058006390743e-01 6.250839999999999730e-01
-6.575773129624870039e-01 -6.883873276259779850e-01 3.061289999999998734e-01
6.384679451169318343e-01 7.558719350248179758e-01 -1.449700000000000433e-01
-5.343041993696544534e-01 -7.371282750511966020e-01 4.137159999999999727e-01
-5.182372163855394342e-01 -8.138973398359079514e-01 2.626810000000000533e-01
-1.975943229460234429e-01 5.727609361142768085e-01 7.955510000000000081e-01
-5.625171184029594817e-01 -1.189720250421532621e-01 8.181810000000000471e-01
1.081950201440020354e-01 8.137751515105625666e-01 5.710199999999999720e-01
3.761180918879322710e-01 7.838501914993585284e-01 4.940789999999998794e-01
7.491331613345098006e-01 -6.362211370175964165e-01 1.844510000000000316e-01
9.706215458471820767e-01 -2.230661254454081588e-01 9.019600000000004003e-02
-3.432497656227897348e-02 3.503277607898052648e-01 9.359979999999999967e-01
9.803076709340649564e-02 -3.246422286981135996e-01 9.407429999999999959e-01
-7.616178500890565806e-01 -6.197738780085226828e-01 1.892580000000000096e-01
7.323160803951104247e-01 -4.059590445669883918e-01 -5.467270000000000740e-01
-9.081770697314962559e-01 2.269990174293998186e-01 3.516900000000001136e-01
9.966274597370413657e-01 8.091303732459909082e-02 -1.366700000000004890e-02
-9.405425424346577357e-01 -1.379999328642950718e-01 3.103799999999999337e-01
8.862458854794229568e-01 -4.531069414495804137e-01 -9.624100000000007649e-02
9.551751693050282155e-01 -1.612110285746935490e-01 2.482970000000000454e-01
-3.142398604551426000e-02 9.991785562936241760e-01 2.558800000000006555e-02
8.700232463429729002e-01 3.440340974116297135e-01 3.531289999999999707e-01
-7.599257820984334222e-01 -3.082269116188335878e-01 5.722840000000000149e-01
9.652168122890497637e-01 2.609739492469801414e-01 1.578299999999991515e-02
5.310180622231392977e-01 -8.041950942332228847e-01 2.670020000000000171e-01
8.186741210945801539e-01 3.995140590943160319e-01 -4.125060000000000393e-01
8.375931290432656606e-01 -5.442180838446212254e-01 4.758599999999998942e-02
-3.250410357501400394e-01 -9.431341037320599696e-01 6.961600000000002508e-02
4.330680117400664275e-01 2.039170055279982130e-01 8.779919999999999947e-01
4.458800270844183178e-01 8.933600542660268262e-01 5.566699999999993875e-02
-8.196486071808348761e-01 2.440808830234715843e-01 5.182669999999999222e-01
3.646502566834268211e-01 -1.474115080199332184e-01 9.194020000000000525e-01
-7.313069332438506542e-01 5.296719516497679914e-01 4.296949999999999936e-01
-7.514470425635971784e-01 -5.502720311686061239e-01 3.640439999999998677e-01
7.148126590198667918e-01 -4.728597744362990074e-01 5.152150000000000896e-01
6.270078019161727800e-01 7.106137755034371839e-01 3.192010000000000680e-01
-2.571190260551003415e-01 9.343260946797303790e-01 2.468290000000000484e-01
-6.032406028261518838e-01 6.598575655495214631e-01 4.479829999999999646e-01
6.621528161135181723e-01 -3.659758983648204733e-01 6.539230000000000320e-01
1.782880547613593103e-01 -4.616851418070659907e-01 8.689419999999999922e-01
3.542369353413256650e-01 -7.863868564612365164e-01 5.060749999999999416e-01
-6.153103240468382751e-01 5.398172842892073886e-01 5.744479999999999587e-01
4.222348326396223595e-01 -5.649977760529594217e-01 7.088689999999999714e-01
-1.528900488841448621e-02 8.795552812237114049e-01 4.755510000000001125e-01
-8.792691594397876731e-01 1.008020182786491942e-01 4.655369999999999786e-01
1.755211245017676003e-01 8.811716250382981563e-01 4.390089999999999826e-01
1.899149634304724554e-01 -8.070678445931310785e-01 5.590829999999999966e-01
-8.006984402721489813e-01 4.498802473712125438e-02 5.973760000000000181e-01
7.510428647121751844e-01 5.977638923228211221e-01 2.803800000000000736e-01
2.134300518512092029e-02 -8.013461946809680159e-01 5.978200000000000180e-01
-6.700821366510613109e-01 -2.271260463182249723e-01 7.066850000000000076e-01
2.094551032233875898e-01 9.423794644222039940e-01 2.608630000000000670e-01
-8.627707387032147457e-01 -2.381849278638538403e-01 4.459759999999998725e-01
-2.328299839035545271e-01 -9.089859371582547087e-01 3.457380000000000453e-01
-8.238146420433831718e-01 4.980427835948759152e-01 2.707080000000000597e-01
4.286390631618473002e-01 -8.871511307256131351e-01 1.709719999999999851e-01
-4.147239588404014188e-01 -1.804769820884230547e-01 8.918700000000000516e-01
