6.041442137168963056e-01 -5.333361886684542252e-01 5.920830000000000259e-01
6.835397937542848634e-01 -7.243997814255258572e-01 8.954500000000009674e-02
-8.748748317919294859e-01 1.243289760958524032e-01 4.681199999999999806e-01
4.458747012110759189e-01 -5.757586141734518659e-01 6.853449999999999820e-01
-4.323572636177175910e-01 -1.833001117621032017e-01 8.828749999999999654e-01
-2.756961415816783223e-01 7.591083898343998770e-01 5.897000000000000020e-01
4.055274532318043357e-01 7.063517894437069122e-01 5.801849999999999508e-01
-1.565619817734143215e-01 -7.559659119921884329e-01 6.356129999999999836e-01
2.666100688427971988e-02 -8.277502137377654723e-01 5.604630000000000445e-01
9.539373557443675544e-01 -2.999921118737026160e-01 2.873000000000059534e-03
-1.041570680981116770e-01 7.348464804441845466e-01 6.701880000000000059e-01
-5.886560217310033982e-01 6.165890227621866337e-01 5.227830000000001087e-01
-1.018520363389111838e-01 6.016072146422590805e-01 7.922719999999999763e-01
-7.227511171237366305e-01 -5.879630952809800082e-01 3.632220000000000448e-01
3.965300780543171699e-01 5.749151131682287419e-01 7.157069999999999821e-01
5.360877346970732704e-01 7.964236058601982249e-01 2.798559999999999937e-01
1.776806898052356309e-02 3.182032353523503998e-01 9.478560000000000318e-01
-8.369500436876016192e-01 -5.053170263768298476e-01 2.101649999999999907e-01
2.241430962026286777e-01 -9.141553923571741347e-01 3.377570000000000294e-01
8.001648867384231201e-01 3.946829441334987476e-01 4.516209999999999392e-01
6.472499331649712861e-02 9.615799007072576288e-01 2.667860000000000786e-01
-8.198554642096910205e-01 -4.296912432951269234e-01 3.784210000000001184e-01
-7.525013183247387660e-01 1.613148538682358524e-01 6.385290000000000132e-01
1.252829056584062462e-01 1.778334466313549744e-01 9.760529999999999484e-01
5.288880649224654285e-01 -4.158010510407231797e-01 7.398559999999999581e-01
6.189347777460167954e-01 2.843228979021718006e-01 7.321750000000000203e-01
1.427320392049755693e-01 -1.459590400913532149e-01 9.789400000000000324e-01
6.435323121335571050e-01 -5.947202884581794663e-02 7.631050000000000333e-01
5.176856270001666260e-01 4.359026859259350628e-01 7.361999999999999655e-01
-2.509731233121638705e-01 -9.677574754942157575e-01 2.139999999999999888e-02
1.941001734590858951e-01 3.699953306491216010e-01 9.085309999999999775e-01
3.961429315992431865e-01 9.141118421631772017e-01 8.643100000000007721e-02
-3.972473869017486003e-01 -5.057924926199800497e-01 7.657469999999999555e-01
-3.605012203700576623e-01 -1.753001071588465229e-02 9.325940000000000341e-01
-4.121867950324292762e-01 8.507175769648198660e-01 3.261620000000000075e-01
7.051389082613127579e-01 1.309949829575313140e-01 6.968640000000000390e-01
-7.268050729931790910e-01 -6.599720662811265903e-01 1.902399999999999092e-01
7.346304261060741803e-02 5.060412935180211846e-01 8.593750000000000000e-01
-1.004360170633596810e-01 9.309391581598920329e-01 3.510909999999999864e-01
5.958100799859435137e-02 -9.716001304347747780e-01 2.290050000000000141e-01
-9.111033455099551981e-01 -5.016401902327344980e-02 4.091140000000000332e-01
-9.107353709217473892e-01 2.454940999841485338e-01 3.321049999999999836e-01
5.967668842557439790e-01 -2.434289527864166025e-01 7.645990000000000286e-01
-2.798590765089806198e-01 -9.375642563150221598e-01 2.065239999999999299e-01
-6.800195102971152705e-01 -6.957994989334744668e-03 7.331609999999999516e-01
-3.664439013689664293e-01 3.211939135483286023e-01 8.732429999999999914e-01
9.939507920269763375e-01 8.506398220131849985e-02 6.946899999999994746e-02
2.372272422652843826e-01 5.493065609722935783e-01 8.012399999999999523e-01
-7.150942792850780716e-01 4.534761771082961856e-01 5.319770000000000332e-01
3.898831576740566796e-01 -9.177973711697514636e-01 7.509400000000003572e-02
2.296355628257874537e-01 3.036167776464068768e-02 9.728029999999999733e-01
3.607082652313229887e-01 -4.414403245941738163e-01 8.215959999999999930e-01
-9.572983870719812272e-01 6.770902737732326093e-02 2.810610000000000608e-01
8.809095086828517829e-01 4.564067454443863081e-01 1.252650000000000152e-01
-5.886984707082322243e-01 -1.846398339925292009e-01 7.869829999999999881e-01
2.265689349604517178e-01 4.824548615050810452e-01 -8.461109999999998355e-01
6.820509401283979534e-01 -3.731989672399542157e-01 6.289109999999999978e-01
3.920860269956960020e-01 -8.818860607191444378e-01 2.618119999999999337e-01
-6.890461736755746358e-01 -4.951861248127313320e-01 5.291559999999999597e-01
3.312688061103677417e-01 -1.207342937951421113e-01 9.357799999999999452e-01
-7.021560725644948597e-01 6.684110690771090102e-01 2.453640000000000820e-01
6.900405148119771459e-01 5.494006137000773116e-01 4.711719999999999242e-01
9.942003157381016365e-01 1.124100356991752231e-02 -1.069549999999999668e-01
5.097721730336115531e-01 -6.836412320505468321e-01 5.222710000000000408e-01
7.703210210761644028e-01 -2.641300072266590873e-02 6.371090000000000364e-01
2.316930546313243633e-01 -9.604242264601648982e-01 1.546079999999999954e-01
-9.446599397989498270e-02 4.476739714707461126e-01 8.891930000000000112e-01
-5.861050793430748751e-01 -6.416780868661853265e-01 4.947020000000000306e-01
7.950359914542975970e-01 -5.253289943533309136e-01 3.032280000000000530e-01
9.601603680184824796e-01 1.339900513568534901e-01 -2.452319999999999223e-01
5.971169060562855208e-02 -3.131943771925313480e-01 9.478100000000000414e-01
2.267398606773108893e-01 9.584964110418116023e-01 1.728399999999999104e-01
-5.769469597705899622e-01 7.257259493965152464e-01 3.747719999999999940e-01
-6.464533056275743039e-01 -3.527151667552472225e-01 6.765280000000000182e-01
2.390141987709002436e-01 8.147196775436964522e-01 5.283030000000000781e-01
-5.869989423486892122e-01 -7.977249216525206243e-01 1.380840000000000956e-01
4.288738904783715999e-01 8.982777706065900869e-01 -9.573000000000005116e-02
3.606198859230584919e-01 4.100078702998762870e-01 8.377630000000000354e-01
-9.722726861112206409e-01 1.849979402752142676e-01 1.430439999999999767e-01
2.758817621419177857e-01 -5.935654882432690460e-01 7.560219999999999718e-01
4.050692234157673988e-01 6.927203820696482828e-02 9.116579999999999684e-01
8.229538326444062468e-01 5.670028846944985546e-01 -3.542200000000002985e-02
-9.264900401849290867e-02 9.828950426313998179e-01 1.591649999999999177e-01
-8.236659352284639857e-01 5.228429588846156273e-01 2.195669999999999011e-01
-7.215044364322887871e-01 5.699915547791257753e-01 3.931170000000000497e-01
-1.671976469047174174e-01 -1.006709916140210125e-02 9.858719999999999706e-01
-4.014640305573540235e-01 9.067070690138264721e-01 1.292629999999999335e-01
-5.274771630593505511e-01 3.303361021170093115e-01 7.827169999999999961e-01
8.039815216108892049e-01 5.099436965707482283e-01 3.058940000000000548e-01
8.044790770747980435e-01 -5.805480556206187304e-01 1.256079999999999419e-01
6.528188596094742779e-01 7.404098407727881526e-01 1.600649999999999851e-01
7.854951764185813534e-01 -6.160181383548228862e-01 -5.932100000000006118e-02
2.574690133175109308e-01 -2.923440151214103389e-01 9.210019999999999873e-01
8.738939238373752971e-01 -3.562979689475029854e-01 3.306980000000000475e-01
3.997898413083609825e-01 8.108056781607018149e-01 4.275070000000000259e-01
8.213984272756348348e-01 -2.851631483363751829e-01 4.939499999999999447e-01
-1.900802363193797306e-01 3.005443736551538514e-01 9.346349999999999936e-01
-5.450709453427202700e-01 8.113539186410535509e-01 2.111929999999999363e-01
-2.642868906342269453e-01 8.623966431276806066e-01 4.317689999999999584e-01
-5.486942411990646251e-01 -8.343373667641781344e-01 -5.306400000000005557e-02
-1.407491539622911236e-01 -3.289543598356757803e-01 9.337980000000000169e-01
6.825616659162507815e-01 6.563256787576062790e-01 3.214749999999999552e-01
-1.014289281933599685e-01 8.457384012592464861e-01 5.238690000000000291e-01
6.850678962904568348e-01 -6.795778971215646891e-01 2.624039999999999706e-01
-2.762832503305036602e-01 6.305025712761307410e-01 7.253509999999999680e-01
2.297168662139155715e-01 9.038294736137220120e-01 3.610019999999999341e-01
-1.406790883601887199e-01 -8.658765438549228532e-01 4.800700000000000522e-01
-8.088052523624537082e-01 2.915110909569439968e-01 5.107399999999998608e-01
-6.129869293680214604e-01 1.628689812332730080e-01 7.731240000000000334e-01
3.329265427205001238e-02 5.768286619241971142e-03 9.994290000000000118e-01
-7.230270204032548387e-01 -1.796150050685945410e-01 6.670610000000000150e-01
-2.791015157919324308e-01 1.445077492961733823e-01 9.493260000000000032e-01
7.541431690072771810e-01 -4.559111021719709500e-01 4.726659999999999751e-01
7.797818698843410612e-01 6.089918983826309029e-01 1.451519999999998922e-01
5.514823267465538414e-01 5.781583425517677899e-01 6.013319999999999776e-01
5.461612446695148781e-01 -8.183153665892181072e-01 1.790750000000000397e-01
4.364489065939426427e-01 -2.740019413598231979e-01 8.569919999999999760e-01
-2.632193460320631298e-02 -4.679818373000650955e-01 8.833459999999999646e-01
5.474136857283520147e-02 1.646371009547151210e-01 -9.848339999999999872e-01
9.255489538307285491e-01 2.989399850879402923e-02 3.774460000000001147e-01
-4.609600954412473861e-01 -7.686931591570176359e-01 4.434259999999999868e-01
-9.748460705546715399e-01 -2.099280151935805916e-01 7.486900000000008826e-02
-3.122960109890473568e-01 -7.750810272734900419e-01 5.492909999999999737e-01
-4.529220471726371766e-01 -8.488940884138300724e-01 2.724709999999999632e-01
4.451600269186503644e-02 -9.142180552824025197e-01 4.027700000000000169e-01
3.789899596631273737e-01 -8.158069131715794953e-01 4.368360000000000021e-01
2.414610263893071374e-01 6.967300761457210223e-01 6.754729999999999901e-01
-5.753524252375802339e-01 4.864035140952773228e-01 6.575569999999999471e-01
7.246604105247460292e-02 6.607203743023073450e-01 7.471259999999999568e-01
-6.025931654511510471e-01 -7.318772009480564167e-01 3.181779999999999609e-01
5.632756653547107417e-01 1.025539390721191962e-01 8.198800000000000532e-01
9.224769029553776534e-01 -1.724369818596197534e-01 3.454010000000000691e-01
-3.326054512393730178e-01 -3.400414613276638853e-01 8.796279999999999655e-01
-2.842276780699585781e-01 -6.410602739040689446e-01 7.129210000000000269e-01
-8.324353102841284269e-01 4.128481538861072386e-01 3.696049999999999058e-01
-2.500593233660300951e-01 -1.768362286770534531e-01 9.519450000000000411e-01
-4.338620941427260846e-01 7.562431640954437873e-01 4.897549999999999404e-01
9.358302386678228613e-02 -5.907651506647536577e-01 8.013980000000000548e-01
9.543566539458713249e-01 -2.388819133803153361e-01 1.792729999999999879e-01
-6.739767346355519662e-01 3.233088727037950472e-01 6.642489999999999783e-01
7.577003653502192848e-02 9.947984796748944314e-01 6.808000000000007101e-02
-8.070131725292715164e-01 -2.289000489359689292e-03 5.905289999999999706e-01
2.455489955707734762e-01 -9.683239825333173068e-01 -4.532500000000005275e-02
3.866111933527961453e-01 8.854434428298212367e-01 2.579179999999999806e-01
7.103399077025186747e-02 7.891368974640914358e-01 6.100959999999999717e-01
5.336573213664967952e-01 -8.456805092657248002e-01 -5.859999999999998023e-03
-8.906940554143359945e-01 -2.554020158897806758e-01 3.760769999999998836e-01
-4.385250351384264444e-01 6.367520510220927576e-01 6.342259999999999565e-01
-9.571470215089478151e-01 -1.566970035212853773e-01 -2.435480000000000422e-01
8.402026243799418648e-01 1.035450769474734467e-01 5.322949999999999626e-01
3.031840797306084023e-01 2.228920586156088735e-01 9.264980000000000437e-01
-4.254600964971422261e-01 4.908701113325626419e-01 7.602830000000000421e-01
-8.348749212348951509e-01 -1.677389841749004351e-01 5.242590000000001416e-01
-9.931120926677444727e-01 1.113070103861082821e-01 -3.659400000000006398e-02
8.973837987370303360e-01 3.458759224278225575e-01 2.739929999999999866e-01
6.093004080084934299e-03 -7.134594777569922552e-01 7.006700000000000150e-01
-4.996898044511278725e-01 -3.538518615234256259e-01 7.906320000000000014e-01
-1.141270037614143945e-01 -6.080070200387838186e-01 7.856859999999999955e-01
5.398743011209934384e-01 -7.633034257411129841e-01 3.548289999999998945e-01
-7.751580283143373606e-02 1.556826040069933248e-01 9.847609999999999975e-01
9.554382506512727469e-01 2.778930729029347457e-01 9.956500000000007011e-02
8.836700141448615708e-01 -4.672120074786392241e-01 -2.898699999999994684e-02
5.542129308768588558e-01 6.991189128037391676e-01 4.517529999999999046e-01
8.945671277525042431e-01 -4.187540598019736660e-01 1.561880000000000213e-01
3.497822588479754247e-01 -7.184765316913335198e-01 6.012020000000000142e-01
-4.413989660197468745e-01 -6.529539497335921094e-01 6.154819999999999736e-01
6.606240792712511078e-01 -7.455510894620245299e-01 -8.791700000000006454e-02
8.606270172569813193e-01 -1.016470020381888689e-01 4.989879999999999871e-01
1.776740156125611314e-01 -4.495570395034508837e-01 8.754030000000000422e-01
1.816721668375114729e-01 -7.274676680654360572e-01 6.616539999999999644e-01
7.663938412765946007e-01 2.689019443092701689e-01 5.833800000000000097e-01
6.686572499219095578e-01 4.252731589530062695e-01 6.099510000000000209e-01
9.135946051544384661e-01 -3.615278437516337706e-01 -1.861249999999999849e-01
-4.550905491435547900e-01 1.575798438862586470e-01 8.763910000000000311e-01
6.660299878049430466e-02 8.909159836872641014e-01 4.492579999999999907e-01
-7.875897390935131248e-02 9.961346700084010575e-01 -3.889400000000003271e-02
-5.311751465207883438e-01 -1.089398249581584842e-02 8.471919999999999451e-01
-2.566450188776649433e-01 9.349530687709854959e-01 2.449409999999999643e-01
9.765068565594238192e-01 -4.197299383452315208e-02 2.113589999999999636e-01
-9.858503450137216795e-02 -9.871043454525784133e-01 1.261190000000001199e-01
-2.650380891638428604e-01 4.767401603844371172e-01 8.381370000000000209e-01
4.678412107723041724e-01 2.602041172274268677e-01 8.446409999999999751e-01
8.831415909761142213e-01 2.275838945953289338e-01 4.102030000000000398e-01
-7.736898150566462462e-01 -3.371649194038620068e-01 5.363989999999999592e-01
-5.514186946704421333e-01 -5.115687167360273291e-01 6.589650000000000230e-01
-3.002869226452390405e-01 -8.736517749448302617e-01 3.828319999999999501e-01
6.616228406747407531e-01 -6.142938520720248041e-01 4.299979999999998803e-01
-9.153139146868595200e-01 -3.998009627359801477e-01 4.857599999999995255e-02
-1.221670296024457286e-01 -9.429202284801802003e-01 3.098009999999999931e-01
2.077828660837168218e-01 -8.365214608610087588e-01 5.070090000000000430e-01
-9.179755591840895734e-01 -3.323498404041413945e-01 2.164819999999999522e-01
4.969878017428546735e-01 -9.118796362352299401e-02 8.629529999999999701e-01
7.384625131694547706e-01 -2.038808655917786206e-01 6.427329999999999988e-01
-7.013028232243412319e-01 -7.126908203537972719e-01 1.568899999999990441e-02
