6.654077953208877849e-01 4.585908589376762046e-01 5.890050000000000008e-01
3.782600515665726082e-01 5.476670746611064233e-01 7.463109999999999467e-01
7.720451278353235303e-01 -2.540630420677885692e-01 5.825789999999999580e-01
-2.081259247528715328e-01 -7.425287315415897149e-01 6.366589999999999749e-01
1.383850398845071772e-01 -7.983342300911087097e-01 5.860990000000000366e-01
7.503957503096503334e-01 1.237829588118532914e-01 6.492949999999999555e-01
-9.011487269467450822e-01 6.657197982830673211e-02 4.283679999999999710e-01
-4.629611061424785401e-01 2.119945906935659929e-01 8.606540000000000301e-01
2.710350639837718068e-01 -9.204382172896302672e-01 2.816620000000001345e-01
1.051008326487865019e-01 -5.777440800627313688e-01 8.094230000000000036e-01
-2.100780396807704342e-01 7.480621412983581298e-01 6.294999999999999485e-01
1.930959080656814431e-01 9.526115464549491652e-01 2.350430000000000297e-01
8.802295251461440539e-01 4.744462830553042298e-01 -9.833999999999988584e-03
-4.397889663572381869e-01 8.078609382006485262e-01 3.923600000000000421e-01
-9.331001764242570218e-01 2.791550527807451498e-01 -2.267080000000000484e-01
-7.414370820563477293e-01 5.376810595062548881e-01 -4.014599999999999280e-01
-3.763050776672095532e-01 9.250061909159719153e-01 5.251699999999991098e-02
-8.834122180948165148e-01 3.894870961556960443e-01 2.605430000000001356e-01
-6.616479308001387283e-01 -7.422199223733453310e-01 1.064500000000001001e-01
1.584115108672289607e-01 3.213750076791314081e-01 9.336079999999999934e-01
8.750210501195383461e-01 3.356070192229305138e-01 3.488639999999998964e-01
5.025722944645323320e-01 8.489034973851006249e-01 1.636579999999999424e-01
6.642279152128354180e-01 -7.363099060117351824e-01 -1.290310000000000068e-01
-6.858501203099589549e-01 5.834741023514368186e-01 4.349339999999999318e-01
-2.940983014935530035e-02 -2.480605673753611407e-01 9.682979999999999920e-01
2.435753684557010468e-01 -7.366041383910819189e-03 9.698539999999999939e-01
-3.532233543132691778e-01 -1.119557953465687289e-01 9.288159999999999750e-01
1.385450139164442762e-01 8.285680832272579455e-01 5.424759999999999582e-01
9.456812672325934921e-01 2.189980618849310667e-01 -2.402639999999999776e-01
-7.958321698823181967e-01 -2.720620580757285856e-01 5.409559999999999924e-01
4.881595769255397954e-01 2.289532705856762163e-01 8.421880000000000477e-01
4.027598572847224112e-02 -9.987296461067929343e-01 3.028100000000003705e-02
-2.015109357436926929e-01 4.243068647001851934e-01 8.828120000000000411e-01
9.199852609831489225e-01 -4.926001397417339653e-03 3.919219999999999371e-01
5.919380050310932839e-01 -7.791620066223772234e-01 2.061940000000000439e-01
-4.492527517918045166e-01 -8.118605514541836765e-01 3.729000000000000092e-01
-6.835358295372863102e-01 -1.152299712635207647e-02 7.298259999999999748e-01
-3.092560446480051017e-01 -9.454901365025819571e-01 1.020249999999999074e-01
5.349438928897299883e-01 5.949038808841148329e-01 -5.999369999999999425e-01
4.505330446589583815e-01 -7.227020716376347798e-01 5.241390000000001326e-01
-2.396709530865263060e-01 -4.812539057987955116e-01 8.431800000000000406e-01
-8.443517522432830713e-01 5.333048435132550225e-01 -5.153700000000010356e-02
9.858007077275875440e-01 1.426379577103772667e-01 8.860800000000002008e-02
-9.870910320667454219e-01 1.370530044523187996e-01 8.287200000000011224e-02
7.333121142993265229e-01 6.267850976952558106e-01 2.634270000000000223e-01
-8.831098929644844164e-02 -9.282298874958091472e-01 3.613729999999999998e-01
7.659416947080818217e-01 5.412427842694177427e-01 -3.469720000000000582e-01
5.415901191430283479e-02 6.154691353954853117e-01 7.862980000000000524e-01
2.977732338918752109e-01 -3.358482637986604513e-01 8.936089999999999867e-01
5.604189047206514784e-01 -1.192239797301928583e-01 8.195829999999999504e-01
-1.055148726113766533e-01 1.046768656810324605e-01 9.888930000000000220e-01
4.633080348092643574e-01 7.434480558567474473e-01 4.823180000000000245e-01
-1.348639740948616716e-01 9.378108198620553893e-01 3.198789999999999689e-01
-7.304660085324952146e-01 3.008580035142901510e-01 6.131100000000000438e-01
5.222854932468119493e-01 -4.768884503738105018e-01 7.069619999999999793e-01
-4.709112195196667461e-01 5.377482506763737735e-01 6.993350000000000399e-01
-5.430840276047486093e-01 -3.261760165793993749e-01 7.737370000000000081e-01
