9.819695746582149387e-02 -7.201416880694073708e-01 6.868429999999999813e-01
6.765007722055819128e-01 7.242807561168882469e-01 1.332819999999999561e-01
-5.467679214499935325e-01 7.417208934425763012e-01 3.884520000000000195e-01
-2.268187090841569664e-01 6.169642086866923281e-01 7.535969999999999613e-01
-8.939952283058641980e-01 3.781210965634499988e-01 2.404099999999999848e-01
7.134582216222751239e-01 4.975911545672617731e-01 4.933359999999999967e-01
-4.390614351143014016e-01 2.545716724743155579e-01 8.616369999999999862e-01
3.766303533365124301e-02 -4.934294629118290421e-01 8.689700000000000202e-01
7.615731894274021530e-01 2.638007192264154588e-01 5.919590000000000130e-01
-4.225282183331179886e-01 -1.696396861707245157e-02 9.061909999999999688e-01
2.255256473118020244e-01 1.175543374086756576e-01 9.671189999999999509e-01
6.428232211688637010e-01 -1.363930469272020829e-01 7.537740000000000551e-01
-2.474300039861256906e-01 3.804010061283037425e-01 8.911080000000000112e-01
-6.099149890002490970e-01 5.636439898347413990e-01 5.570540000000000491e-01
1.687968268519775272e-01 5.663344190667767286e-01 8.067050000000000054e-01
-7.144970609451113397e-01 -6.908410589273034086e-01 1.106010000000000604e-01
3.681771589385865462e-01 -7.031823035571291847e-01 6.082600000000000229e-01
9.381960711895982463e-01 3.180930241366546896e-01 -1.364000000000000490e-01
-3.951063927290799915e-01 -2.899635543315986497e-01 8.716720000000000024e-01
-4.406311722610594117e-01 4.957821938218883173e-01 7.483610000000000539e-01
6.306459981183968333e-01 1.266719996220598554e-01 7.656629999999999825e-01
2.384253547496521519e-01 -1.216706913414344893e-01 9.635089999999999488e-01
-7.886967201331441801e-01 1.895649327334064660e-01 5.848269999999999857e-01
0.000000000000000000e+00 0.000000000000000000e+00 1.000000000000000000e+00
2.041719771829725305e-01 -8.469609053487626715e-01 4.908879999999999910e-01
-1.282029421619046150e-01 9.890595537908883905e-01 -7.297400000000002496e-02
7.963314377479586703e-01 5.511683029803774447e-01 2.491380000000000261e-01
-1.067430184133506127e-01 -9.869301702471189319e-01 1.207259999999999722e-01
-2.002380828864080142e-01 -9.061263750812995621e-01 3.726120000000000543e-01
-2.306500898534101784e-01 1.252650487989916961e-01 9.649400000000000199e-01
-6.497929730933993397e-01 7.457909691183185474e-01 1.468500000000000638e-01
-9.131323624648836068e-01 1.693570672257299903e-01 3.708199999999998719e-01
3.789851808865256633e-01 8.031613833423562054e-01 4.596760000000000290e-01
-5.685891934394167180e-01 -4.110391398393996587e-01 7.125679999999999792e-01
-4.143591221608393382e-02 4.851709721426261668e-01 8.734370000000000189e-01
-3.223420455038883969e-01 8.633971218827227734e-01 3.881250000000000533e-01
-7.521512532608406465e-01 -2.663260896760710761e-01 6.027759999999999785e-01
-7.201050550744675371e-01 -4.778410365458350406e-01 5.031069999999999709e-01
4.524574479597376908e-01 -4.005003965191718251e-03 8.917770000000000419e-01
3.948440854453378890e-01 4.868121053474685489e-01 7.791740000000000332e-01
4.600380387629613432e-01 -7.937930668852734017e-01 3.978160000000000585e-01
-5.712200267805633835e-02 9.276270434900268924e-01 3.691139999999999421e-01
-6.070989001962551201e-01 1.137467939394225941e-01 7.864430000000000032e-01
5.161764201042557954e-01 6.168373070172999961e-01 5.941999999999999504e-01
-6.486941142694461204e-01 -6.622061166496264750e-01 3.750719999999999055e-01
-3.608949150560838981e-01 9.323017805639234323e-01 -2.383799999999994604e-02
2.475775637711781774e-01 -3.555958097448959632e-01 9.012529999999999708e-01
5.119409948272325428e-01 8.589499913209752702e-01 1.101500000000010283e-02
4.554930430273589903e-01 8.565390809114763471e-01 2.426250000000000628e-01
7.880984892720497292e-01 -1.011800628152158786e-02 6.154659999999999576e-01
6.099003406760087342e-01 6.984153901184368962e-01 3.744830000000000103e-01
2.544567376269344372e-01 -5.704344118189726975e-01 7.809329999999999883e-01
2.036537477310031152e-01 3.503005660773573227e-01 9.142289999999999583e-01
6.585342308644512865e-01 -3.664031284511164999e-01 6.573290000000000521e-01
6.637514981695612493e-01 -6.742805060719633259e-01 3.236970000000000125e-01
-5.263410977134207469e-01 8.368461553576208578e-01 -1.505110000000000059e-01
-1.832315744253323886e-01 -3.985360743579103859e-01 8.986629999999999896e-01
3.413898947193572814e-02 9.905896945137451226e-01 1.325389999999999624e-01
8.486430271192134667e-01 5.289520169031761698e-01 3.844000000000065247e-03
-9.350141153486021262e-01 3.542260436993175943e-01 -1.650800000000009551e-02
-3.337731170102257172e-01 -9.270843250062412721e-01 1.706170000000000464e-01
-2.914820269515452367e-01 9.187190849482873567e-01 -2.664460000000001272e-01
4.680502656424957997e-01 -4.772892708861043443e-01 7.437230000000000230e-01
-4.163400922111338276e-01 -8.009741774000112002e-01 4.302340000000000053e-01
8.060000648799033919e-04 7.079660569885362076e-01 7.062460000000000404e-01
7.688760620068086915e-01 -4.694620378602536448e-01 4.340910000000000046e-01
-7.450431048624901464e-01 -3.370900474443724870e-02 6.661639999999999784e-01
-5.502001737072663434e-02 -8.349352636028285479e-01 5.475910000000000499e-01
-7.012930891281966561e-01 7.087900900809993576e-01 -7.618799999999992245e-02
5.948402788140143560e-01 3.855761807275777664e-01 7.053340000000000165e-01
-8.208514790302804398e-01 -5.098646764042407131e-01 2.573729999999999629e-01
-2.771509696012288138e-01 -7.404649187835292690e-01 6.122900000000000009e-01
9.951893717081368163e-01 9.600503585835420961e-02 -1.952299999999992236e-02
1.109270695842309307e-01 8.417735280421067001e-01 5.283109999999998641e-01
9.258842420057565858e-01 -9.997002612996389037e-02 3.643409999999999149e-01
-6.312565991753966710e-01 3.514027768722278733e-01 6.913979999999999571e-01
-7.406407743131169230e-01 5.887348206016581598e-01 3.237940000000001373e-01
9.053732135647591939e-01 -3.223560760392473745e-01 2.763800000000000145e-01
9.695518514856218406e-01 1.138249825644740004e-01 2.168250000000000732e-01
-1.793201199460979500e-02 2.487021663553118100e-01 9.684139999999999970e-01
-9.850300870119362839e-01 1.272620112415997484e-01 -1.162760000000000044e-01
-5.125679126218994908e-01 -6.239828936288467354e-01 5.898470000000000102e-01
4.600161535230348209e-01 -2.531240844761153963e-01 8.510659999999999892e-01
8.679978146048984433e-01 3.482549256164517160e-01 3.539749999999999841e-01
2.041739099678624714e-01 9.268655912911187844e-01 3.150130000000000985e-01
-5.384032021840892135e-01 -8.122403050168827132e-01 2.244719999999999771e-01
-3.980010591444445578e-01 7.027901044372355521e-01 5.896449999999999747e-01
-1.238399508570127566e-01 -6.364947474219505574e-01 7.612740000000000062e-01
-9.642239015232911825e-01 -7.881399195068453101e-02 2.531020000000000492e-01
1.590597928986342904e-02 -2.509166732977910486e-01 9.678780000000000161e-01
-8.259198556134881297e-01 5.573689025613063341e-01 8.483099999999992036e-02
-3.544916884688906755e-01 -5.338625308358651012e-01 7.676760000000000250e-01
-9.355077888533013253e-01 -3.341929245717313313e-01 -1.146310000000001078e-01
8.875160956243610677e-01 1.240440133649740040e-01 4.437659999999999383e-01
4.334711659519989158e-01 2.469320945365641173e-01 8.666760000000000019e-01
2.788560115812563356e-01 9.571520397517805367e-01 7.809800000000007014e-02
-7.866076869141773731e-01 4.003248406625894984e-01 4.700939999999999008e-01
-8.758862414043271372e-01 -2.972160819161723255e-01 3.801129999999999787e-01
-2.114246169353803384e-01 -1.388250918556426516e-01 9.674850000000000394e-01
-4.385802350759474694e-02 9.455225067934699412e-01 -3.225889999999999036e-01
5.842430485944917207e-01 -5.973990496887439106e-01 5.493400000000000505e-01
-8.796096519946050574e-01 -5.821997696607138228e-02 4.721199999999998731e-01
-2.115459668580570163e-01 9.607778494793111079e-01 1.793159999999999199e-01
-9.797926967587115010e-01 1.494519537453146696e-01 1.329299999999999093e-01
8.142149127511366657e-01 -2.400179742803833782e-01 5.286260000000000403e-01
-5.858268297298805383e-01 -1.680859511459468769e-01 7.928140000000000187e-01
2.823791559916221106e-01 7.047633893247144954e-01 6.508230000000000404e-01
-1.659709490729051884e-01 8.078457521178403766e-01 5.655430000000000179e-01
-8.293430153717907816e-01 5.286780097989943750e-01 -1.808029999999999082e-01
-4.607519110890879732e-01 8.699188321324887729e-01 1.759229999999999128e-01
