5.648420429744838156e-01 -6.047140460080377977e-01 5.614930000000000199e-01
-7.490355597035366353e-01 -1.302619234297175965e-01 6.495980000000000087e-01
6.486107911587538633e-01 4.817568448827846406e-01 5.892490000000000228e-01
-3.450149013485592220e-01 -9.374397319542435714e-01 -4.659899999999994602e-02
-9.631997584523205314e-01 -2.548089360999558073e-01 -8.554899999999997229e-02
-2.273722755607352763e-01 5.296756419331863919e-01 8.171570000000000222e-01
-4.193938121936094388e-01 8.973255981736570908e-01 1.375340000000000729e-01
9.018332632272076932e-01 3.754581095887608577e-01 2.138410000000000033e-01
-3.863324034513191396e-01 -4.985992300963874163e-02 9.210110000000000241e-01
-5.487740141510105696e-01 7.597310195908724140e-01 3.487919999999999909e-01
-4.942121993440752314e-01 -5.970272408152679233e-01 6.319120000000000292e-01
-3.566374053572770597e-01 4.111444673104931447e-01 8.389100000000000446e-01
4.977565788529592639e-01 -2.255898091306382247e-01 8.374650000000000150e-01
-2.756939463500974741e-01 8.721228302853386571e-01 4.042209999999999415e-01
-5.341162111548670710e-01 -2.803801108440895015e-02 8.449459999999999749e-01
9.465714488968666185e-01 -2.528138528093081816e-01 2.002189999999999248e-01
2.724898948991729547e-02 9.150486470607879230e-01 4.024220000000000574e-01
3.388348813459652886e-01 8.658546967928658633e-01 3.680849999999999400e-01
-6.851801302673904415e-02 4.831290918531688239e-01 8.728639999999999732e-01
-5.204933370042349461e-01 -6.978764518546214379e-01 4.919909999999999561e-01
3.666100228713550235e-01 -7.920010494098251863e-01 4.881920000000000703e-01
-1.526952880123397804e-01 2.283384306896862337e-01 9.615329999999999711e-01
5.954399267516520267e-01 2.294689717717567634e-01 7.699319999999999498e-01
4.465772540749938235e-01 6.735713832206936535e-01 5.889569999999999528e-01
-1.857730200710304702e-01 -9.595401036692987606e-01 2.115920000000000023e-01
3.591270843898446974e-01 5.806051364340910625e-01 7.307019999999999627e-01
3.621737471878423986e-01 -3.227117747339207643e-01 8.744640000000000191e-01
1.790087972382436443e-01 6.460862681835277677e-01 7.419759999999999689e-01
5.720095640097059425e-02 5.720925639464423673e-01 8.181920000000000304e-01
-7.789032657984334973e-01 5.596131909663449866e-01 2.830949999999999300e-01
1.758308991277417466e-01 8.685815017043190256e-01 4.633030000000000204e-01
-9.021307896681990401e-01 -2.003929532783812473e-01 3.821030000000000815e-01
4.952288305214053166e-01 -4.683898397063197827e-02 8.674990000000000201e-01
-1.126050198406237518e-01 -8.276701458326817251e-01 5.498020000000000129e-01
-2.273728554807163127e-01 -7.386145305330414912e-01 6.346260000000000234e-01
-3.085161921027986809e-01 -2.137411330895133688e-01 9.268939999999999957e-01
-6.455325557665888558e-01 -6.492485532093666967e-01 4.021989999999999732e-01
8.127348935366995875e-01 -7.827298974671705045e-02 5.773519999999999763e-01
1.999190532612248883e-01 1.104080294142393559e-01 9.735719999999999930e-01
6.101300021208745372e-01 7.037300024462376236e-01 3.640129999999999200e-01
8.826889332653089504e-01 -1.470809888801094256e-01 4.463490000000000513e-01
7.756289577871671170e-01 -5.334779709659931424e-01 3.373439999999999217e-01
-9.181167070149900411e-01 -3.087899014604444381e-01 2.484159999999999702e-01
2.297944895511774832e-01 -2.394064681998248900e-01 9.433340000000000058e-01
-7.061420016387731646e-01 1.442550003347785326e-01 6.932199999999999473e-01
4.535866605375951099e-01 2.919177815299240919e-01 8.420469999999999899e-01
8.659567745140513972e-01 3.284689144701827268e-01 3.771300000000000208e-01
2.120490608756598894e-01 -4.091761174674674595e-01 8.874739999999999851e-01
-4.196210003085490969e-01 -8.109170005962710315e-01 4.078379999999999783e-01
-8.479500470261820411e-01 -4.508760250049848595e-01 2.787320000000000353e-01
-1.096193252173168070e-01 7.224053234784517941e-02 9.913450000000000317e-01
-6.011852680545189953e-01 2.905146462972499899e-01 7.444309999999999539e-01
8.014144775899336715e-01 -4.049867360053336363e-01 4.401369999999998894e-01
6.936793835765538985e-01 3.263371804512200103e-01 6.421160000000000201e-01
9.006320000660493763e-01 1.378100000101065321e-02 4.343639999999999168e-01
-4.329536939363829995e-01 1.149019187735378367e-01 8.940630000000000521e-01
6.640902015931540725e-02 -8.036472439574963156e-01 5.913890000000000535e-01
-2.014219875623096678e-01 -9.790959395413959543e-01 2.828999999999992285e-02
-6.130824328334428808e-01 -1.651321165825322124e-01 7.725680000000000325e-01
6.098637914692257578e-01 6.058597928383133852e-02 7.901869999999999727e-01
-4.521230173102311900e-01 -4.811800184227234545e-01 7.510329999999999506e-01
5.014693998688486698e-02 -4.792384264736622157e-01 8.762510000000000021e-01
-5.129768677066378624e-01 5.643528544571086991e-01 6.468080000000000496e-01
8.724020514561958706e-01 -4.123010243184231927e-01 2.625310000000000143e-01
5.833837550061313770e-01 6.259047371493092760e-01 5.175969999999999738e-01
5.283151447595340056e-01 -8.349162287689182449e-01 1.542660000000000420e-01
-6.591225427434163620e-02 -8.689069864763736273e-02 9.940350000000000019e-01
1.202960576614040406e-01 -9.290454453185399419e-01 3.498620000000000618e-01
3.049969505652797008e-01 -8.788888575473466913e-01 3.667850000000000832e-01
-9.263833275561320635e-01 2.941561040094662904e-01 2.351299999999999779e-01
-6.620378369136069585e-01 6.416288419411585453e-01 3.873219999999999441e-01
-1.027839657527457734e-01 9.947036685682518753e-01 2.610000000000496038e-04
-4.674366675351164790e-01 -1.924428631247857013e-01 8.628259999999999819e-01
-6.809886976454975205e-01 -2.842168738095775526e-01 6.748889999999999612e-01
1.872179930696390160e-01 -8.531689684177318211e-01 4.868799999999999795e-01
-8.712768329502624809e-01 4.578229122217022384e-01 1.768469999999999487e-01
7.181594028742417368e-01 1.627178647054846605e-01 6.765870000000000495e-01
7.049908500309870485e-02 -1.671072014867276689e-01 9.834150000000000391e-01
-7.506007297302683678e-01 -4.943918219837263317e-01 4.383779999999999899e-01
-9.757311715650865969e-01 2.155780379055889928e-01 -3.840299999999990249e-02
-5.301297445070044523e-01 6.810746717599607258e-01 5.050740000000000229e-01
2.965129781485330018e-01 7.041679481064779811e-01 6.451569999999999805e-01
-3.757433795080887262e-01 5.555285610946033570e-01 7.417580000000000284e-01
1.567469516271068897e-01 7.789677596066537646e-01 6.071569999999999467e-01
-8.603450683903793861e-01 -8.854100703828399199e-02 5.019630000000000480e-01
8.889986697212449718e-01 -2.842388944002152695e-01 3.590119999999999423e-01
4.742600213823465749e-01 7.601270342708619232e-01 4.441669999999999230e-01
-4.505428611176385822e-01 -8.627157340630413618e-01 2.296359999999999790e-01
7.058380934988648381e-01 5.615710743885298228e-01 4.317760000000000487e-01
8.051041608498533675e-01 2.540160507492651432e-01 5.359880000000001310e-01
-2.952035408876848566e-01 -5.008782210142230795e-01 8.136189999999999811e-01
1.896910677842360560e-01 9.319433330207778088e-01 3.090290000000000536e-01
6.583418388360371409e-01 -6.372038440106786439e-01 4.006960000000001076e-01
8.313640369396517737e-01 5.282580234718686762e-01 1.725609999999999644e-01
2.819599605953251875e-02 7.141829001909880681e-01 6.993909999999999849e-01
-3.174705321748591547e-01 2.540404258471704035e-01 9.136060000000000292e-01
-7.951034348332122192e-01 2.598301420982101692e-02 6.059170000000000389e-01
-5.622198657664084775e-02 -9.933537628304309752e-01 1.004359999999999004e-01
-4.199072546322856203e-01 8.562395192247184150e-01 3.008849999999999025e-01
-2.172004239699835623e-02 3.348136535481677778e-01 9.420340000000000380e-01
1.390800460514487503e-02 8.323192755931484443e-01 5.541220000000000034e-01
-4.100141863826188282e-01 7.866753576037569529e-01 4.615520000000001288e-01
-4.090758770276103906e-01 9.120477258291318501e-01 -2.873800000000004476e-02
7.855098503383338704e-01 -6.067638843944556104e-01 -1.217040000000000066e-01
1.580043141143977481e-01 2.749348065273634067e-01 9.483909999999999840e-01
6.195889851273205240e-01 7.583339817968709484e-01 2.025810000000000111e-01
7.075632095144058775e-01 -3.685541091314446516e-01 6.029280000000000195e-01
-3.491898450518610836e-02 -9.581585748304539685e-01 2.840999999999999637e-01
7.292222050213789108e-01 6.276941764766963416e-01 2.724609999999998977e-01
8.203481743297564854e-01 9.069301927290443488e-02 5.646269999999999900e-01
-5.829168237701775057e-01 -8.010777578148626787e-01 1.359499999999999875e-01
7.666439120097728877e-01 4.113359527896285339e-01 4.930109999999999770e-01
-9.192350472611913181e-01 3.817040196247813433e-01 -9.648299999999997156e-02
-1.208790397595558563e-01 7.602662500669141732e-01 6.382660000000000000e-01
4.532848080636303068e-01 -5.529467658633313576e-01 6.991300000000000292e-01
9.861448693872997273e-01 -7.880098956298374480e-02 1.459750000000000492e-01
3.677834112753849416e-01 -1.459097664367982883e-01 9.183930000000000149e-01
6.929317212311425500e-01 -5.115317942089683267e-01 5.081149999999999833e-01
4.826306183927615567e-01 -3.977235096016084603e-01 7.803099999999999481e-01
-7.197096738047298325e-01 2.953888661203891708e-01 6.283020000000000271e-01
-3.809502281274868563e-01 -7.278604358705147437e-01 5.701720000000000121e-01
5.900910557286987990e-01 -4.659670440063220509e-01 6.592930000000000179e-01
6.034301075248391655e-01 -7.455731328532172464e-01 2.828300000000000813e-01
-1.328050237352698393e-01 -2.275827543349330240e-01 9.646599999999999620e-01
6.779270668963811863e-02 1.436557355947265698e-02 9.975960000000000383e-01
-1.222320003285328194e-01 9.361170025160773234e-01 3.297640000000000571e-01
-7.332207126329191027e-01 -6.710627369941459808e-01 -1.098279999999999812e-01
-6.301351483851282964e-01 -5.544341305589441937e-01 5.436290000000000289e-01
-2.294216027732629282e-01 -7.007957320037777604e-02 9.708010000000000250e-01
-2.729059104128163660e-01 9.299806947140095703e-01 2.462889999999999802e-01
2.880455837882044956e-01 3.633644749560865361e-01 8.860000000000000098e-01
-9.953897105360372255e-02 6.306078166163100462e-01 7.696920000000000428e-01
-2.680649967125693367e-01 7.837859903879949020e-01 5.601969999999999450e-01
4.140000760576447759e-03 -8.904981635970410370e-01 4.549679999999999835e-01
1.236719619714585910e-01 -6.945307864350794835e-01 7.087539999999999951e-01
-9.989988459437640911e-01 4.268599341736651481e-02 1.338699999999996143e-02
7.215542372337923060e-01 -1.930960634864422598e-01 6.648859999999999770e-01
6.110711871522028771e-01 7.907832421924464450e-01 3.541000000000001785e-02
-8.055969461690105637e-01 -2.436669837178692122e-01 5.400369999999998782e-01
4.624448979437814633e-01 -8.230618183598152893e-01 3.297180000000000111e-01
-3.075740902959236966e-01 -8.981842636840366989e-01 3.141069999999999141e-01
7.216103984825997797e-01 -8.596992833749638255e-03 6.922460000000000280e-01
8.950321371772940182e-01 1.726290264580250811e-01 4.112379999999999369e-01
3.364317943952749856e-01 -4.875827020218984620e-01 8.056529999999999525e-01
-2.509360795414177780e-01 6.677642116670997607e-01 7.008010000000000073e-01
-9.549520315126328596e-01 -2.856420094259515818e-01 8.046899999999999886e-02
-7.887787290271686125e-01 3.577318771067018455e-01 4.998559999999999115e-01
-9.841185962806757725e-01 7.276997014725139837e-03 1.773630000000000206e-01
-6.716642291953723864e-01 -9.561003262549482365e-03 7.407939999999999525e-01
6.113318582510195442e-01 -2.999899304415986068e-01 7.323110000000000452e-01
-7.483015090974928230e-01 4.965056742811857493e-01 4.399169999999999470e-01
-4.665661806255268496e-01 2.762111069318324841e-01 8.402519999999999989e-01
-6.411577411631860235e-01 4.329828252038651626e-01 6.335950000000000193e-01
-6.369383275174538284e-01 5.552222854985817690e-01 5.348249999999999948e-01
-3.321138040992976381e-01 -9.337394492242968580e-01 1.335330000000000128e-01
3.871662051546361227e-01 -9.006954772675158649e-01 1.971039999999999737e-01
7.695840691496961261e-01 -6.368890572266066030e-01 4.596399999999989383e-02
-1.273950979401529404e-01 -5.065753894503943755e-01 8.527320000000000455e-01
-2.767350858223076027e-01 9.374169032997067830e-02 9.563629999999999631e-01
-9.370489937509279832e-01 3.421739977180809356e-01 6.968600000000001182e-02
-5.034601478928810714e-01 4.292311260878903800e-01 7.498590000000000533e-01
-9.911043078065793210e-01 -1.244640386547105487e-01 4.712699999999998834e-02
2.171695122011101931e-01 -6.915716310933962829e-02 9.736810000000000187e-01
9.434944799806014304e-01 2.172881105402100499e-01 2.502079999999999305e-01
5.630645054503445879e-01 3.896453497758683437e-01 7.287900000000000489e-01
-5.569067212522396115e-01 8.095065948187700755e-01 1.858869999999999134e-01
-9.095621828394397923e-01 -4.125030829210293848e-01 -5.037699999999993572e-02
8.053728495690862799e-01 -2.620449510541465465e-01 5.317020000000000080e-01
-5.500259854546577509e-01 8.349589779196535666e-01 1.774599999999991462e-02
-2.362309221918827418e-01 -3.655218796069158449e-01 9.003269999999999884e-01
-6.784188186258157671e-01 6.974588135355037632e-01 2.308659999999999601e-01
8.122906980376036756e-01 4.797488216573153608e-01 3.316999999999999948e-01
4.880729184931447140e-01 8.234258624901115153e-01 2.894040000000000501e-01
-5.963981118152755778e-01 -4.459130836016970689e-01 6.674360000000000293e-01
4.173380363376515412e-01 -6.834680595096109812e-01 5.989160000000000039e-01
3.845398920282390443e-02 9.696057277524658957e-01 2.416320000000000134e-01
-9.470860921735780869e-01 1.290650125610377230e-01 2.938879999999998716e-01
5.128051107937091624e-01 5.381111162611785792e-01 6.689300000000000246e-01
5.219850457784919184e-01 -7.239580634916816804e-01 4.510169999999999457e-01
7.159528992154443605e-01 6.959839020264763088e-01 -5.493500000000008793e-02
-7.548768228214182141e-01 -5.825228632749457347e-01 3.013770000000000060e-01
-9.644747035718993500e-01 -1.563329519515856969e-01 2.129519999999999746e-01
-1.971290352573328020e-01 -9.695631734103318244e-01 -1.452150000000001218e-01
1.097398566158497846e-01 4.283404403379779124e-01 8.969289999999999763e-01
-5.564398846344176947e-02 -7.300328486437307474e-01 6.811430000000000540e-01
4.771397084551570189e-01 1.272709222341373569e-01 8.695629999999999749e-01
-3.955181951643562677e-01 6.841893376061412013e-01 6.127399999999999514e-01
8.329148435319351229e-01 -5.304099003593089057e-01 1.578549999999999398e-01
7.779003259018879568e-02 -3.185581334601539916e-01 9.447060000000000457e-01
9.472264899224039914e-01 -1.139650589447573914e-01 2.996229999999999727e-01
8.662196368647872013e-01 -4.995237905904343356e-01 -1.181199999999993019e-02
-1.134880321178649704e-01 9.794102771795966111e-01 1.669610000000000816e-01
-7.261018224547232114e-01 -3.945729035196534062e-01 5.631059999999999954e-01
-5.767317440277381912e-01 1.327599410768303678e-01 8.060739999999999572e-01
-5.431927569994725591e-01 -3.251748545310845229e-01 7.740820000000000478e-01
-1.984358089012086546e-01 3.805006335680966023e-01 9.032400000000000428e-01
-8.161204336230727385e-01 1.842350978882357215e-01 5.477269999999999639e-01
-2.720270593456720620e-01 -8.314851813975677741e-01 4.843899999999999317e-01
4.123206318610564969e-01 4.430226044489143922e-01 7.960669999999999691e-01
-8.896710293919319890e-01 7.264600239999531583e-02 4.507860000000000200e-01
-3.441060705575871292e-01 -6.213221273996418770e-01 7.039530000000000509e-01
2.974302808492579886e-01 -6.335765982562263643e-01 7.142239999999999700e-01
3.516623664184340137e-01 2.895494783257197488e-02 9.356790000000000385e-01
-8.501325252239002594e-01 4.040382496205462970e-01 3.376799999999998692e-01
-8.021297085952251438e-01 -5.792107895791818173e-01 1.452679999999999250e-01
4.721290417102761983e-01 8.803050777706193930e-01 -4.644499999999993772e-02
8.944800414664054455e-02 -9.814710454991439903e-01 1.694509999999999350e-01
2.343501211680430185e-01 -9.433894877687176717e-01 2.347259999999999902e-01
6.565438928413794839e-01 -7.469508780854918761e-01 1.049500000000001126e-01
-5.550100117389873411e-01 -7.679510162428910824e-01 3.197109999999999674e-01
-2.575999907975582998e-03 -6.134079780867496279e-01 7.897619999999999640e-01
-9.394536313477681588e-01 -4.160498367373397649e-02 3.401409999999999156e-01
-3.946461437735797606e-01 -3.510741278998538717e-01 8.491180000000000394e-01
-2.536169168112609729e-01 9.644276836586297419e-01 -7.455000000000004678e-02
-1.792919027986516756e-01 -6.302796583000587205e-01 7.553819999999999979e-01
3.280639076890597416e-01 2.038619426371290067e-01 9.223959999999999937e-01
-1.557610437337070275e-01 -9.079542549302724863e-01 3.890470000000000317e-01
7.276122042931546519e-01 -6.479121819156176132e-01 2.253670000000000395e-01
-8.388642016195279050e-01 -3.508160843180255783e-01 4.162150000000000016e-01
2.470098773575720719e-01 -7.545416253639007920e-01 6.079909999999999481e-01
-8.919640852079472326e-01 -4.374860417923636113e-01 1.140439999999999926e-01
-6.758220524177138699e-01 7.339980569299271451e-01 6.716700000000005999e-02
4.778602265992495240e-02 9.961604723749809542e-01 7.335399999999993315e-02
2.534820338691454525e-02 1.783034306570000505e-01 9.836489999999999956e-01
-8.826727159258838107e-01 2.457749209012669023e-01 4.006040000000000156e-01
8.276589867009410684e-01 5.610769909844560699e-01 1.316100000000006327e-02
-2.662139826228104300e-01 9.600499373324816732e-01 8.622200000000003473e-02
6.774051732483737931e-01 7.015531794242977348e-01 -2.212359999999998772e-01
-3.467580957090163341e-01 -9.135772521572856908e-01 -2.124509999999999454e-01
-9.889095963955797375e-01 -9.086396291562220950e-02 -1.174800000000000844e-01
2.370560597042262185e-01 5.105301285805827760e-01 8.265369999999999662e-01
9.765053588577359278e-01 -1.745650641512339341e-01 -1.263500000000000734e-01
4.887691292761690565e-01 8.633042283382004189e-01 1.257399999999999907e-01
9.589449157011005198e-01 5.391099526079391746e-02 2.784209999999999186e-01
1.759568224447275453e-01 -5.641094307660124985e-01 8.067339999999999511e-01
-7.114007052381871032e-02 -3.673073641255593103e-01 9.273749999999999494e-01
6.182125009899591683e-01 -1.206959025764325899e-01 7.766889999999999628e-01
3.219718828809115529e-01 7.958817104935385078e-01 5.127439999999999776e-01
-1.308640271610847228e-01 8.636901792605857775e-01 4.867379999999998930e-01
