-2.159030050247913446e-01 -6.114110142295973160e-01 7.612900000000000222e-01
-7.139413868994958223e-01 4.726452561361685345e-01 5.166180000000000216e-01
-2.098799834973304190e-01 -9.390779261611682527e-01 -2.721819999999998685e-01
1.792400937449203924e-01 -7.705644030152912771e-01 6.116399999999999615e-01
-5.519079869000370620e-01 4.998559881355314483e-01 6.674889999999999990e-01
-1.877501875658496230e-02 5.538105532668096131e-01 8.324310000000000320e-01
-8.421418075206931197e-01 -4.177399045216771412e-01 3.410139999999999838e-01
-5.104976937370254708e-01 -8.596504842697282323e-01 1.982799999999998453e-02
-1.720293998617894726e-01 7.174116675377194274e-02 9.824760000000000160e-01
-8.115342431943040058e-01 2.536770760199836827e-01 5.263649999999998608e-01
1.770199793932797638e-01 1.713999800474982904e-02 9.840579999999999883e-01
-8.659460616909746555e-01 2.661000189572653232e-02 4.994290000000000673e-01
-3.538918824520998485e-01 -9.155336958984683360e-01 1.912030000000000673e-01
7.207777003995615717e-01 -8.645196406513917797e-02 -6.877539999999998654e-01
-1.482206784682776890e-02 -9.261142392137143575e-02 9.955920000000000325e-01
9.255868059328026254e-01 -3.474729271455722079e-01 -1.501720000000000832e-01
4.400677189757555285e-01 5.470606506507988964e-01 7.120849999999999680e-01
-4.001442056216998333e-01 -4.671792400689256386e-01 7.884339999999999682e-01
-3.864163896609874027e-01 -9.741009822801597814e-03 9.222730000000000095e-01
7.486883207845620447e-01 2.714011162850892833e-01 6.048200000000000243e-01
2.141901320705902889e-01 5.720173527084498888e-01 7.917819999999999858e-01
8.835461682825336283e-01 4.071720775510678236e-01 2.314239999999999631e-01
9.396068927505099033e-01 -2.113189758794315198e-01 2.692269999999999386e-01
9.926967649066611443e-01 -3.679199128681347186e-02 1.148890000000000328e-01
-1.001260620832212650e-01 8.441525234172476688e-01 5.266700000000000825e-01
9.242983104256471405e-01 -1.888640634300079169e-01 -3.316669999999998786e-01
-3.265488184333569244e-01 7.811075656910376752e-01 5.321999999999998954e-01
-6.531649018137972718e-01 2.994459549861587244e-01 6.954909999999999703e-01
2.796180387774376691e-02 1.838207106936062818e-01 9.825620000000000465e-01
9.349094998910061349e-01 3.546508102874556534e-01 1.292400000000002575e-02
-1.864720856772471014e-01 -7.985323668970327748e-01 5.723409999999999886e-01
4.121440242003973631e-01 -8.986140527650912091e-01 -1.504330000000001222e-01
6.296400539127459950e-02 7.302130625242796436e-01 6.803120000000000278e-01
4.173170579281487713e-01 -2.659850369216175126e-01 8.689639999999999587e-01
-2.601239704716806211e-01 9.009158977313299621e-01 3.473990000000000689e-01
7.199728119146888705e-01 6.359408338671577177e-01 -2.778820000000000734e-01
7.324375899633059905e-01 5.989446646959500908e-01 3.237290000000001000e-01
1.280672753677976894e-01 3.888958361963634758e-01 9.123369999999999536e-01
1.002070116727321741e-01 -9.925881156227999158e-01 6.875600000000008094e-02
4.959142056271700350e-01 6.792252816357565726e-01 5.410380000000000189e-01
2.095946978165154906e-01 -4.162653998487065299e-01 8.847559999999999869e-01
-1.140591622885594597e-01 3.451124910417356362e-01 9.316050000000000164e-01
-4.422349003972342318e-01 3.737029158324140510e-01 8.153369999999999784e-01
5.685439663637924523e-01 7.431649560328627002e-01 3.527940000000000520e-01
9.914002491453606236e-01 1.203550302460055371e-01 -5.138300000000004669e-02
-9.393345111786983725e-01 -2.731471486446012120e-01 2.074639999999999818e-01
7.012872070395130830e-01 -5.689571679720004660e-01 4.295160000000000089e-01
3.908176631923226396e-01 -2.679604547115779778e-02 9.200779999999999514e-01
-6.949920142573684512e-01 6.320110129653484510e-01 3.428529999999999078e-01
8.122389815564891036e-01 5.753429869356865289e-01 9.616799999999996185e-02
1.400600210421684352e-02 -9.593421441284941675e-01 2.818980000000000374e-01
9.601249586441308326e-01 -2.720619882813586909e-01 6.436099999999993215e-02
8.589067654726461054e-01 -1.816749503930495113e-01 4.788249999999999451e-01
-8.098827431326719450e-01 5.655778206179045142e-01 1.556009999999999061e-01
-5.840961124907765312e-01 -7.915201524384685161e-02 8.078159999999999785e-01
4.981861802537296269e-01 1.683737229474905339e-01 8.505650000000000155e-01
3.920629829570248526e-01 -6.680899709581334944e-01 6.324100000000000277e-01
-2.968040969300984599e-01 -9.537523114758404974e-01 -4.758000000000005975e-02
-1.583830744555839443e-01 6.944663264673075487e-01 7.018769999999999731e-01
-2.206277912963245658e-01 -1.768068327489223657e-01 9.591990000000000238e-01
-3.142624973411667910e-01 2.297846324624280290e-01 9.211070000000000091e-01
-6.255530949062060309e-01 7.615191155343817853e-01 1.696229999999999127e-01
-7.528555909356042797e-01 -1.299389293976292159e-01 6.452320000000000277e-01
-2.474932948974329083e-01 4.930205874523014287e-01 8.340729999999999533e-01
2.836690159383931098e-01 7.260940407967440002e-01 6.263539999999999663e-01
9.868928690254815672e-01 -1.142779848337094201e-01 -1.139429999999999471e-01
-5.259259450789837143e-01 7.212259246843376603e-01 -4.508159999999999390e-01
-2.109545797980629245e-01 -4.011931026590844218e-01 8.913710000000000244e-01
-4.187222772529333170e-01 -2.467661633938444121e-01 8.739440000000000541e-01
5.994931009354003137e-01 -3.250885124621570310e-01 7.313859999999999806e-01
-5.436639646224603606e-01 8.384379454407989707e-01 -3.809599999999989384e-02
-5.579121734657050968e-01 -5.201261617173018603e-01 6.466859999999999831e-01
5.960393321890141705e-01 3.065376565508288187e-01 -7.421400000000001329e-01
-4.403041089794769158e-01 -8.738042162748980157e-01 -2.063940000000001052e-01
8.789964608206994878e-01 -4.738067093654166895e-01 5.359500000000000375e-02
-1.431060444988406510e-01 -9.827903055987559089e-01 1.168069999999999942e-01
4.441321515848821733e-01 -8.589202931544831499e-01 2.549560000000000159e-01
3.511791053882253322e-01 8.348062505238720288e-01 4.239950000000000108e-01
-3.774050797100326760e-01 -8.244841741356009335e-01 4.216529999999998890e-01
6.480777415796947771e-01 7.480777017048177990e-01 1.427410000000000068e-01
7.340753730069171645e-01 -1.434060728691618214e-01 6.637530000000000374e-01
-6.318917543746839227e-01 7.364907137155797257e-01 -2.414420000000000732e-01
2.807740473309605633e-01 2.072517730814177617e-01 9.371300000000000185e-01
-3.702115995985967856e-01 6.203683290422297159e-01 6.914379999999999971e-01
-5.493433312041179351e-01 -7.991064817886054383e-01 2.442349999999998966e-01
3.164291566965671820e-01 -8.321214120687552285e-01 4.554630000000000623e-01
5.813248458520874351e-01 3.511299068920886168e-01 7.340090000000000225e-01
-9.529988869503324897e-03 -5.296223814305311972e-01 8.481800000000000450e-01
-7.475011378699705222e-01 -3.391030625445591307e-01 5.711840000000000250e-01
-5.311808019917194645e-01 1.503479439547932284e-01 8.338119999999999976e-01
7.282669971603400461e-01 -6.849749973291443528e-01 2.089099999999992699e-02
8.402126456366205698e-01 -4.195378230580775747e-01 -3.435559999999999725e-01
7.488433686104813969e-01 -3.700931821745798156e-01 5.497859999999999969e-01
-5.416807496638192942e-01 6.674936915197348108e-01 5.109149999999998970e-01
3.274498624066508184e-02 -8.726316333230755840e-01 4.872799999999999909e-01
6.758356811982514367e-01 9.630895456963285695e-02 7.307329999999999659e-01
-2.079699549300552050e-02 -7.152638449925061703e-01 6.985449999999999715e-01
-8.773747696384734951e-01 -1.992059476969389176e-01 4.364979999999999971e-01
-6.417718187656311635e-01 -5.154678544334785339e-01 -5.678220000000000489e-01
1.998018817698289651e-01 -6.077886403489581868e-01 7.685520000000000129e-01
-3.273881766340207000e-01 9.428805087073607316e-01 -6.159000000000007524e-02
-7.875952052069777887e-01 5.761121501053232397e-01 -2.186060000000000780e-01
1.845131116104850033e-01 -9.723055881397663081e-01 -1.434459999999999624e-01
-1.848788875551842237e-01 -9.130804446571820776e-01 3.634609999999999785e-01
9.653123829286756052e-01 1.890110749785892386e-01 1.801300000000000956e-01
4.112138213920896734e-01 -4.789237919827271650e-01 7.755870000000000264e-01
8.552455061689482330e-01 -3.990102361504270778e-01 3.306750000000000522e-01
-2.539699329014932089e-02 9.455587501846832721e-01 3.244590000000000529e-01
5.734669415107120916e-01 -9.222515141407758299e-02 8.140209999999999946e-01
5.514531220143384926e-01 6.957681539454355635e-01 -4.602239999999999109e-01
1.283550151521161142e-01 8.623681018012552268e-01 4.897410000000000374e-01
2.259260081261390551e-01 -9.323400335345404244e-01 2.823109999999999231e-01
-5.754302433251290427e-02 -9.926504197499076421e-01 -1.064610000000000972e-01
3.681978908156124941e-01 3.865768853655560666e-01 8.455700000000000438e-01
-3.828228980300640294e-01 -6.791788190917492640e-01 6.262290000000000356e-01
8.498030875935325135e-01 5.119690527712578154e-01 -1.253890000000000837e-01
7.015219255234235174e-01 5.307059436579809608e-01 -4.756240000000001578e-01
-7.006159251340722260e-01 -7.101019241204238330e-01 6.994699999999992590e-02
-9.382645760376200350e-01 -8.418996195809116956e-03 -3.458160000000000123e-01
8.289822955664126747e-01 4.730101686476532313e-02 5.572709999999999608e-01
7.920408395366573817e-01 4.227279143575295994e-01 4.404230000000000644e-01
8.878971948741886111e-01 2.213680485854883917e-01 4.032799999999999163e-01
2.115351533106441806e-01 -2.041711479735624224e-01 9.558069999999999622e-01
-9.579352535525321732e-01 -4.349001151121896502e-02 2.836700000000000887e-01
-4.830429208532466268e-01 8.046628681557042029e-01 3.452349999999999031e-01
-2.842997167868883610e-03 -3.177716834428510606e-01 9.481629999999999781e-01
5.797279074241377117e-01 -5.310369151995277814e-01 6.179930000000000145e-01
