4.304653850251256020e-01 7.233756470155534579e-01 5.398399999999999865e-01
-6.169199627805638936e-02 -8.858619465550082728e-01 4.598289999999999877e-01
6.552548928919138538e-01 -7.010758854020059383e-01 2.813070000000000848e-01
-2.804299911889696767e-02 7.224339773013292998e-01 6.908710000000000129e-01
3.924398959357787153e-01 5.536608531844336989e-01 7.344730000000000425e-01
-6.651906991823927084e-01 -7.347286677354026851e-01 1.330229999999999468e-01
-9.024478547174262788e-01 -1.492179759778122505e-01 4.041310000000000180e-01
5.705776524382816239e-01 3.633404154687714382e-01 7.364950000000000108e-01
1.934699364483321096e-02 -9.739056800881216169e-01 2.261270000000000224e-01
-9.248842781629279530e-01 -3.141050944684592450e-01 2.143060000000000798e-01
-2.368310651913826947e-01 -9.389902584714684419e-01 2.494159999999999433e-01
-5.008648755463025459e-01 -8.085337990974693634e-01 3.088810000000000167e-01
-7.207982154157772658e-01 5.028441502786232808e-01 4.770720000000000516e-01
-6.403217253756953165e-01 -1.419411607952130172e-01 7.548780000000000490e-01
7.586141991570688470e-01 3.779680992270101347e-01 5.307020000000000071e-01
-2.677672530871185175e-01 6.649856285283006763e-01 6.972049999999999637e-01
5.333282120178850505e-01 -6.724582673272787581e-01 5.131869999999999488e-01
8.704738569529163472e-01 -2.911819521493624330e-01 3.968479999999999230e-01
-3.681045668848283992e-01 -5.524463499866144600e-01 7.478650000000000020e-01
8.560197628058244246e-02 3.294829087037118853e-01 9.402730000000000254e-01
-9.801791940623498789e-01 -1.928600381837052014e-02 1.971719999999999307e-01
-2.233246433337091608e-01 -3.952131384947515369e-01 8.910289999999999599e-01
-3.528093137595890716e-01 -1.945187243313297454e-01 9.152529999999999832e-01
-8.112148540676056285e-01 1.604999711270820636e-03 5.847459999999999880e-01
5.232662412189883483e-01 -2.913385775340291417e-01 8.008210000000000051e-01
7.753400389359905720e-01 6.240750313397713800e-01 9.684100000000007979e-02
-9.148204510552079283e-01 1.348819190631045939e-01 3.806709999999999261e-01
2.591022914189214932e-01 1.177041323848242588e-01 9.586510000000000309e-01
5.795599636053772041e-02 -7.588889523440549567e-01 6.486359999999999904e-01
-5.241987652240153173e-01 5.772017414852608219e-01 6.261419999999999764e-01
-8.080661404842321982e-01 -4.253170739423909330e-01 4.075959999999999583e-01
1.531950694591018014e-01 5.509542498043017433e-01 8.203540000000000276e-01
1.648920912180370790e-01 -5.744963178104298684e-01 8.017260000000000497e-01
-2.042979732978886243e-01 -7.287639047492507904e-01 6.535790000000000211e-01
9.072032189585359507e-01 4.178341008465810136e-01 4.895900000000005109e-02
-4.291402049229817162e-01 -8.992764294223780652e-01 8.450199999999996603e-02
5.922357871191878953e-01 8.002347123533918305e-01 9.423999999999997657e-02
-8.424494816966530963e-02 -5.818946419987817142e-01 8.088889999999999691e-01
-3.554956450266134049e-01 4.645965360860024873e-01 8.110319999999999752e-01
-7.616007205562472793e-01 -2.657789024813764778e-01 5.910379999999999523e-01
2.902695329542949176e-01 -3.427196292561830449e-01 8.934689999999999577e-01
-3.444469273043369584e-01 9.371238022196430872e-01 5.617200000000005522e-02
-1.509759456780713771e-01 9.515236576368514276e-01 2.679719999999999880e-01
7.436066776092163932e-01 -5.068847802400295866e-01 4.360239999999999672e-01
1.589101817709586417e-01 -1.308169728495536532e-01 9.785880000000000134e-01
-2.445797209539503358e-01 5.207136639351518659e-02 9.682300000000000351e-01
-6.004584920654821856e-01 3.663043001801197796e-01 7.108240000000000114e-01
3.370110541198851339e-01 3.475180558071820913e-01 8.750170000000000448e-01
-8.218167770256542548e-01 -5.454138520189656392e-01 1.647449999999999470e-01
-3.927938519112520455e-01 8.730916708322908892e-01 2.888319999999999776e-01
-9.782782020986041660e-02 -1.629643663289222499e-01 9.817700000000000315e-01
4.259581824664777083e-01 -8.317593562983556232e-01 3.560000000000000386e-01
8.358467069125762317e-01 -5.090118215163591531e-01 2.055899999999999950e-01
3.565648624602585359e-01 9.211166446925693752e-01 1.562229999999999175e-01
-9.194496194760991281e-02 9.955315879887752795e-01 2.151699999999991120e-02
6.969608322379747430e-03 8.763807492085040618e-02 9.961280000000000134e-01
4.029902126368418991e-02 -3.725691965852641063e-01 9.271289999999999809e-01
7.165308132881609282e-01 1.598969583344434231e-01 6.789819999999999744e-01
-7.885361142952458380e-01 2.717130393837492996e-01 5.517090000000000050e-01
6.067288652647859770e-01 5.610228754146350250e-01 5.631460000000000354e-01
-8.872456581467201842e-01 4.593258230230404804e-01 4.260200000000002873e-02
-4.813762302962578121e-01 -6.755353231843351791e-01 5.585059999999999469e-01
5.044967834028355469e-01 1.413002194166468051e-01 8.517730000000000024e-01
-6.078690505176139736e-01 7.037410584851606643e-01 3.677550000000000541e-01
-6.603638431987641777e-01 1.285219694828786119e-01 7.398660000000000236e-01
-8.716329659988628631e-01 3.816039851141821981e-01 3.076270000000000393e-01
5.326620625601641290e-01 7.816690918055746451e-01 3.244450000000000389e-01
-9.626896941927984286e-02 5.182838353623908656e-01 8.497730000000000006e-01
9.559990253825600970e-01 1.848570049081054434e-01 2.278019999999999490e-01
6.407102221885374593e-01 -6.678102315864074823e-02 7.648730000000000251e-01
4.062557653592628326e-01 -9.227817384603773099e-02 9.090880000000000072e-01
8.278870120053871684e-01 -5.245200076061897615e-02 5.584369999999999612e-01
9.465977546969065459e-01 -2.854249260344565720e-01 1.499509999999999454e-01
-5.073080245315972903e-01 -3.491500168836431106e-01 7.878659999999999553e-01
8.600951190934047474e-01 4.146400574132966255e-01 2.971699999999998787e-01
7.138320278423471166e-01 6.123770238851899972e-01 3.397620000000000640e-01
-1.828499081274401472e-01 8.459805749388022988e-01 5.008820000000000494e-01
9.715300138989405032e-02 9.691070138642765563e-01 2.267000000000000959e-01
-4.836210378676656929e-01 3.621992794282890421e-03 8.752699999999999925e-01
3.965544738323499296e-01 -5.374946422379930366e-01 7.442069999999999519e-01
-5.210298960727537398e-01 8.458428312839303409e-01 -1.143580000000000430e-01
2.864451815259996814e-01 8.740415538974889431e-01 3.924289999999999723e-01
7.382287698726881509e-01 -2.684589163135720491e-01 6.188280000000000447e-01
-5.839477782485401613e-01 8.015416956182590535e-01 1.285920000000000119e-01
-3.095270649606930990e-01 -8.318061745718282607e-01 4.607510000000000772e-01
-8.723592070069113857e-01 -1.713370406575082106e-01 -4.578570000000001250e-01
6.062790563122347764e-01 -4.715380437972592764e-01 6.403729999999999700e-01
9.442998933975265130e-01 -6.097999311593897687e-02 3.233870000000000355e-01
2.075348800038433195e-01 7.405385718224205549e-01 6.391649999999999832e-01
9.960162740858501396e-01 -5.302001459015896062e-02 7.169699999999996909e-02
-4.263112370146885932e-01 2.414471342364741258e-01 8.717580000000000329e-01
5.251298941708788109e-02 8.804548225624531099e-01 4.712129999999999930e-01
-6.280119478300933977e-01 -4.809269600486669738e-01 6.118090000000000472e-01
-1.727759260608719982e-01 2.942838740617774729e-01 9.399710000000000010e-01
2.703681016038216867e-01 -9.450563551503928794e-01 1.837650000000001227e-01
7.694111852285223652e-01 -6.025061450477002811e-01 -2.121150000000000535e-01
-4.108761263018053111e-01 7.579362329868013504e-01 5.066690000000000360e-01
-7.341229218947310509e-01 6.780529278601653553e-01 -3.616300000000005621e-02
-9.825399504219850533e-01 -1.855699906363178497e-01 1.338000000000002555e-02
1.865309903210900511e-01 -8.839029541351434149e-01 4.288609999999998812e-01
-6.733240487329383850e-01 -6.318630457321298133e-01 3.839060000000000805e-01
3.056109467494996790e-01 -7.359568717648301561e-01 6.041269999999999696e-01
-9.659549770859399143e-01 2.285449945785324732e-01 1.212359999999999688e-01
1.660780455822861990e-01 9.859832706159714633e-01 -1.597100000000003378e-02
