3.176373000435399607e-01 4.422744177770743801e-01 8.387489999999999668e-01
-8.493322838937651387e-01 -8.592602872122540036e-02 5.208179999999998921e-01
1.722962962766391992e-01 1.872292352848578256e-01 9.670879999999999477e-01
-8.120304628730651286e-01 2.371301351687622183e-01 5.332690000000001040e-01
-3.641701741031004580e-02 -9.926624745737783195e-01 1.153040000000001147e-01
9.376025375503778125e-01 1.590109215717346869e-01 3.092199999999999394e-01
8.474868732289632112e-01 -1.017349847820067793e-01 5.209759999999998836e-01
-4.238671186256627310e-01 -1.294907307415413822e-01 8.964199999999999946e-01
-2.810928940717000168e-01 -7.624957126577145416e-01 5.827409999999999535e-01
-7.603621650863470194e-01 -4.217260915632355944e-01 4.939600000000000657e-01
-5.623589445088882366e-01 -6.603989348347324428e-01 4.976200000000000068e-01
5.976898389750273655e-02 9.745097374551268121e-01 2.162369999999999293e-01
5.328077346243075274e-01 -7.963346033694087556e-01 2.862990000000000812e-01
-1.823656449281315650e-01 -2.944134267674399230e-01 9.381169999999999787e-01
3.606290195920762165e-01 6.945560377334991653e-01 6.225260000000000238e-01
5.174996748549803155e-02 -7.276685428058917715e-01 6.839739999999999709e-01
5.272809429584811580e-01 -8.496719080820636094e-01 -5.697000000000024093e-03
-2.122570387339168529e-01 8.947801632847637299e-01 3.928300000000000680e-01
-3.237032087744285969e-01 -8.954395775194096130e-01 3.056210000000000315e-01
-6.486442889778920584e-01 7.583691687011606675e-02 7.573039999999999772e-01
-2.014801163344414128e-02 -9.048535224616295336e-01 4.252459999999999019e-01
-8.076261245295978108e-01 -5.487340846104810099e-01 2.159420000000000783e-01
-1.605760566833615288e-01 7.365642600072459523e-01 6.570300000000000029e-01
6.089707943759360420e-01 6.913737665518857600e-01 3.887890000000001067e-01
2.969080985354220492e-01 -8.101422688633646008e-01 5.054849999999999621e-01
6.085426086861671635e-01 -6.111516112957851021e-01 5.061320000000001373e-01
-3.030074319513762493e-01 4.986767108871560383e-01 8.121009999999999618e-01
-6.542105527631268957e-01 -2.394548363018881021e-01 7.174049999999999594e-01
2.418600563450152841e-01 -9.658742250152377862e-01 -9.268600000000003225e-02
2.529920017775613705e-01 -9.420780066191877244e-01 2.201909999999999978e-01
9.602168327771740675e-01 -1.516449735908597385e-01 2.344939999999999802e-01
9.383237106218996759e-01 3.429398942376772896e-01 4.405500000000003857e-02
7.493870768376230673e-01 -6.482630664689779110e-01 -1.348110000000000974e-01
-1.332054032091679607e-01 3.762526650912970810e-02 9.903739999999999766e-01
1.105526465910156159e-01 -1.628780060128500184e-01 9.804329999999999989e-01
-8.874197682446549607e-01 3.836588998050258770e-01 2.555230000000000001e-01
5.707647761124315933e-01 8.157786800035448094e-01 9.344899999999993490e-02
7.684731143095128170e-01 -6.169790917749470305e-01 1.696640000000000092e-01
3.697206753935305956e-01 -5.909924811218426610e-01 7.169619999999999882e-01
-9.303850397276579587e-01 3.650880155893432288e-01 -3.308199999999993784e-02
-1.899089958335220818e-01 -5.655709875917462881e-01 8.025360000000000271e-01
-4.537578817277764243e-01 6.758978238268869010e-01 5.807459999999999845e-01
-5.871001086080835929e-01 3.911770723641360692e-01 7.087269999999999959e-01
3.512450882170471411e-01 8.751592198008307788e-01 3.327510000000000745e-01
8.301015447849126039e-01 -4.037797785732982203e-01 3.845689999999999942e-01
5.365457806949621711e-01 2.367783445216929405e-01 8.099720000000000253e-01
-5.949737512743916712e-01 -7.754406758311549464e-01 2.114189999999999958e-01
-6.517591125795821339e-02 3.608595086618819336e-01 9.303399999999999448e-01
1.121341069921774763e-01 -4.658384444773391309e-01 8.777359999999999607e-01
-9.995762061632362805e-01 -2.880700594146341428e-02 4.190999999999960382e-03
-3.154751891956736332e-01 -9.489225690845137784e-01 -4.622000000000000240e-03
1.000319657800498724e-01 8.480077099049153633e-01 5.204579999999999762e-01
6.506115848827639381e-01 -5.905505308894504202e-02 7.571109999999999784e-01
3.856684063519965622e-01 -1.709897368005411367e-02 9.224790000000000489e-01
6.564072595033215718e-01 -3.556161405888926264e-01 6.653320000000000345e-01
-4.693713222689013254e-01 -4.732573249370189417e-01 7.454650000000000443e-01
-5.063380929151782839e-01 8.064311479835213348e-01 3.054349999999999565e-01
6.042139292010734186e-01 4.878269428387492224e-01 6.300400000000000444e-01
7.745303430500928565e-02 6.107542705114283876e-01 7.880230000000000290e-01
7.879438526030978496e-01 6.089058860948771690e-01 9.153200000000009939e-02
7.796655292336315268e-01 2.110158725874463903e-01 5.895709999999999562e-01
-7.042190720945705751e-01 5.528310565961919165e-01 4.454809999999999603e-01
-3.841569282613509495e-01 1.994419627555930330e-01 9.014689999999999648e-01
-9.325714316340403265e-01 -2.497148478085279844e-01 2.606780000000000208e-01
8.166676242417363341e-01 4.470737942961522937e-01 3.649369999999999559e-01
4.044329183454237753e-01 -3.168169360349974428e-01 8.579400000000000359e-01
-9.592148918055295459e-01 8.898998996239008974e-02 2.683050000000000157e-01
