3.508136939079583572e-01 -5.009835628817110864e-01 7.911669999999999536e-01
7.655801318283260715e-01 6.343111092245844462e-01 1.074080000000000035e-01
1.722178777068827105e-01 -3.902637228710059136e-01 9.044529999999999514e-01
7.412411983661828518e-01 1.961590524948189362e-01 6.419369999999999798e-01
-9.342851495068486001e-01 -3.382850541332936833e-01 1.125809999999998895e-01
9.585507631211338531e-01 -2.805969306583591116e-01 4.945500000000007529e-02
-7.832268499431888076e-01 6.188858814289349697e-01 -5.946400000000000297e-02
-1.428980772975741165e-01 8.861054793192831847e-01 4.409049999999998803e-01
2.119013300182263637e-01 -1.400508790422491934e-01 -9.672039999999999527e-01
4.478756600803748267e-01 6.089035378666876053e-01 6.547089999999999854e-01
-5.247246916678625084e-01 -8.189155187991412621e-01 2.324680000000000357e-01
9.670900611111904466e-02 -7.906870499641431849e-01 6.045340000000000158e-01
-6.084542168533103590e-01 3.061481091113005260e-01 7.321590000000000042e-01
-7.469867118454336374e-01 -9.871196192127382196e-02 6.574699999999999989e-01
-1.900950518295232428e-01 5.808051583568545340e-01 7.915360000000000174e-01
9.881497711609078527e-01 1.100199745211993124e-01 -1.070309999999999179e-01
-5.848818070320511708e-01 7.603977491247080334e-01 2.823270000000000501e-01
-1.176609773177044044e-01 -9.413198185354659797e-01 3.163429999999999853e-01
5.616160319890929342e-01 -3.978870226632507112e-01 7.254469999999999530e-01
5.917699795701420601e-02 8.340209712068369363e-01 5.485499999999999821e-01
-9.620585009517441666e-01 3.475998196896728371e-02 2.706200000000000827e-01
4.575937857677482290e-01 7.560626460332107168e-01 4.679500000000000326e-01
8.959414458211347743e-01 4.311007333453918400e-01 1.069630000000000442e-01
2.574629173566668761e-01 -9.376356990271830227e-01 2.335639999999999661e-01
-5.288197998120417465e-01 6.931227376141632091e-01 4.898270000000000124e-01
-5.323219715065830027e-01 -7.123909618680915878e-01 4.573099999999999388e-01
6.209343018400180769e-01 4.443652160086895564e-01 6.457399999999999807e-01
-6.094702225149878361e-01 8.017089772811039627e-02 7.887450000000000294e-01
-4.064958318349407018e-01 -9.136526220270040355e-01 1.580000000000304306e-04
2.553910303151935568e-01 8.742981037801373922e-01 4.127690000000001080e-01
8.746217882272716571e-01 1.188979712111588177e-01 4.699999999999999178e-01
4.574960044994300090e-01 -8.436850082975622112e-01 2.808790000000000453e-01
-2.780908243987060824e-01 -5.562946487260578277e-01 7.830719999999999903e-01
-4.209103655970407587e-01 2.509766217239475794e-01 8.716909999999999936e-01
-1.370700645094753353e-02 9.953814684577736438e-01 9.501500000000007162e-02
-3.396709061294262977e-01 -8.399107678844309754e-01 4.232890000000000819e-01
-3.740000804067175055e-01 6.623891424078213186e-01 6.491259999999999808e-01
-5.832502218998643073e-01 5.127711950858384604e-01 6.299879999999999924e-01
-6.268989934429179955e-01 7.773159918696233017e-01 5.270199999999998497e-02
-1.764599621516140249e-01 7.611708367386725849e-01 6.240839999999999721e-01
2.400840445397944833e-01 -9.707451800902304750e-01 -3.666999999999976702e-03
2.202728712551304258e-01 5.716046659090711080e-01 7.904099999999999460e-01
1.340321265085428204e-01 -6.117035773670104204e-01 7.796499999999999542e-01
-8.841353852150881654e-01 2.056880896176725981e-01 4.195200000000000595e-01
-8.312865054328036907e-01 -5.446003311239512312e-01 1.112349999999999867e-01
4.518911688609281163e-01 -8.905733327859667314e-01 5.170599999999997420e-02
7.428175889492044659e-01 -5.870876751250112546e-01 3.217919999999999114e-01
0.000000000000000000e+00 -0.000000000000000000e+00 1.000000000000000000e+00
9.450866578900799508e-01 -1.974589285222601576e-01 2.604250000000000731e-01
2.574569279621824469e-01 7.391517931813975650e-01 6.223910000000000275e-01
-1.998155071782693193e-01 -1.025812336155643295e-01 9.744490000000000096e-01
4.208441006295420839e-01 -8.882592123948458429e-01 -1.840809999999999391e-01
4.678999577978214253e-02 -9.871459109644976637e-01 1.528189999999999549e-01
-9.200788379763917557e-02 -6.895551291188254384e-01 7.183650000000000313e-01
7.868594196476812463e-01 3.709461978329393061e-01 4.932050000000000600e-01
8.763623847460597638e-01 -1.185419167771430554e-01 4.668370000000000575e-01
-7.592810505991143266e-01 6.225520414873805253e-01 1.895289999999999198e-01
-4.560422790276945637e-01 -4.025502462988022612e-01 7.937119999999999731e-01
5.843627739504598795e-01 8.080576874183695857e-01 7.458500000000006791e-02
-3.240498999867687524e-01 -9.219697154476199641e-01 2.120459999999999845e-01
3.623628319857988278e-01 -8.314246144992532006e-01 -4.212199999999999833e-01
4.782502004106822108e-02 9.468423967741788072e-01 3.181229999999999336e-01
8.854981804785664323e-01 -4.579000933272978080e-01 -7.886999999999994015e-02
-2.084782089499070679e-01 3.704693713075871697e-01 9.051460000000000061e-01
-9.232811244991265820e-01 -2.102150283462823344e-01 3.214989999999999792e-01
-7.119289444180290083e-01 5.669229557389884322e-01 4.144339999999999691e-01
7.418574102163271178e-01 -2.725761507232870584e-01 6.126580000000000359e-01
-5.816055455814489461e-01 -1.569728773543546951e-01 7.981819999999999471e-01
-1.227700496571567934e-01 -8.394333395280290100e-01 5.294140000000000512e-01
9.975529923438095636e-01 -5.769099955722323259e-02 3.949400000000010541e-02
2.470697812423191045e-02 6.819503961953309323e-01 7.309809999999999919e-01
9.060420747386817020e-01 2.900370239249207560e-01 3.081659999999999955e-01
9.741321022703082200e-01 2.008500210864558322e-01 1.035659999999999636e-01
-8.384148550256101950e-01 -4.361749245788724694e-01 3.268210000000000837e-01
8.750925789244987651e-01 -4.448867859301622318e-01 1.904960000000000819e-01
2.050940481804383042e-01 -9.503132232463988860e-01 -2.341820000000001123e-01
-4.066188615648378968e-01 4.662628412587853100e-01 7.856589999999999963e-01
7.574093947542334115e-01 -3.848702005905155904e-02 6.518049999999999677e-01
1.673520608820843469e-01 9.843843581155274913e-01 -5.459599999999992237e-02
-3.887566096131828686e-01 -2.073803251951914783e-01 8.976979999999999960e-01
4.035464755448052165e-01 4.333584368007227239e-01 8.058229999999999560e-01
-8.567977860408823032e-01 4.124098970132051845e-01 3.095410000000000106e-01
9.453996827717071200e-03 4.794468391219005032e-01 8.775199999999999667e-01
5.592289774657673851e-01 -7.064679715327455423e-01 4.337810000000001387e-01
3.074021544016824481e-01 -6.989253510556074911e-01 6.457610000000000294e-01
6.895631655295394458e-01 -4.942261186389091399e-01 5.293799999999998507e-01
-1.404010511639747303e-03 2.483708595195564806e-01 9.686639999999999695e-01
1.978441719629359385e-01 -1.500816132785768309e-01 9.686759999999999815e-01
3.895576522209312498e-01 -2.815807486177207553e-01 8.769019999999999593e-01
-4.148549891943265622e-01 2.411205749360875727e-02 9.095680000000000431e-01
-6.810899018991773968e-01 -7.246938956186735892e-01 1.045719999999999289e-01
-2.194470414110800405e-01 -3.587510676986531699e-01 9.072710000000000496e-01
3.919748155133582213e-01 1.933474022640820078e-01 8.994290000000000340e-01
-3.208420930594723108e-01 -7.172112080253744137e-01 6.186019999999999852e-01
-7.559834358759655037e-01 3.685537249807278593e-01 5.409779999999999589e-01
8.402397536707025827e-01 -3.578738950837249688e-01 4.073370000000000601e-01
5.922486692164229405e-01 4.714205326856420186e-02 8.043749999999999512e-01
6.309073311891318925e-01 7.197883778464383431e-01 2.895870000000000388e-01
-5.067530168205783836e-01 -5.718670189818980676e-01 6.451120000000000188e-01
3.207599798931737300e-01 -8.257159482400292516e-01 4.640110000000001178e-01
4.029248695399110236e-01 -4.731910211791566512e-02 9.140089999999999604e-01
-1.314289921723205308e-02 -2.553740417332304724e-01 9.667529999999999735e-01
-7.687412981218764152e-01 1.428260553886874784e-01 6.234079999999999622e-01
-6.503294222796119906e-01 -3.477296910941975461e-01 6.753930000000000211e-01
2.058718231631687379e-01 3.489597002555925309e-01 9.142449999999999743e-01
5.032133516334290624e-01 -6.010094199709776763e-01 6.209379999999999900e-01
6.381770863815635630e-01 -7.472571011462777468e-01 1.853020000000000223e-01
9.628356227134566847e-01 3.527198617869403002e-02 2.677749999999998742e-01
5.906243549780495483e-01 -1.792371077253898382e-01 7.867889999999999606e-01
2.002425521762054295e-01 1.001327760623840907e-01 9.746160000000000379e-01
-7.025409278837984051e-01 -6.375809345519765081e-01 3.161119999999999486e-01
2.328389738804658438e-01 9.572898926126253150e-01 1.714120000000000921e-01
7.958738496197254042e-01 5.192499018877891892e-01 3.113910000000000289e-01
6.425955829523450902e-01 5.961576130908132765e-01 4.813179999999999681e-01
-6.925538000716819909e-01 -5.093508529592080114e-01 5.108139999999999903e-01
-8.091069527640545322e-01 -2.833309834590386767e-01 5.148490000000001121e-01
5.688982138500497943e-01 2.715016248169116464e-01 7.762999999999999901e-01
4.339959749966509350e-01 8.648289501755282993e-01 2.524249999999999550e-01
-4.321000598808232701e-02 -4.961900687624753448e-01 8.671379999999999644e-01
9.762397861344716821e-02 -9.097208007068328106e-01 4.035809999999999675e-01
-8.762605366949464125e-01 -3.388002075094685706e-02 4.806450000000000444e-01
-9.573393018336274762e-01 2.316580730380506103e-01 1.727309999999999124e-01
