-2.082234646346029505e-01 -3.079262082878985729e-01 9.283449999999999758e-01
3.969199247023392219e-01 7.332048609074338641e-01 5.521460000000000257e-01
-8.401261023615466117e-01 -4.000860487467614024e-01 3.662230000000001318e-01
-2.569671625556806394e-01 7.647424837708981515e-01 5.908780000000000143e-01
1.708299983293996016e-01 9.614099905980680871e-01 2.156570000000000153e-01
5.105121702214156926e-02 -6.420604598134174723e-02 9.966300000000000159e-01
-7.705023465331675148e-01 -3.565101603403230124e-01 5.284190000000000831e-01
-7.697141171127006576e-01 2.748780418229431755e-01 5.761789999999999967e-01
-8.110095191682238636e-02 8.235855117121629876e-01 5.613639999999999741e-01
-5.300223511502276663e-01 -5.222183607038197728e-01 6.681049999999999489e-01
-9.396534140158351311e-01 1.919570845772192447e-01 2.832029999999999270e-01
-8.928039619271150862e-01 -4.495289808302090906e-01 2.871899999999991474e-02
-6.628746463550438950e-01 -4.701047491981712456e-01 5.827510000000000190e-01
-3.787456555707569561e-01 -5.652784859388135796e-01 7.328109999999999902e-01
-4.461742269131789285e-01 -8.791014470892577481e-01 1.676580000000000015e-01
-6.675279544439380874e-01 4.236209710895953995e-01 6.123330000000000162e-01
-9.786497121637481866e-01 -1.336309606970357555e-01 1.561650000000000260e-01
-6.482930328079842264e-01 6.758210342010863014e-01 3.506879999999999442e-01
-8.689136720204827524e-01 -2.368409106022037747e-01 4.346209999999999796e-01
-8.569416106071818806e-01 -7.651096523354664058e-02 5.097030000000001282e-01
-4.978731125511223765e-01 8.553271933585750997e-01 -1.433099999999999652e-01
3.761009570499160848e-01 -7.094699189797528671e-01 5.959870000000000445e-01
3.519900164724235059e-01 6.287990294265275448e-01 6.933359999999999523e-01
1.089429097849114875e-01 5.069655801842928300e-01 8.550539999999999807e-01
4.196997764326186597e-03 -9.819994769045278238e-01 1.888369999999999216e-01
8.797071758748726822e-01 4.319070863487373124e-01 -1.989260000000000472e-01
8.940557845570051843e-01 3.533029148636591121e-01 2.753930000000000544e-01
5.853837058675676053e-01 8.063515948398398692e-01 -8.439799999999995916e-02
4.692298297170358623e-01 8.827656796453526855e-01 2.341199999999992593e-02
-9.569548586736753570e-01 2.894379572548250734e-01 -2.151899999999993401e-02
8.905415228194064614e-01 -8.881305214039549034e-02 4.461479999999999890e-01
-6.658900262815556914e-01 5.594480220804691761e-01 4.935669999999999225e-01
-5.590542292657062484e-01 8.286073398082635100e-01 2.946600000000003036e-02
-1.523051947190637578e-01 -4.631955921860526071e-01 8.730710000000000415e-01
3.093359637084058811e-01 8.998778944254557377e-01 3.074589999999998713e-01
-2.814767870091546831e-01 6.368955180671339589e-01 7.177289999999999504e-01
2.475650031490220782e-01 -9.097190115716086156e-01 3.333510000000000639e-01
-8.049788028229475367e-01 -5.842848568812425425e-01 1.030549999999999106e-01
-5.619530900911962057e-01 7.737131240401416976e-01 -2.925350000000001005e-01
-1.728600852144700217e-01 -8.122404004084297080e-01 5.571220000000000061e-01
-2.140212582481712811e-01 -5.939247166576497872e-01 7.755309999999999704e-01
4.490658972197849041e-01 4.835638893240371550e-01 7.513360000000000039e-01
1.103847624166411218e-01 -2.253905148874317810e-01 9.679950000000000498e-01
6.462167537362252245e-01 5.547477885937130981e-01 5.240789999999998505e-01
3.430749380369460533e-01 -9.248918329545059436e-01 1.639350000000000529e-01
-7.350281446169444344e-01 1.295870254962750157e-01 6.655379999999999630e-01
-9.754658738725731082e-01 2.863099629802127663e-02 2.182809999999999195e-01
-2.777578869110313153e-01 -9.324206203654650249e-01 2.311759999999999926e-01
-8.595482344876459457e-02 -1.732266288706552082e-01 9.811239999999999961e-01
5.478798436446037368e-01 6.945008018015274009e-01 4.663649999999999740e-01
-5.075567142919191754e-01 7.911555546516696458e-01 3.412610000000000365e-01
9.878803849013434446e-01 1.527010594959104794e-01 2.783399999999999416e-02
4.649042409348751459e-01 8.589454451452477324e-01 2.146550000000000402e-01
-5.158999474156538145e-01 2.339645226450489668e-01 8.240800000000000347e-01
-8.365771531246294357e-01 8.932501634978928795e-02 5.405180000000000540e-01
-4.149912544629323907e-01 5.285863241167725324e-01 7.405260000000000176e-01
-4.651008590408843846e-01 8.668187372913851441e-01 1.797399999999999276e-01
-3.491698556346552462e-01 -7.882496740957614101e-01 5.066979999999998707e-01
-6.927571387534815495e-01 -6.975551397144813537e-01 1.830419999999999825e-01
4.043142532649438015e-01 -1.199987783721602752e-01 9.067140000000000200e-01
6.810313618139055558e-01 6.365953382062243815e-01 3.618599999999999595e-01
2.722011428762229346e-01 8.396304407153649674e-01 4.700289999999999191e-01
-7.221912498803211011e-02 2.627184546809817611e-01 9.621659999999999657e-01
-1.990545801539661264e-01 1.502879280039757792e-01 9.683960000000000345e-01
7.046910552544545236e-01 7.095100556323098440e-01 -2.449000000000005426e-03
5.640339499179681804e-01 -1.501967203734326239e-01 8.119769999999999488e-01
-5.384731552974895141e-01 6.864951979875500987e-01 4.886420000000000763e-01
4.179068508997622611e-01 -5.710367962662686869e-01 7.065909999999999691e-01
5.165669747601733253e-01 1.432202702561764275e-02 8.561269999999999714e-01
-3.767932841228223695e-01 -2.788362102578107460e-01 8.833330000000000348e-01
-5.092601787870471713e-02 -8.876563116313755941e-01 4.576820000000000332e-01
2.320710023458887883e-01 7.515850075973937727e-01 6.174650000000000416e-01
-6.458880739332213405e-01 2.743290314017704512e-01 7.124409999999999910e-01
5.955539656352200062e-01 7.960149540681779046e-01 1.080540000000000112e-01
-7.417137602922712070e-01 6.393167933850160134e-01 2.028169999999999418e-01
4.581354233949264110e-01 1.822127706686654802e-01 8.700059999999999460e-01
5.411863562471016520e-01 3.179822093183598541e-01 7.784630000000000161e-01
8.107598641230640002e-01 -2.208049629948358739e-01 5.421380000000000088e-01
-7.667420571599339318e-01 6.347360473190039043e-01 -9.600400000000008927e-02
5.801972321079826855e-01 7.598153039642171480e-01 2.933459999999998846e-01
-4.370301627710719561e-02 9.079883381785709417e-01 4.167099999999999693e-01
1.903698958810071465e-02 -8.034135605890795340e-01 5.951170000000000071e-01
-7.450859311273010377e-01 -3.748999653457786574e-02 6.659140000000000059e-01
1.863111146832654996e-01 6.382743928879484052e-01 7.469230000000000036e-01
-8.110148736363308464e-01 5.409629157129407506e-01 -2.227419999999999400e-01
9.478299381049607453e-01 3.058979800242989100e-01 8.969300000000003659e-02
-9.186816103128604416e-01 5.459303626809503679e-02 3.912080000000000557e-01
-2.379620708029105136e-01 -8.816992623395977224e-01 4.074070000000000191e-01
2.249373727898557607e-01 3.642536036793562193e-01 9.037269999999999470e-01
-5.945081660993447592e-01 -6.178741726275617241e-01 5.145789999999998976e-01
-4.533998905234485483e-03 9.660257667463779674e-01 2.584059999999999135e-01
-3.509298602270571332e-01 8.792946497830054220e-01 3.220079999999999609e-01
8.017277159588445112e-01 2.269799195841214479e-01 5.529129999999999878e-01
2.387502386910003160e-01 -1.095581095309261233e-01 9.648809999999999887e-01
-1.421169888846847140e-01 -9.833089230930177616e-01 1.136059999999999987e-01
-4.081829190279568365e-01 9.128588189144126730e-01 8.688000000000077605e-03
-8.468961001340462591e-01 4.894800578744180064e-01 2.077890000000000015e-01
-9.869943620672645412e-01 1.335340489853941159e-01 -8.950300000000006861e-02
-4.150340011252200423e-01 6.731470018250031995e-01 6.120619999999999949e-01
-3.801496734131357136e-02 -6.049624802762886278e-01 7.953459999999999974e-01
4.356689982219748569e-01 8.103379966928989653e-01 3.918480000000000851e-01
-5.581279822335286633e-01 -7.859239749822688470e-01 2.661140000000000727e-01
-1.364050407131767173e-01 9.818032930414505310e-01 1.321209999999999885e-01
-6.206873970888460157e-01 9.474190797146297971e-02 7.783130000000000326e-01
-4.747224801171240349e-01 6.532406606639462598e-02 8.777080000000000437e-01
-8.675921358431291086e-01 2.322420363632674845e-01 4.397130000000000205e-01
4.429962457400527520e-01 -2.774115276700283017e-01 8.525239999999999485e-01
-7.818751837443824737e-01 -5.605311317274788152e-01 2.729030000000000067e-01
-8.697236139771036267e-01 3.668728371651490683e-01 3.301289999999999503e-01
-3.591538912349629964e-01 2.009033797793961240e-01 9.113980000000000414e-01
8.354369542008098781e-01 3.424429812270559093e-01 4.298580000000000179e-01
-1.170619394795772289e-01 7.142456307386694236e-01 6.900359999999999827e-01
-5.058969042697962770e-01 -7.458798588581384559e-01 4.332800000000000540e-01
-3.059580442126003663e-01 9.388501356689472610e-01 1.579559999999999298e-01
8.604028616625316594e-01 7.049598866549959542e-02 5.047150000000000247e-01
-6.637798034109979040e-02 9.971217046864623290e-01 -3.663699999999995432e-02
-6.370198883070984364e-01 -3.450409395016944547e-01 6.893129999999999535e-01
6.648583417702169651e-01 -2.278101171057175453e-02 7.466220000000000079e-01
9.875269767419072586e-01 2.687099936713810075e-02 1.551400000000000001e-01
8.920244437433646478e-01 -2.469278460185101443e-01 3.785749999999998838e-01
9.679701440823999803e-02 8.438431256060874297e-01 5.277870000000001172e-01
-5.474338056079006698e-01 5.562238024865989727e-01 6.252450000000000507e-01
7.255178022646683322e-01 3.970028917993490558e-01 5.621500000000000385e-01
-5.324633244601144622e-01 -2.399186956134992110e-01 8.117400000000000171e-01
7.531443965971350574e-01 -5.335852809798421470e-01 3.847860000000001279e-01
1.783849589851581596e-01 -9.669097776850038573e-01 1.823849999999999916e-01
4.117309746497471168e-01 -8.552549473420012482e-01 3.146690000000000320e-01
-9.360031965302196832e-01 -1.074040225513504948e-01 3.352050000000000307e-01
-4.778606637098239407e-01 7.530244700657521273e-01 -4.523309999999997610e-01
8.652862427540566337e-01 -3.992961120216019233e-01 3.030549999999999078e-01
-1.046399964885307149e-01 -7.192709758629777239e-01 6.868039999999999701e-01
3.882280199291659462e-01 3.483840178838275015e-01 8.531750000000000167e-01
5.737479104833665966e-01 -4.744789259713974028e-01 6.675950000000000495e-01
-4.358287725807405977e-01 -1.091791935387185913e-01 8.933830000000000382e-01
-3.997049223537226803e-01 -8.519758344960287610e-01 3.381910000000001304e-01
7.058364766592692963e-01 6.832194613857459631e-01 1.870990000000000986e-01
6.095783474477728392e-01 1.460698436325663652e-01 7.791519999999999557e-01
-2.212580261830087991e-01 8.648491023436394309e-01 4.506450000000000178e-01
8.806290370124912892e-01 4.517870189884303223e-01 1.427619999999999723e-01
1.398009456131553419e-01 -8.650396634731079004e-01 4.818319999999999825e-01
5.960257243068860511e-01 4.469857932456600680e-01 6.670509999999999495e-01
7.693084581016009782e-01 4.907246543351346246e-01 4.090889999999999804e-01
3.004666621336517518e-01 -4.626034798153403349e-01 8.340969999999999773e-01
1.438800389131204838e-02 6.204411678016084064e-01 7.841209999999999569e-01
8.039117376394827597e-01 5.902638073645271044e-01 7.290100000000000746e-02
7.974921917936036442e-01 -3.815370917581069055e-01 4.673709999999998699e-01
6.798339371691979327e-01 2.748949745939842093e-01 6.798959999999999448e-01
2.933081378927903105e-01 2.045673987243907810e-01 9.338750000000000107e-01
9.027058479386161904e-01 1.931409674652791453e-01 3.844719999999998694e-01
8.000188947130245642e-01 5.424059286163365190e-01 2.564480000000000648e-01
6.397509987239551332e-01 -7.590329984860355594e-01 1.207789999999999281e-01
-2.736264406776182656e-01 4.771737684922525702e-01 8.351250000000000062e-01
6.232280260539232453e-01 -6.549390273795953066e-01 4.273660000000000792e-01
-3.259671643303433952e-01 -9.432884755415148481e-01 6.286700000000000621e-02
-2.825089458156446742e-01 -7.032878651115297419e-01 6.523609999999999687e-01
9.558673776026235247e-01 -1.231340486424590958e-01 2.667500000000000426e-01
-5.374467768420428948e-01 4.067985879991464770e-01 7.386920000000000153e-01
8.775502551898929637e-02 -6.933042016115015249e-01 7.152819999999999734e-01
2.900165577341440315e-01 -2.780215760261025570e-01 9.157480000000000064e-01
-1.006007467907989693e-02 9.924673673955894393e-02 9.950120000000000076e-01
-3.363040380367288695e-01 -9.326961054899878256e-01 -1.302979999999999139e-01
8.883916205868211957e-01 -4.443738102173906412e-01 1.152920000000000472e-01
5.064030649194317668e-01 6.001990769438135809e-01 6.191259999999999541e-01
-3.204567725729636773e-01 -4.392646882554069321e-01 8.392579999999999485e-01
7.024297908444863126e-01 -1.858519446607198589e-01 6.870600000000000041e-01
2.066939606114209516e-01 -7.653698541474992512e-01 6.094969999999999555e-01
1.197785157404898104e-01 2.139831348751698448e-01 9.694660000000000499e-01
-7.798770834503473415e-01 4.113430440155513845e-01 4.717930000000001289e-01
-4.468689814736479526e-01 -6.677929723145523688e-01 5.952819999999999778e-01
2.660932111808657075e-01 -6.363275050117316312e-01 7.240729999999999666e-01
-6.702945174814751716e-01 -1.832728680691073919e-01 7.191079999999999695e-01
5.308593231322621397e-01 -6.231483793082963629e-01 5.743470000000000519e-01
-7.666260246712185422e-01 5.371660172868385486e-01 3.517629999999999924e-01
1.806869028792375265e-01 5.420237090671436303e-02 9.820459999999999745e-01
5.905518845999310207e-01 -3.117269390852671629e-01 7.443619999999999681e-01
5.803198918628036523e-02 7.452348611324375316e-01 6.642719999999999736e-01
-3.995284491150825623e-01 3.622514072114790817e-01 8.421110000000000539e-01
-6.108010199093730774e-01 7.667250249917956229e-01 1.976230000000001041e-01
-6.558571309181365772e-01 -6.663441330114870942e-01 3.547350000000000780e-01
-9.515176130289759726e-01 -2.940508804129650100e-01 9.026800000000001489e-02
-8.842716527975813534e-02 4.461538339088731986e-01 8.905769999999999520e-01
7.056274852595998404e-01 -3.521557431097967483e-01 6.148789999999999534e-01
1.343609867309753514e-01 9.163089095085120706e-01 3.772599999999999842e-01
6.738280976311090686e-01 -5.111420740594934120e-01 5.335630000000000095e-01
-2.294068947285040350e-01 3.281668494089934329e-01 9.163400000000000434e-01
-9.319357131555076057e-01 3.204119013790460158e-01 1.698000000000000898e-01
9.576370628642808525e-01 1.888760123988044437e-01 2.173869999999999691e-01
4.515846443833330115e-01 -4.248926654028976069e-01 7.845619999999999816e-01
-2.671506754147138785e-01 -1.453433674594825920e-01 9.526310000000000056e-01
-9.993775388429546602e-01 5.183997607874133925e-03 3.489499999999998159e-02
-1.423291068872881704e-01 -1.395591242688816111e-02 9.897209999999999619e-01
-9.388157740748861446e-01 2.835689317594092262e-01 -1.954830000000000179e-01
3.191974867584059794e-01 -2.220696429314696074e-02 -9.474280000000000479e-01
1.537951447153615425e-01 -5.563625235159007643e-01 8.165829999999999478e-01
-9.812107222085393321e-01 1.643329534755478827e-01 1.010950000000000737e-01
9.432137937722538945e-01 3.642699203546798103e-02 3.301830000000000598e-01
7.172600637579550076e-02 -9.373400833210854266e-01 3.409530000000000616e-01
-8.987255596010531589e-01 4.358597864173452407e-01 4.815200000000005587e-02
-4.826680516093430628e-01 -4.012990429089514643e-01 7.784539999999999793e-01
-5.890913494429225183e-01 -6.403792928036008969e-02 8.055250000000000465e-01
2.439010950613992312e-01 -9.697143779499458605e-01 1.289499999999990480e-02
1.957239719186206484e-01 9.797758594272462096e-01 4.160999999999998727e-02
7.446959420017861264e-01 1.039749919022469604e-01 6.592550000000000354e-01
2.866879889569469153e-01 5.048759805524734023e-01 8.141929999999999445e-01
-1.179569781357737573e-01 -9.456818247106564268e-01 3.029390000000000138e-01
2.003695277916090617e-02 -4.725668863074576898e-01 8.810670000000000446e-01
-9.251860286285050750e-01 -2.711660083908287722e-01 2.655179999999999207e-01
-6.945624165310727571e-01 7.178114304735727647e-01 4.826800000000002616e-02
1.625161990607985329e-01 -3.843224707440757726e-01 9.087819999999999787e-01
-1.420250228163109918e-01 5.775040927759962361e-01 8.039389999999999592e-01
3.528460704994161312e-01 4.209512771237489820e-02 9.347339999999999538e-01
-7.771728475907468958e-01 -2.059089596197540284e-01 5.946460000000000079e-01
7.929252141683679200e-01 -5.706401541293784629e-02 6.066409999999999858e-01
-7.340392351822714323e-01 -5.225351674174918415e-01 4.337549999999998906e-01
3.154561727061647725e-01 -8.233254507547900225e-01 4.718289999999999429e-01
-2.948007208623594846e-02 -3.263707980591865065e-01 9.447820000000000107e-01
5.430711678613078797e-02 3.676807906885775079e-01 9.283649999999999958e-01
-1.816469325157831771e-01 9.375336516939574150e-01 2.967069999999999985e-01
-3.885329730517695368e-01 7.903039451853653974e-01 4.737739999999999174e-01
6.950955607068494135e-01 -6.678035779550979267e-01 2.662340000000000817e-01
-8.145744311715091834e-01 5.780443059711012355e-01 4.830399999999992339e-02
3.886498113059978082e-02 9.954505166971978625e-01 8.699299999999990374e-02
