4.592083400540811766e-01 5.430344021291612089e-01 7.030229999999999535e-01
6.579497752004370703e-01 -7.527667428046316278e-01 -2.107900000000005949e-02
-3.931538586539273794e-01 6.552447644274066452e-01 6.450460000000000083e-01
-9.677697626558159349e-01 -2.509759384485010236e-01 -2.080300000000010613e-02
-3.768471566941996587e-01 -9.213323830928213942e-01 9.556600000000001205e-02
-3.749790471388234070e-01 -8.293621042595689108e-01 4.141850000000000254e-01
-5.362127696935057308e-01 -1.410522024699342736e-01 8.322140000000000093e-01
6.944689217226949207e-01 6.776099236229626843e-01 2.419870000000000632e-01
-9.537898040984579828e-02 -9.946047957153525410e-01 -4.079399999999998999e-02
-2.613957628397777233e-01 -1.428493239083168664e-02 9.651260000000000394e-01
6.014192509390323682e-01 4.294671791929310922e-01 6.736860000000000070e-01
-6.323477631174087010e-01 -7.692987118144742897e-01 -9.119099999999993877e-02
8.499249727728732662e-01 3.843359876878960080e-01 3.604350000000001164e-01
-8.320297369811017196e-01 -5.457488274794171090e-01 9.942200000000005200e-02
2.808258974532232832e-01 7.699617188397042122e-01 5.729710000000000081e-01
-4.551157767982536573e-01 -7.158706489166336562e-01 5.295270000000000810e-01
7.833886405068002379e-01 6.162467172074079791e-01 8.088399999999996981e-02
-8.239240208003635324e-01 -8.292000209335570471e-02 5.606010000000000160e-01
4.653481499928667775e-01 -6.742602173302353341e-01 5.734320000000000528e-01
-3.642375314581941526e-01 -1.718147789837679018e-01 9.153200000000000225e-01
8.298662065418994649e-01 5.100421269422333870e-01 2.262279999999999847e-01
-3.862018302817313842e-01 8.935586073213334091e-01 2.289129999999999499e-01
8.343982622922200276e-01 2.479720779497631145e-01 4.922290000000000831e-01
-9.984813222150119572e-01 -5.509001777782943782e-02 3.729999999999126809e-04
4.223512863369704995e-01 8.021455438220088663e-01 4.221159999999999912e-01
-9.328638512702067676e-01 2.020669677837464706e-01 -2.982179999999999276e-01
-1.876488746018037668e-01 -8.730714165614841260e-01 4.500379999999999936e-01
7.746465784233551588e-01 -6.534796443645869701e-02 6.290090000000000403e-01
-8.587877712953106979e-01 8.170197824185880531e-02 5.057750000000000856e-01
-2.136139401079051869e-01 9.579827314052045129e-01 1.914109999999999423e-01
8.410377299362065129e-01 -3.139338991933694478e-01 4.405690000000000439e-01
-3.314958200274062960e-01 -4.956017309325680409e-01 8.028009999999999868e-01
4.770382430712677424e-01 1.469167668834234497e-01 8.665159999999999529e-01
-7.370671534672281755e-01 6.550701363943539635e-01 1.661779999999999646e-01
5.843728894520279216e-01 -7.891378507158859357e-01 -1.891290000000000471e-01
2.985647455142859674e-01 6.353694584342166607e-01 7.121549999999999825e-01
7.805059498426746289e-01 -4.850359688303376715e-01 3.943989999999999996e-01
1.260788659913650300e-01 -3.733406031780248657e-01 9.190869999999999873e-01
8.033693657298129898e-01 -5.583612541911177063e-01 2.069549999999999446e-01
7.623032017695048346e-01 1.173260310543299961e-01 6.364969999999999795e-01
2.972810449079664186e-01 -9.038761365416324578e-01 3.076230000000000353e-01
-2.811031172264763511e-01 8.760723653423602153e-01 3.917629999999999169e-01
-2.586053912260672938e-01 -3.542055358528612419e-01 8.987000000000000544e-01
4.414183148122807210e-01 3.263812327697261928e-01 -8.358379999999999699e-01
6.110794048269729828e-01 -3.402522254097869459e-01 7.147099999999999564e-01
-8.520945132212259798e-01 5.103393073801800739e-01 1.161409999999999526e-01
-6.904006427277676883e-01 -1.089309436298301903e-01 7.151790000000000092e-01
4.785466839699519248e-01 3.593635136256364548e-01 8.011559999999999793e-01
-8.824682725910315551e-01 2.506730774319427812e-01 3.980109999999999482e-01
2.837728180610439299e-01 -7.410085249075706315e-01 6.085880000000000178e-01
-5.499895681515659662e-02 7.482784124563827133e-01 6.611010000000000497e-01
5.679002098356924003e-03 2.854291054643287584e-01 9.583829999999999849e-01
-1.861700368933855154e-02 4.560390903734362067e-01 8.897650000000000281e-01
-7.395091088202278007e-01 -6.213370914309820359e-01 2.589719999999999800e-01
-7.116358645954748985e-01 -6.990848669835809659e-01 6.967600000000000182e-02
-6.514822084735059082e-01 6.776172168366765280e-01 3.411830000000000696e-01
1.736741216768538099e-01 -6.473194535148572015e-01 7.421689999999999676e-01
5.501709831943423223e-01 -7.291119777283668890e-01 4.070720000000001004e-01
9.266309083385022571e-01 3.210219682447950085e-01 1.957039999999998781e-01
7.165598626409775962e-01 2.941189436196574025e-01 6.324840000000000462e-01
-9.842499675702619522e-01 1.035199965891547488e-02 1.764790000000000247e-01
-8.846238415769334118e-01 3.867239307434550133e-01 2.605479999999998908e-01
-4.973499146522317726e-01 2.037609650335849010e-01 8.432819999999999760e-01
3.201597236027872162e-01 4.690845950343998094e-01 8.230779999999999763e-01
1.944640927300928246e-01 -9.702494626629081242e-01 1.442209999999999881e-01
-1.821080609483562429e-01 3.272241095161385060e-01 9.272329999999999739e-01
-3.879696900097677481e-02 6.119465110508739425e-01 7.899469999999999548e-01
3.588525364906061110e-01 -1.215201816747251279e-01 9.254499999999999948e-01
-5.285963710540918514e-01 3.783115498692113943e-01 7.599120000000000319e-01
-7.949127321745055319e-01 4.026168643485551479e-01 4.538869999999999849e-01
-5.853541050362622844e-01 -6.992681254770564125e-01 -4.103470000000000173e-01
-1.828209197767428906e-01 -9.560525804766104585e-01 -2.292160000000000863e-01
6.067420704107409080e-01 2.242510260237119968e-01 7.626110000000000388e-01
-5.448051768745948431e-01 6.693572173112362078e-01 5.051219999999999599e-01
1.982288671558513626e-01 -2.030458396276756949e-01 9.588940000000000241e-01
-7.919634065804868062e-01 -4.073752091394746144e-01 4.547959999999999781e-01
1.452950302742184452e-01 5.540071154350041382e-01 8.197349999999999914e-01
-6.643193908948173687e-02 -3.695226611898265734e-01 9.268440000000000012e-01
-2.210081284087513642e-01 6.457093751659959135e-01 7.308999999999999941e-01
3.472000301948296921e-03 -8.830000767915614501e-01 4.693599999999998884e-01
-6.755750023929588677e-01 3.963270014038325906e-01 6.217099999999999849e-01
-1.052239967769330042e-01 9.940539695515974161e-01 2.801100000000001158e-02
1.254599279940141199e-01 7.048435954647930268e-01 6.981800000000000228e-01
-2.120110481493035215e-01 -6.530021483016986705e-01 7.270759999999999446e-01
-2.787712671962158106e-01 -7.621817305346646476e-01 5.842650000000000343e-01
-9.092088580647800233e-01 -2.938129541333038275e-01 2.949800000000000755e-01
3.257422826895796097e-01 -3.230262886704144965e-01 8.885640000000000205e-01
-6.501932253880839951e-01 2.291080794198234183e-01 7.244019999999999904e-01
-6.177340418574165382e-01 -7.540570510946102978e-01 2.231649999999999190e-01
-6.020595143979514674e-01 4.619103946549394518e-02 7.971139999999999892e-01
3.791627856063002899e-01 -8.079075431769843219e-01 4.511330000000000617e-01
6.683919253803330962e-01 -7.223309193585520926e-01 1.774549999999998906e-01
-4.733147748960656043e-01 8.785205821840982310e-01 6.461199999999998889e-02
4.880602568315159928e-01 -8.280764357579284418e-01 2.758380000000001386e-01
-6.906412264797004985e-01 6.420552105470486159e-01 -3.328360000000000762e-01
2.456999969784989801e-03 -9.904139878203197522e-01 1.381090000000000928e-01
-8.844702681058190519e-02 -9.495842878435637457e-01 3.007770000000000166e-01
-1.907219096365573296e-01 -9.744575383050739781e-01 1.185650000000000731e-01
-3.282630869820702957e-01 1.742770461793569370e-01 9.283700000000000285e-01
5.432398998149232661e-01 -8.335578462740735883e-01 1.003579999999999472e-01
-5.743779085837800169e-01 -5.839979070526903904e-01 5.736170000000000435e-01
-4.630342760366143451e-01 -8.486435059164999517e-01 2.557409999999999406e-01
5.472149198525628755e-01 8.342578778110238957e-01 -6.759900000000010345e-02
-2.841910695004841170e-01 -9.563422338787359589e-01 -6.815400000000007563e-02
-9.205656073916759219e-01 -3.715028415592470656e-01 1.206009999999999444e-01
-9.772795950089113726e-01 -1.228609490856150399e-01 -1.727130000000000887e-01
1.687202240572053535e-01 3.818895071419042275e-01 9.086769999999999570e-01
1.606859156322660576e-01 -2.801233395167556511e-02 9.866080000000000405e-01
-4.401600550232836473e-01 1.598700199849427753e-02 8.977770000000000472e-01
5.098591981466052969e-01 -4.094293560921912628e-02 8.592830000000000190e-01
-5.134316550960248415e-01 -4.655566872566183068e-01 7.208639999999999493e-01
-4.606448468926593875e-01 -8.827467065960871162e-01 -9.254500000000004389e-02
-9.555998784936846624e-01 2.710059655410836377e-01 -1.156920000000001142e-01
-3.782311424851902970e-01 9.158233450040175194e-01 -1.349400000000000321e-01
-7.467144144927624350e-01 -2.600411443459109129e-01 6.122060000000000279e-01
-8.940473951719198897e-01 -4.445331964851499396e-01 -5.540300000000001474e-02
-8.854321380924694562e-01 3.861370602221420589e-01 -2.586660000000000070e-01
7.810757258215433874e-01 -2.446069141364352051e-01 -5.745329999999998494e-01
9.220233456541850892e-01 1.880130704835782929e-01 3.384139999999999926e-01
-7.831137799816888512e-01 5.376008489593288031e-01 3.125990000000001268e-01
6.344477744470062852e-01 -5.829967927383824522e-01 5.075340000000001517e-01
-3.970448983590797454e-01 -6.175428419130352120e-01 6.789669999999999872e-01
-1.417379497424863799e-01 -5.208048153327659024e-01 8.418269999999999920e-01
6.056517342080909305e-01 5.747927477506409311e-01 5.502719999999999834e-01
9.455399689212329317e-02 -7.791659743897472179e-01 6.196450000000000014e-01
-6.924257714781398287e-02 -4.324723419976049532e-02 9.966620000000000479e-01
6.455933196058872836e-01 3.886101923844339362e-02 7.626920000000000366e-01
-9.889988389392826429e-01 1.447489764272990864e-01 3.048000000000006260e-02
8.380522467009468013e-01 4.670581374898583049e-01 -2.820019999999999749e-01
-6.811662591141574019e-01 5.441252069840402106e-01 4.898369999999999669e-01
1.761589211351819589e-02 -2.028227578356160965e-01 9.790569999999999551e-01
-1.932413670649652249e-01 -1.924043654750676735e-01 -9.621009999999999840e-01
3.620220424795975861e-02 1.037244503412235591e-01 9.939470000000000249e-01
-9.546707859527391316e-01 2.114089525998827657e-01 2.095469999999999555e-01
1.003090198551052914e-01 8.286321640189379112e-01 5.507330000000000281e-01
-6.718659333193968131e-01 -4.309049572340237777e-01 6.024260000000000170e-01
9.386682805794122064e-01 -3.376441009259451564e-01 -6.998799999999992527e-02
-5.765023560277073855e-01 -7.155774419156200050e-01 3.944540000000000823e-01
-8.717198900426698094e-02 8.582768917383479801e-01 5.057290000000000951e-01
-5.452296876337281439e-01 5.339206941127374595e-01 6.462609999999999744e-01
-7.306636373390544836e-01 -5.646997197143475145e-01 -3.837249999999999273e-01
8.719385600229572209e-01 -1.319539334165225619e-01 4.714989999999999459e-01
7.563050546452162459e-01 -2.467890178312165672e-01 6.058860000000000356e-01
1.940039631367563855e-01 -8.602688365378767799e-01 4.714869999999999339e-01
-1.787161371653892550e-01 -1.990002662326905147e-01 9.635660000000000336e-01
-7.435648629803124354e-01 7.029098704719700941e-02 6.649589999999999668e-01
1.047690280436023580e-01 -9.440522526951560245e-01 3.127119999999999345e-01
2.515421139710582454e-01 -4.941572238973858111e-01 8.321870000000000100e-01
2.481299479709739020e-01 8.763078162517562442e-01 4.129359999999999142e-01
9.461811103077150120e-01 -9.229001075935685389e-03 3.235059999999999047e-01
-3.619070049221282948e-01 -8.965300121932866517e-01 -2.554549999999998766e-01
-3.822741461615230540e-01 5.139671965140174548e-01 7.679219999999999935e-01
7.827637894887816694e-01 -6.215288328502243109e-01 3.134900000000009207e-02
-4.507958840321538707e-01 -6.851018237566361968e-01 -5.722049999999998526e-01
-2.316410580568336874e-01 7.761571945304061027e-01 5.864489999999999981e-01
-6.316002044182654311e-03 9.805033173412407432e-01 1.964009999999999923e-01
3.614815985808915166e-01 -3.524416086196450748e-01 -8.632009999999999961e-01
-6.061257010518459332e-01 -2.939898550008286371e-01 7.390409999999999480e-01
6.992995553703357237e-02 9.213954141570210865e-01 3.822830000000000394e-01
-2.784039289645832138e-01 -9.203417651726357729e-01 2.747040000000000037e-01
-4.929127409967025142e-01 7.973405810336745558e-01 3.482600000000000695e-01
-9.362845585369670154e-01 7.572696429434297438e-02 3.429820000000000646e-01
3.011769502342028226e-01 -9.530818425149145678e-01 -3.045400000000006782e-02
9.709728305668674508e-01 1.761099692691053820e-01 -1.618550000000000544e-01
3.285160050010482724e-01 6.265419167263495959e-02 9.424179999999999779e-01
-3.656830477697754489e-01 5.945980776733205131e-01 -7.160510000000001041e-01
-9.857312594945767392e-01 7.735202036298409467e-02 -1.495010000000000228e-01
-2.051089041619291731e-01 4.948587687749835262e-01 8.444199999999999484e-01
4.942180201476136792e-01 -2.386690097297363145e-01 8.359339999999999549e-01
-7.398861072767466407e-01 -4.357210631755855101e-01 -5.125579999999998471e-01
-9.531295106788491289e-02 -7.866745961340882998e-01 6.099660000000000082e-01
3.416597944368842121e-01 2.792738319720377005e-01 8.973710000000000298e-01
1.148710562154358072e-01 -9.324094563012271797e-01 -3.426620000000000776e-01
8.882703316789875014e-01 -4.537861694431659654e-01 7.109100000000002917e-02
-5.356828030998992407e-01 -8.042957043662700700e-01 -2.572010000000000685e-01
8.713978433676917712e-01 5.670298980773220282e-02 4.872890000000000832e-01
5.466691760158400859e-01 -5.157571660628308408e-01 6.596570000000000489e-01
-3.895919900556865101e-01 7.752869802108440789e-01 4.971400000000000263e-01
4.431793591607050553e-01 -4.275153818108848869e-01 7.879230000000000400e-01
6.450742913561751113e-01 -1.531640691785395303e-01 7.486120000000000552e-01
5.104797789969747063e-02 -5.287197711002984413e-01 8.472600000000000131e-01
-2.223900480794782641e-02 -6.682681444758175049e-01 7.435880000000000267e-01
-6.995739755796053227e-01 -5.686079801513040932e-01 4.327600000000000335e-01
7.092411978013738461e-01 -4.209771174069589228e-01 5.654689999999999994e-01
-9.293670179914972351e-01 -1.013360019617506047e-01 3.549760000000000693e-01
-8.561121514291049062e-01 -2.335220413053752386e-01 4.610199999999999854e-01
-1.492672739301950657e-01 1.456763154546688310e-01 9.780069999999999597e-01
