6.172534084994393266e-01 4.663253086149456439e-01 -6.336709999999999843e-01
-7.682106954864799109e-01 6.115467575870047190e-01 1.893750000000000433e-01
8.468623488501437757e-01 5.172042130532363835e-01 1.237899999999999556e-01
-5.078627831134030490e-01 -6.639257164655609778e-01 5.488880000000000425e-01
7.985579001827571854e-01 3.795059525629415065e-01 4.672050000000000369e-01
2.268308868396000377e-01 -3.313628346911594025e-01 9.158309999999999507e-01
-5.249348149045334200e-01 -3.352798817781098006e-01 7.823240000000000194e-01
9.598161975091225040e-01 -2.750980566091465462e-01 5.544300000000004780e-02
3.756582155405981949e-01 -1.165400668669409889e-02 9.266849999999999810e-01
-3.096098443661653987e-01 -7.507326226237667210e-01 5.835599999999999676e-01
6.588669181948667575e-01 4.138999486100462533e-01 6.281569999999999654e-01
-4.221149947854662132e-01 8.284939897653246232e-01 3.679900000000000393e-01
8.507786695889844042e-01 -2.230109133907971775e-01 4.758589999999999209e-01
-1.027440033640767969e-01 -9.871440323213844792e-01 -1.224350000000000160e-01
1.547961376969544667e-01 -7.280356476149402178e-01 6.678340000000000387e-01
2.388740427019635237e-01 8.167361460026245634e-01 5.252440000000000442e-01
-8.878954990973164652e-01 2.406778642225483877e-01 3.920659999999999146e-01
-6.885492914487125748e-01 -5.653112392845870415e-01 4.542280000000001317e-01
4.473761038288836533e-01 7.148621659081476620e-01 5.374259999999999593e-01
9.341923038806914104e-01 -4.091501330912541284e-02 3.544159999999999533e-01
4.479997887452250895e-03 -9.485435527132786149e-01 3.166150000000000353e-01
-4.731800009162784315e-01 8.651650016753282824e-01 1.661030000000000839e-01
5.674273297609545574e-01 -1.110338688479909769e-01 8.159030000000000449e-01
7.086338091056048061e-01 6.781228173247684232e-01 1.949039999999999107e-01
8.400732487261213244e-01 -1.480200438252871932e-02 5.422709999999999475e-01
-7.158774090063417805e-01 5.661923234859043141e-01 4.085900000000000087e-01
-1.985394086112777234e-01 -9.815969643027740166e-02 9.751649999999999485e-01
-5.641650138762560607e-01 -7.399500181998807102e-01 3.663219999999999810e-01
7.914654752539704852e-01 1.972291184308407330e-01 5.785179999999999767e-01
-6.002198094183718302e-01 -7.819197517250560114e-01 1.683379999999999044e-01
5.726004419466400666e-03 -6.271244840295969736e-01 7.788979999999999793e-01
8.943619100383420895e-01 3.568319641071531212e-01 2.697919999999999208e-01
-1.764382598939710778e-01 -3.024217314307743876e-01 9.367020000000000346e-01
-3.818132191870182157e-01 -2.062571184057556961e-01 9.009310000000000374e-01
-2.052379708597162067e-01 8.784408752764105710e-01 4.315310000000000534e-01
4.050170937724570930e-01 -2.276884905459929942e-01 8.855049999999999866e-01
4.871569607780116273e-01 5.496029557503586682e-01 6.786860000000000115e-01
-2.061490397301496968e-01 1.086045477562390810e-01 9.724749999999999783e-01
3.252957061194252097e-01 4.696035757479543604e-01 8.207649999999999668e-01
-8.151636998828712954e-01 -1.377121182368066521e-01 5.626219999999999555e-01
-3.773571564852125637e-01 -8.477283515421639715e-01 -3.727709999999999635e-01
7.169600309192104837e-02 -8.573840369750553858e-01 5.096590000000000842e-01
-5.041598777563314343e-02 9.568237679988970124e-01 2.862630000000000452e-01
-7.364700863283549781e-01 -6.277820735880447200e-01 2.519950000000000800e-01
3.528113268486913756e-01 -6.321605856412323421e-01 6.898530000000000495e-01
3.533609586572893368e-01 -7.548189116873010862e-01 -5.526159999999998851e-01
2.485280780788676203e-01 9.672573038785616806e-01 -5.145000000000001655e-02
-8.486838973831459798e-01 4.386349469633648579e-01 2.955249999999999266e-01
4.070112430771098688e-02 -4.217632881322035399e-01 9.057920000000000416e-01
-8.344874062596466802e-01 -4.468542175453280585e-01 3.224159999999999804e-01
-7.593413142369940250e-01 -6.497312688772449718e-01 3.535599999999990833e-02
-5.550458828122677435e-01 3.449209271762884166e-01 7.569369999999999710e-01
-6.374491163699869123e-01 4.787900874058723666e-01 6.036709999999999576e-01
9.291079234898457218e-01 -2.515509792852867466e-01 2.710730000000000084e-01
4.951341794463040569e-01 3.561101290612708747e-01 7.924820000000000197e-01
-7.052493543831452882e-01 2.357541184648884458e-01 6.686130000000000129e-01
1.514710010472833726e-02 -2.162794293556770386e-01 9.762140000000000262e-01
2.786999849710446609e-03 4.289919768665116928e-01 9.033039999999999958e-01
-4.336407926341040442e-01 -5.561017340736009729e-01 7.090180000000000371e-01
-5.722951191322632747e-01 1.202920250406838143e-01 8.111770000000000369e-01
-9.608951855210111637e-01 1.072490207066775642e-01 2.553000000000000824e-01
-1.855789228053496276e-01 5.018227912584342087e-01 8.448280000000000234e-01
-8.053003549535092676e-02 -7.666043378974041200e-01 6.370500000000000052e-01
7.696053147158741226e-01 5.412792213461368185e-01 3.387100000000001221e-01
-5.626309348776762365e-01 -1.081239874850725841e-01 8.196069999999999744e-01
-9.415574175173841986e-01 -3.323261473642936670e-01 -5.503600000000001546e-02
-2.740937935498636291e-01 6.442555147404209759e-01 7.140079999999999760e-01
-7.767018672010135294e-01 6.281198926052725673e-01 -4.690000000000007357e-02
-5.858218156650617514e-01 -7.227777725704426226e-01 -3.666130000000000222e-01
-4.139229503886336925e-01 -8.850168939249513089e-01 2.131030000000000424e-01
2.969711722534228993e-01 6.617763838529052700e-01 6.883749999999999591e-01
-9.384007201989407188e-01 -3.031269096172579114e-01 1.658860000000000057e-01
-7.788989028803200432e-01 3.665399542967093249e-01 5.088860000000000605e-01
2.015563965606460839e-01 -1.186086448977791696e-01 9.722690000000000499e-01
-5.024729726028608345e-01 8.631959529345839544e-01 -4.912899999999996437e-02
7.278485549353539419e-01 -1.829701395023709543e-01 6.608770000000000477e-01
-2.345527399188599427e-01 -6.368492938368980338e-01 7.344439999999999857e-01
-7.128829097388006408e-01 -3.151004021124072327e-03 7.012760000000000105e-01
8.996155078878912414e-01 1.732790978266323667e-01 4.008320000000000771e-01
-3.422099983821957903e-01 -4.201099980139220702e-01 8.404760000000000009e-01
3.959783692883010464e-01 -4.397202996164468747e-01 8.061310000000000420e-01
3.631569814195710344e-01 -9.123679533199450242e-01 1.889490000000000614e-01
-3.999385719929355321e-01 1.116001596107695296e-02 9.164740000000000109e-01
6.374141105494424142e-01 5.797661005513026211e-01 5.075180000000000247e-01
-6.503421826210884493e-01 7.558472122477126742e-01 7.582899999999995200e-02
-5.488952497571099043e-01 6.738523066147952267e-01 4.946079999999999921e-01
7.727188032166248943e-01 3.631919075082305493e-01 -5.205739999999998702e-01
9.950297545283902645e-01 -8.492897904821126998e-02 -5.198899999999988947e-02
-9.093056549789044762e-01 -2.161699179778765398e-02 4.155669999999999642e-01
6.783469764924220380e-01 -5.559439807342009265e-01 4.803869999999999529e-01
-6.310900859629409165e-01 7.590831033973077790e-01 -1.597439999999998861e-01
-3.996037811870515322e-01 2.268014433750610293e-01 8.881879999999999775e-01
-3.802999202059067496e-01 4.358419085521502145e-01 8.157290000000000374e-01
8.669321652231588571e-01 4.873510928811852216e-01 -1.044870000000000521e-01
-8.929660408571871155e-01 -2.436810111494951137e-01 3.784589999999999899e-01
-6.848955869450795708e-01 -2.417362071642452648e-01 6.873730000000000118e-01
-5.054505410675735888e-02 6.411036862796414271e-01 7.657880000000000242e-01
9.361403264742267083e-02 7.475802607148528400e-01 6.575410000000000421e-01
5.476588011576037918e-01 -5.152888129104068460e-01 6.592019999999999547e-01
4.407861367201701963e-01 -8.262512562812278638e-01 3.507370000000000210e-01
-3.106039084904805847e-01 9.502187200484093488e-01 2.469000000000001749e-02
9.671854884134595265e-01 1.516220765667639359e-01 2.038700000000000234e-01
1.879200932884729155e-02 8.751564344506554960e-01 4.834750000000000436e-01
6.071346009169188429e-01 -7.109245326934874321e-01 3.549280000000000213e-01
-1.054919959156347953e-01 9.917829616008411175e-01 7.237399999999998002e-02
-3.704330187597634771e-01 -8.345250422626805387e-01 4.078569999999999696e-01
-1.454477555134785771e-01 -4.977361633436848676e-01 8.550459999999999727e-01
1.593440760691436364e-01 -9.759344659005905198e-01 1.488669999999999993e-01
7.042414207616155553e-01 2.246698152091357314e-02 7.096050000000000413e-01
8.806788798251030670e-01 -4.458479391608776710e-01 1.600759999999999961e-01
-2.014794422358141823e-01 3.106066817638430400e-01 9.289399999999999880e-01
7.621789409841855933e-01 -5.918289541744518045e-01 2.623389999999999334e-01
-2.337993653728409095e-03 2.174754096827388461e-01 9.760630000000000139e-01
5.056210087298925737e-01 8.374040144583532186e-01 2.076099999999999612e-01
-4.681066780388439819e-01 5.737016054112434871e-01 6.721179999999999932e-01
1.665930006026151433e-01 9.273230033543961026e-01 3.351399999999999380e-01
-6.124771337629973944e-01 7.339491602920895641e-01 2.935820000000000096e-01
-9.413899894759860665e-01 2.968779966811329052e-01 1.601509999999998768e-01
1.911717181180427882e-01 1.086388398124518706e-01 9.755260000000000042e-01
3.636158280224338069e-01 2.259908931142134425e-01 9.037209999999999965e-01
2.190990259048366806e-01 -9.080561073626186586e-01 3.569730000000000403e-01
1.420798646918084163e-01 5.661574608261886743e-01 8.119600000000000151e-01
2.026473054622419390e-01 -5.423438175068401312e-01 8.153510000000000479e-01
4.901080551874908431e-01 -6.878570774545649247e-01 5.353940000000000365e-01
6.476769305925101916e-01 2.302109753297282013e-01 7.263039999999999496e-01
5.745028980915581895e-01 -3.205239431437234554e-01 7.531339999999999701e-01
9.860575447698055607e-01 -6.339197073402123850e-02 1.538570000000001048e-01
4.604401849895606996e-02 9.937323992486447599e-01 -1.018619999999999109e-01
4.419991407829210184e-01 8.970032857081179367e-01 -4.676000000000074194e-03
5.283413078598352408e-01 1.043590608091072708e-01 8.425939999999999541e-01
9.917142008023672739e-01 1.284050259994594934e-01 -3.885000000000088903e-03
1.872719451764199572e-01 3.357429017117710135e-01 9.231500000000000261e-01
-8.249065945918832021e-01 1.118929450091582095e-01 5.540840000000000209e-01
-1.529619870453254038e-01 -8.728519260763223375e-01 4.633920000000000816e-01
3.001758021217563743e-01 -7.963114750652284801e-01 5.251500000000000057e-01
-1.308780234859144853e-01 7.810121401517523543e-01 6.106479999999999686e-01
-0.000000000000000000e+00 -0.000000000000000000e+00 1.000000000000000000e+00
-2.667859573604685619e-01 9.348538505853511982e-01 2.342510000000000425e-01
8.251680708201609704e-01 -4.173410358183506919e-01 3.806889999999999996e-01
-9.711886088221677316e-01 -1.026359586600261581e-01 2.150779999999999914e-01
8.794490461710714468e-01 -4.722670247940168875e-01 -5.944100000000003547e-02
7.188514962863175040e-01 -3.782932611690598690e-01 5.832209999999999894e-01
-2.086290105831155872e-01 -9.412230477453844557e-01 2.656560000000000032e-01
-6.178110137339409835e-01 -7.853820174590454561e-01 -3.853099999999991948e-02
3.082519173809643021e-01 9.360047491278872256e-01 1.699289999999999690e-01
