5.039895031401234182e-02 5.229744844237104173e-01 8.508569999999999744e-01
-1.539787707235539260e-01 -3.936424138611885337e-01 9.062759999999999705e-01
-6.575700622098702430e-01 -4.749860449363828563e-01 5.847989999999999577e-01
4.323889962484312455e-01 -7.280809936828966933e-01 5.319189999999999197e-01
8.414234217410233585e-01 -1.281219119496275483e-01 5.249679999999998792e-01
2.862916066427575457e-01 2.136877063986334646e-01 9.340100000000000069e-01
3.309719203366510154e-01 -8.532377946297675653e-01 4.030419999999999559e-01
-6.772910700180598820e-01 2.486100257011976747e-02 7.352950000000000319e-01
-7.474983577009352009e-01 -2.975781424002860165e-01 5.938799999999999635e-01
7.162921335257271815e-01 -6.950781295711740970e-01 6.157899999999998097e-02
-7.982050536284486242e-01 4.192700281692042230e-01 4.325290000000000523e-01
-3.552882748437177773e-01 -4.146223207433179514e-01 8.377700000000000147e-01
7.990004729187664134e-01 5.333113156605508998e-01 2.778079999999999994e-01
-6.948210116866034847e-01 -6.814640114619441302e-01 2.298490000000000810e-01
-1.108501856352208000e-02 -5.348188956342569966e-01 8.448940000000000339e-01
6.136451649840363176e-01 -2.036580547553046017e-01 7.628650000000000153e-01
3.973758756899234412e-01 -8.921417209135925619e-01 2.148850000000001037e-01
1.965849210080730658e-01 2.452623966794686972e-02 9.801800000000000512e-01
-2.487464013882358382e-01 3.316895352289586651e-01 9.100040000000000351e-01
9.731736174584704191e-01 -3.235898728011501330e-02 2.277849999999999042e-01
9.053077824939700369e-01 4.126989008464290176e-01 -1.004859999999998948e-01
6.114307971595569491e-01 -6.389167880411570355e-01 4.668379999999998642e-01
-2.620287031068598282e-01 -5.193784115152817460e-01 -8.133799999999998809e-01
-3.741184193944714353e-01 -5.512720915103837271e-02 9.257410000000000361e-01
7.534705077252789041e-01 2.875838121091144894e-01 5.912509999999999710e-01
5.745838901826777478e-01 -8.046748462065534957e-01 1.495050000000000545e-01
3.862045758143394236e-01 -4.881617278280488970e-01 7.826520000000000143e-01
4.963107323353850853e-01 1.957592888542295240e-01 8.457860000000000378e-01
-4.559509357591047807e-01 -5.322289250119695003e-01 7.133310000000000484e-01
9.688440659279565770e-01 2.172970147866397361e-01 -1.188409999999999744e-01
-5.426942965164950339e-01 -8.203954482464335118e-01 1.800950000000000883e-01
1.058260218454896429e-01 -1.764790364302739334e-01 9.785989999999999966e-01
5.170589361984319066e-01 -7.815719035593243769e-01 3.489920000000001354e-01
-5.437181520077905006e-01 -7.890987693079463960e-02 8.355500000000000149e-01
-5.658591718726335706e-01 4.068301235695526152e-01 7.171419999999999462e-01
6.810372141785504541e-01 1.552208208969378667e-01 7.156080000000000219e-01
1.914200675624195269e-01 -5.198161834710408602e-01 8.325559999999999627e-01
-6.412102926015258997e-02 -8.933894076776479620e-01 4.446840000000000237e-01
-8.888863816946831475e-01 1.243200533839934271e-02 4.579590000000000605e-01
1.685971105714759444e-01 3.714252435927712370e-01 9.130270000000000330e-01
9.154508388884635695e-01 -3.884159316421101904e-01 -1.052750000000000491e-01
-9.502782588460042534e-01 1.114240303507574997e-01 2.907850000000000157e-01
9.189052831041032432e-01 -1.873090577077570484e-01 3.471719999999999251e-01
1.223769541995559235e-01 8.937216655183199965e-01 4.316080000000000472e-01
9.918440416074194577e-01 1.133450047547728962e-01 5.829499999999994408e-02
4.057698934712369310e-01 7.525298024346549486e-01 5.187000000000000499e-01
2.938594828450584728e-01 -1.546682541377991105e-01 9.432519999999999794e-01
4.106970690358023868e-01 8.868101490676577603e-01 2.118859999999999910e-01
-4.080589853792625510e-01 -8.565699693091316513e-01 3.158730000000001259e-01
7.309066238201564758e-01 -5.946405075186383254e-02 6.798819999999999864e-01
2.191650960322149289e-01 7.880793453150449768e-01 5.752369999999999983e-01
-7.416096927531691529e-02 8.868886325645094493e-01 4.559920000000000639e-01
-5.408494084260428991e-01 -6.271464735938482304e-01 5.605080000000000062e-01
-9.469161344196860286e-01 -1.092830155132944181e-01 3.023359999999999936e-01
-1.779860380508931916e-01 -7.808441669334196256e-01 5.988350000000000062e-01
2.885619996503813733e-01 9.554809988423492717e-01 6.154700000000008081e-02
-7.315592909841150959e-01 3.260721296980452211e-01 5.987470000000000292e-01
-2.285530859406910142e-01 9.278603488946961519e-01 2.946839999999999460e-01
-7.503349914492641881e-01 -6.524469925647849999e-01 -1.063499999999999723e-01
-3.196795723590488136e-01 1.438738075374931813e-01 9.365390000000000104e-01
3.206118797486520733e-01 -6.466207574730614693e-01 6.921629999999999727e-01
-6.332993633390113786e-01 2.219947768268497046e-01 7.413840000000000430e-01
-2.007929412054082763e-01 -9.404117246361198834e-01 2.744230000000000835e-01
1.216349466052367850e-01 -6.733537044142114958e-01 7.292459999999999498e-01
4.702220293914025073e-01 5.008180313038169684e-01 7.266860000000000541e-01
8.943610587811557933e-01 3.585510235654754130e-01 2.675060000000000771e-01
-5.539101022898725857e-01 6.763261248962832983e-01 4.855579999999999341e-01
-3.093821528723763037e-01 9.431674660393315479e-01 1.213169999999998833e-01
-8.619859298030142503e-01 2.207289820246379763e-01 4.563540000000000374e-01
-4.058350573397437877e-01 -7.551531066942961390e-01 5.148220000000000018e-01
-6.954627441665847121e-01 -5.866257842034252601e-01 4.149719999999999520e-01
-1.721349572296679009e-01 7.656468097599182787e-01 6.198019999999999641e-01
4.323257677464428794e-01 -8.157065617870489227e-01 -3.843400000000000705e-01
-6.499003337187754525e-02 6.569063373163044339e-01 7.511660000000000004e-01
5.848796618235246880e-01 3.338728069552825417e-01 7.392189999999999594e-01
-3.790459534974179312e-01 7.238439111964908301e-01 5.765190000000000037e-01
8.277931131976778989e-01 -5.048190690321597840e-01 -2.447779999999999123e-01
-4.803366786177412640e-01 5.760486145790792989e-01 6.613959999999999839e-01
9.725173297354882118e-01 -2.090520708798543070e-01 -1.025049999999999573e-01
-2.763768875100390821e-01 6.278797444425668894e-01 7.275869999999999838e-01
3.186837670785455101e-01 8.659243671081369165e-01 3.855069999999999331e-01
3.863328298314612774e-01 3.650108392231870003e-01 8.470619999999999816e-01
-8.011085785827340988e-01 -4.096767844925455759e-01 4.363369999999999194e-01
-9.045670916589358956e-01 -3.173250321542479546e-01 2.847160000000000246e-01
-6.578193392977363940e-01 -1.935648055868874895e-01 7.278780000000000250e-01
-9.114444970498826182e-01 4.030837775717184268e-01 -8.241600000000003090e-02
4.590749326655030882e-01 -8.650158731243976495e-01 -2.024789999999999368e-01
-9.905133227952374053e-01 -1.182500385361272451e-02 1.369069999999998899e-01
-5.703880495843227649e-01 -3.751310326104627668e-01 7.307080000000000242e-01
-7.631132981080174238e-01 5.214892037182592421e-01 -3.817160000000000553e-01
6.803099489180947090e-01 -6.796189489699793196e-01 2.744019999999998682e-01
-4.515399471951107579e-01 8.920998956742661745e-01 -1.641499999999998169e-02
-3.224663504636834377e-01 -6.667597246494669783e-01 6.718979999999999952e-01
3.111698632701500461e-02 -7.997606485805139886e-01 5.995120000000000449e-01
-2.535401284466082955e-02 -7.930014017444565466e-01 -6.086919999999998998e-01
-6.571687045451934939e-01 -7.528716615183441707e-01 3.624299999999988642e-02
6.834921352105186587e-01 -4.679550925723172661e-01 5.602289999999999770e-01
9.959215574304574048e-01 -8.257196330651170313e-02 3.636100000000005994e-02
3.393439701671262521e-01 6.481949430149949176e-01 6.816809999999999814e-01
8.010206968694114638e-01 5.933527754572675006e-01 -7.936200000000002974e-02
1.283499698081440495e-02 -9.596447742620717314e-01 -2.809220000000000050e-01
-2.250132514800967376e-01 -5.550946203867902495e-01 8.007739999999999858e-01
-7.294017287641680891e-01 6.642837529789833440e-01 1.634020000000001027e-01
-7.914645654791482299e-01 -8.702506217695686608e-02 6.049879999999999702e-01
5.737409971538685038e-01 -3.984479980234367780e-01 7.155839999999999979e-01
-7.082580124902623231e-01 5.970870105297411135e-01 3.766400000000000858e-01
0.000000000000000000e+00 0.000000000000000000e+00 1.000000000000000000e+00
-2.639379092025734286e-01 8.460957089341455406e-01 4.630969999999998699e-01
-4.772830012806081323e-01 -8.787240023577226333e-01 -6.713000000000095627e-03
-6.684419187566884579e-01 -6.874449164470393114e-01 -2.839099999999999402e-01
3.209999966619072817e-04 -9.640479899750852288e-01 2.657279999999999087e-01
-8.660670589090486704e-01 -2.054590139751244215e-01 4.557570000000001342e-01
8.157014282028690610e-01 8.629704530167670029e-02 5.719999999999999529e-01
8.693435850336923565e-01 4.859007680635699655e-01 9.023399999999989762e-02
2.343500781934493016e-01 -7.829982612558754607e-01 5.761889999999999512e-01
7.308482753456021497e-01 -2.740361032425448484e-01 6.251120000000000010e-01
-5.623280064812932189e-01 -7.357580084802167741e-01 3.774219999999998687e-01
4.355450548839955305e-01 -3.131680394629972053e-01 8.439349999999999907e-01
9.126094990441800947e-01 2.446001337552078034e-02 4.080999999999999628e-01
5.884402926026042202e-01 1.606800798983523335e-02 8.083810000000000162e-01
-8.183870119582233871e-01 -5.110710074677400350e-01 2.627719999999999501e-01
-1.619329625343782497e-01 5.038698834221386758e-01 8.484650000000000247e-01
-9.061428176707811977e-01 3.102679375695422404e-01 2.874699999999999478e-01
-2.007121274809990641e-01 9.457546006898677193e-01 -2.554660000000000264e-01
3.893700070839217764e-01 4.614100083945664454e-02 9.199249999999999927e-01
1.194909598694993969e-01 -9.864446687070013153e-01 -1.124669999999999698e-01
-2.590600304513338004e-01 -8.585181009149162046e-01 4.425319999999999254e-01
-7.981699702330209700e-02 -9.924349629880953039e-01 -9.328500000000003456e-02
-8.836157643351461033e-02 -2.050533376811607411e-01 9.747540000000000093e-01
6.690860626259628186e-01 5.936550555656762151e-01 4.470990000000000797e-01
-6.005669775569345559e-01 7.453189721475822482e-01 2.895150000000001334e-01
5.303449165744844596e-01 6.240519018339765189e-01 5.738410000000000455e-01
5.900001378542469449e-02 -9.950562324960934291e-01 7.988800000000007007e-02
8.117367491770732801e-01 -5.547928285715644225e-01 1.824509999999999743e-01
-3.483709070818394871e-01 -9.276157525845366569e-01 1.347839999999998761e-01
-1.996279049629524904e-01 -9.484175484859516114e-01 -2.462780000000000524e-01
1.397259324402073954e-01 6.679046770570741254e-01 7.310130000000000239e-01
7.901386644703892737e-01 4.216518209470341283e-01 4.448489999999999389e-01
5.182899837621072203e-01 7.733329757716753683e-01 3.651460000000001371e-01
9.495196003499366544e-01 3.044108718743412934e-01 7.580599999999995675e-02
5.817728754172796224e-01 7.991428288689766957e-01 1.513639999999999153e-01
8.023051889640514522e-02 1.949612609253789097e-01 9.775239999999999485e-01
4.720006836046881649e-01 -1.249681809930310583e-01 8.726960000000000273e-01
4.948810141687315367e-02 -3.656267492855977408e-01 9.294449999999999656e-01
-9.612734965842479884e-01 2.340738774162844094e-01 -1.454740000000000200e-01
9.531722530518745851e-01 1.679550445893580601e-01 2.515029999999999211e-01
6.032469682203660533e-01 -7.941679581624637718e-01 -7.341900000000003979e-02
-4.220494250522759810e-02 3.570325136232418428e-01 9.331380000000000230e-01
8.726659628985197203e-01 2.295009902427425641e-01 4.310260000000001313e-01
1.327669991893002666e-01 -8.909339945597924970e-01 4.342920000000000114e-01
-1.918331849536343836e-01 -2.757802658901925899e-02 9.810400000000000231e-01
8.208778993994313433e-01 -3.341679590469097683e-01 4.631320000000000436e-01
1.459289703135555338e-01 9.850217996162446976e-01 -9.185200000000007248e-02
6.504285255948258904e-01 4.612153726964669520e-01 6.035089999999999621e-01
-4.461786235364615383e-01 2.965387497952139961e-01 8.443869999999999987e-01
8.808672849084867584e-01 -3.810851232585062975e-01 2.807970000000000743e-01
2.581299176889049196e-01 -9.636396927197007356e-01 6.904699999999991400e-02
8.291196415040924528e-01 -5.582867586071922350e-01 -2.960599999999991017e-02
-8.460997055595456673e-02 -6.772767643094810275e-01 7.308470000000000244e-01
-6.531570543929702266e-01 5.108880425452317908e-01 5.589089999999999892e-01
5.136556863223028513e-01 -5.744486491974406528e-01 6.373119999999999896e-01
-5.055148371632031123e-01 1.122199638516258313e-01 8.554890000000000549e-01
-1.232984786548758926e-01 1.721092722673395470e-01 9.773309999999999498e-01
-2.801408459372550785e-01 -2.338217060680193027e-01 9.310469999999999580e-01
-3.691020410211670044e-01 4.703270522710860102e-01 8.015959999999999752e-01
-7.843434917426433950e-01 1.264930793045927759e-01 6.072929999999999717e-01
-4.647506278686426295e-01 -2.550497957785939351e-01 8.479130000000000278e-01
2.464685303849577791e-01 -3.457617440577819279e-01 9.053740000000000121e-01
