-3.526311933271834009e-01 -5.614333078012442302e-01 7.486279999999999601e-01
-3.741101000753280781e-01 -9.267092478968944613e-01 3.537800000000006218e-02
-9.614780948783548942e-01 -2.277060224699583579e-01 1.539800000000000613e-01
4.274307408593210345e-01 -5.931086404129112255e-01 6.822939999999999561e-01
-2.811269071935393882e-01 8.693747129994033873e-01 4.063930000000000042e-01
3.214749951219071367e-01 8.364609873074595470e-01 4.438319999999999488e-01
-4.632915772899788842e-01 -3.120687152666276609e-01 8.294420000000000126e-01
1.111700945872410862e-01 -2.639222245538710432e-01 9.581159999999999677e-01
4.193664963383964550e-01 -2.994793544467758695e-01 8.569970000000000088e-01
2.093178931628925099e-01 9.568005116432829471e-01 2.017889999999999406e-01
-1.581456434151520818e-01 2.723011078563719045e-01 9.491270000000000540e-01
-7.972155793082240649e-01 -4.014697881438313298e-01 -4.508540000000000325e-01
5.965011667786271898e-01 4.227431181967795104e-01 6.822570000000000023e-01
7.243508266003853002e-01 -6.586938423177632895e-01 2.035640000000000227e-01
1.549100479502781361e-02 8.924632762497516358e-01 4.508539999999999215e-01
4.715337706397787487e-01 2.124433472016306890e-01 8.558759999999999701e-01
-3.189187008563503234e-01 5.069175245146865239e-01 8.008279999999999843e-01
8.012187576896413477e-01 -1.301759606312465622e-01 5.840400000000000036e-01
-1.639848917661057004e-01 -7.788684859284388251e-01 6.053699999999999637e-01
1.218060598267373812e-01 7.208943540772706493e-01 6.822570000000000023e-01
6.416598403771734960e-01 -3.737909070137207523e-01 6.697410000000000307e-01
-9.707874511308904886e-01 5.498896891003653142e-02 2.335550000000000959e-01
-6.723487058134580696e-01 -7.393886764800823297e-01 3.537800000000006218e-02
-7.158822301432593571e-01 -6.097911960369003515e-01 3.400989999999999847e-01
3.303542923116078445e-01 -8.158047218589119520e-01 4.746879999999999988e-01
8.896682242096775051e-01 -4.392631107008632685e-01 1.246530000000000693e-01
4.651601703584993253e-01 -6.652242436292079564e-01 -5.840400000000001146e-01
-5.549951534707908696e-01 7.678672123355271273e-01 3.199379999999999447e-01
5.132479096650613970e-01 8.171578561749528458e-01 -2.623539999999999206e-01
-7.193187567907749491e-01 -2.125049281498521958e-01 6.613790000000000502e-01
9.901829897019743809e-01 8.552399911053983061e-02 1.105590000000000739e-01
-7.198738765496479619e-01 1.275009781350022742e-01 6.822939999999999561e-01
5.951149185844246681e-01 -6.717699080975257642e-02 8.008279999999999843e-01
6.139071849176159779e-01 6.527871966288310013e-01 4.438319999999999488e-01
-4.710588492468231747e-01 8.506207277754632701e-01 -2.335549999999999848e-01
-8.451266082377130173e-01 2.625898782752665861e-01 4.656259999999999288e-01
2.040139526450900909e-01 -5.075678821853555345e-01 8.371100000000000207e-01
-9.823311777548687784e-01 1.854070335497883526e-01 -2.548900000000007063e-02
-8.600192170294580496e-01 -5.007641263699286194e-01 9.799100000000002253e-02
7.710101299362097649e-01 6.040071017916502916e-01 2.017889999999999406e-01
-2.123629919019343892e-01 9.649829632021795778e-01 -1.539799999999999225e-01
-2.384650475766488809e-01 -9.096521814865650146e-01 3.400989999999999847e-01
5.295700680538992927e-02 -9.147901175576909072e-01 4.004429999999999934e-01
-3.529059678216709961e-01 9.291039152833496795e-01 1.105590000000000739e-01
0.000000000000000000e+00 0.000000000000000000e+00 1.000000000000000000e+00
-7.266252492907323557e-01 5.418641859028708874e-01 4.223730000000001095e-01
9.326879292348106976e-01 -1.665319873648331561e-01 3.199379999999999447e-01
1.209069588071700757e-01 -7.402427478003423822e-01 6.613790000000000502e-01
-4.518676100313984700e-01 2.477333344455524278e-01 8.569970000000000088e-01
-6.304099618168063079e-01 -4.859119705688808022e-01 6.053699999999999637e-01
-1.854014632848319799e-01 -2.951821454828240654e-01 9.372800000000000020e-01
-4.531109195535675815e-01 -7.214118719187538886e-01 5.236939999999999928e-01
-6.153297305651775906e-01 4.157118179720006856e-01 6.697410000000000307e-01
9.200242559777670470e-01 3.546450986726815691e-01 1.666799999999999393e-01
4.057277140951829342e-01 6.459715448021665640e-01 6.466110000000000468e-01
7.346801370013822385e-01 1.612850300760439171e-01 6.589629999999999654e-01
6.035055948969416661e-01 -6.472815655123267398e-01 4.656259999999999288e-01
-7.994996017850670988e-02 -5.528417246404753183e-01 8.294420000000000126e-01
9.052111135931442121e-01 1.242480155916366180e-01 4.063930000000000042e-01
-2.860154048936784377e-01 -1.445402046163046447e-02 9.581159999999999677e-01
2.919404614273802268e-01 4.648067346516918108e-01 8.358980000000000299e-01
5.197100279055352212e-01 8.274450444291922002e-01 2.126879999999999882e-01
7.766600647972345117e-02 9.921520827758674166e-01 -9.799099999999989763e-02
1.549127609120764804e-01 2.466422114756471884e-01 9.566449999999999676e-01
8.036248712817909423e-01 -4.192709328445329287e-01 4.223730000000001095e-01
-5.935537265152277531e-01 8.043906293703863009e-01 2.548899999999997001e-02
9.078791421703218401e-01 -3.664930573913789957e-01 -2.035639999999999117e-01
-1.337302993442924907e-02 5.170081572803014724e-01 8.558759999999999701e-01
3.139603963485260718e-01 -2.422410773746475413e-02 9.491270000000000540e-01
-8.470484710340868695e-01 -3.495057817401820976e-01 4.004429999999999934e-01
-7.819952902122395688e-01 6.106922266386523024e-01 1.246530000000000693e-01
-8.783296543505975107e-01 -5.664204219799938433e-02 4.746879999999999988e-01
-1.737170587905262353e-01 7.318402476744285678e-01 6.589629999999999654e-01
8.001500515594375806e-02 -9.827590633262530684e-01 -1.666800000000000226e-01
-5.458080377589568100e-01 -3.661193545440064034e-02 8.371100000000000207e-01
