-6.762057210978503763e-01 7.289716993344365070e-01 -1.065180000000000987e-01
7.223102783135938731e-02 -9.084433500325849176e-01 4.117200000000000859e-01
-3.892888771438619000e-01 -8.023018077426495587e-02 9.176149999999999585e-01
-6.764016849512498597e-01 1.670709221830956048e-01 7.173340000000000272e-01
-4.606900470811669535e-01 -8.671510886202890012e-01 1.892450000000000521e-01
4.482621434177648800e-01 4.008182340781307196e-01 7.990030000000000188e-01
-2.461858863682590270e-01 -7.647546470130629492e-01 -5.954350000000001586e-01
6.846900645588303858e-02 5.007650472167003430e-01 8.628710000000000546e-01
-8.239116441294607185e-01 4.993907842991186508e-01 2.679149999999999587e-01
6.249793385789352562e-02 -6.538103080668692391e-01 7.540729999999999933e-01
-2.909228326097632045e-01 -7.815765502990168478e-01 5.518170000000000019e-01
-1.573552727373225824e-02 1.158848831272556307e-01 9.931379999999999653e-01
4.419391340162411863e-01 -7.526262282308362472e-01 4.881019999999999803e-01
9.204651926211704360e-01 -7.132001492478462490e-02 3.842620000000000480e-01
-9.099078049971064397e-01 1.063149772155726758e-01 4.009550000000001169e-01
7.363292993276249199e-01 -4.734615494659403789e-01 4.833769999999999456e-01
1.390499102998020431e-02 -2.969718084254062695e-01 9.547849999999999948e-01
6.406950821483708980e-01 6.269340803839685838e-01 4.432420000000000249e-01
9.084875816743258614e-01 3.327548467784278152e-01 -2.528330000000000299e-01
-2.101238991836831271e-01 7.387046455734831429e-01 6.404400000000000093e-01
7.598844615635399480e-01 2.592201574536386888e-01 5.961379999999999457e-01
6.190599596263656607e-02 -9.441889384222175163e-01 -3.235349999999999615e-01
-3.340166398161574235e-01 3.669296043247577965e-01 8.682140000000000413e-01
-7.510321322900689323e-01 -6.601911162889367857e-01 -9.921000000000065183e-03
-3.995272142675693194e-01 -8.867024755410326531e-01 -2.326730000000000187e-01
-6.626787505497939712e-01 -5.976217750389991590e-01 4.513369999999999327e-01
-4.917798707530775526e-01 8.219347839835507985e-01 2.873600000000000043e-01
9.154223053825091272e-01 -3.890281297787760439e-01 1.032430000000000569e-01
9.753696203484554794e-02 9.940176130899357476e-01 -4.914799999999996949e-02
-3.622675194991302194e-01 -7.743032477466121714e-03 -9.320420000000001481e-01
3.256490993341657481e-01 -9.428912876142439004e-01 7.006200000000011030e-02
6.756808039510959762e-01 -1.256631495188648140e-01 7.264049999999999674e-01
4.084134703971142311e-01 -4.347925007796081265e-01 8.025919999999999721e-01
-3.709982093201816822e-01 -4.686292644044104394e-01 8.017149999999999554e-01
-5.921983245914369531e-01 5.519553025337242680e-01 5.870659999999999767e-01
9.154941385621789829e-01 3.454730522881543919e-01 2.062009999999999676e-01
-7.240621199737984348e-01 -2.397920397324497799e-01 6.467100000000000071e-01
9.996261642956092430e-01 -4.145000681260091122e-03 -2.702499999999991367e-02
