8.576160788977438276e-01 2.469650227199367831e-01 4.511129999999999862e-01
-7.686331339521373929e-01 -2.845730495934489790e-01 5.729060000000000263e-01
-1.230790130956178063e-01 7.760340825700947631e-01 6.185650000000000315e-01
5.689089688181805382e-01 -7.236139603388220820e-01 3.908010000000000095e-01
-2.042785066271752825e-01 3.116522472984450398e-01 9.279779999999999696e-01
-1.562619165578826019e-01 8.836655281324814482e-01 4.412679999999999936e-01
-9.764810796396097281e-01 -2.064740168395582387e-01 6.207399999999989315e-02
9.323100931746355902e-02 9.932470992646527108e-01 -6.905200000000005778e-02
-8.136980893207329535e-01 -4.163590457042919413e-01 4.056359999999999966e-01
2.589114635418192645e-01 -5.363988885947035268e-01 8.032690000000000108e-01
-7.292348971044612105e-01 2.972519580575470610e-01 6.163260000000000405e-01
-3.220017075848980673e-03 2.894325348695812039e-01 9.571929999999999605e-01
-3.947656595410228286e-01 3.242497203563038388e-01 8.596639999999999837e-01
7.262950508606100808e-01 -6.255790438077221127e-01 2.848620000000000041e-01
-9.579994280303190113e-01 1.511439097601402493e-01 2.437060000000000615e-01
-6.970847726266315991e-01 -5.961928055353210576e-01 3.982800000000000784e-01
4.965506271519796178e-01 3.054117706735872129e-01 8.125029999999999752e-01
6.024930447688804369e-01 -8.219900610788374862e-02 7.938800000000000301e-01
-6.521797468251603336e-01 6.146737613849070359e-01 4.436639999999999473e-01
1.346309881644928153e-01 -3.816989664445688546e-01 9.144290000000000473e-01
-2.954830984768613278e-01 6.580572193134222037e-01 6.925679999999999614e-01
-1.052319655467861131e-01 9.942816744696444387e-01 1.817099999999990945e-02
1.380212139252700310e-01 5.631828729023945490e-01 8.147240000000000038e-01
-9.970979929851270240e-01 3.261599977053709215e-02 6.878799999999989090e-02
-8.350471241671090228e-01 -9.334501387991200883e-02 5.422019999999999618e-01
-1.611385618575179035e-01 -8.283977475519135880e-02 9.834490000000000176e-01
7.905931382071033076e-01 -3.522210615733306072e-01 5.009020000000000694e-01
8.388203644332012932e-01 -4.446631931880029032e-01 3.140939999999999288e-01
4.865865845684528290e-01 -6.514474438156988567e-01 -5.821079999999998478e-01
9.754000573242653516e-02 7.224770424599789020e-01 6.844799999999999773e-01
9.910454488753632774e-01 7.808603536759846364e-02 1.083119999999999361e-01
-2.504826450987531206e-01 -2.638846796146604445e-01 9.314630000000000409e-01
-2.533888942878990136e-01 4.992237917272733250e-01 8.285949999999999704e-01
7.112310437239345307e-01 -2.264570139217652878e-01 6.654830000000000467e-01
6.358383101989609765e-01 -4.287772091824959553e-01 6.417629999999999724e-01
-8.451904352786687724e-02 6.382613287088092502e-01 7.651660000000000128e-01
9.320672299483176992e-01 -3.375850832848956151e-01 1.314800000000001245e-01
1.483059285599728772e-01 9.513475417290803149e-01 -2.700800000000000978e-01
-4.595401456463688028e-02 -6.896052185630507925e-01 7.227259999999999796e-01
4.810159766314425211e-01 -1.293109937178565372e-01 -8.671229999999999771e-01
-6.267712007155752385e-01 -2.767276471055178377e-01 7.284089999999999732e-01
-6.229445835396032471e-01 4.851216756790718287e-01 6.136749999999999705e-01
1.506340587639656281e-01 -9.632223757634029715e-01 -2.225129999999999053e-01
-9.825821487498695994e-01 1.353670204927666654e-01 -1.273109999999999797e-01
2.337300223519634887e-02 -9.184000878280192959e-01 3.949620000000000353e-01
6.977294265716327271e-01 -5.410073307562668354e-01 4.695579999999999754e-01
1.818198949762078742e-02 9.396164572536543913e-01 3.417459999999999387e-01
9.442276912456125659e-01 3.065258997686498010e-01 1.203160000000000895e-01
5.974753206317804377e-01 7.063933790820459135e-01 3.795150000000001023e-01
8.481239832790499200e-01 -1.542459969590063984e-01 5.068469999999999365e-01
8.906041774633928210e-01 -4.474380891573196406e-01 -8.138400000000006740e-02
6.230949688968109301e-01 5.658489717543739861e-01 5.399699999999999500e-01
1.574769586472899996e-01 -6.979888167114138842e-01 6.985789999999999500e-01
4.544635362330899930e-01 6.900462958276893932e-01 5.632930000000000437e-01
-6.503769475980447634e-01 7.157219423330893893e-01 2.544639999999999125e-01
3.332678464506287352e-01 2.316125882614331055e-01 9.139410000000000034e-01
-6.815752093029282532e-01 -7.019852155705770258e-01 2.065720000000001166e-01
-3.607059585551570802e-01 -8.725838997407672215e-01 3.293759999999998911e-01
-3.906840484150265191e-01 -7.647850947750256534e-01 5.123180000000001622e-01
-1.588605658911075580e-02 -2.410768587609510571e-01 9.703760000000000163e-01
6.261104298534005963e-01 1.407760966492186960e-01 7.669209999999999638e-01
-3.829516931969171867e-01 -6.126175091993487642e-01 6.914099999999999691e-01
4.916692441547972914e-01 5.180192572397770423e-01 6.999410000000000354e-01
-7.079692029572869361e-01 -8.311090643245214182e-02 7.013359999999999594e-01
9.439297235014452170e-01 1.664669512380315408e-01 2.851060000000000816e-01
2.141899868563303666e-01 9.083759442579294463e-01 3.591320000000000623e-01
2.291639508822256310e-01 -9.111258047141727046e-01 3.425400000000000111e-01
1.967909162197266915e-01 -8.233036494929439897e-01 5.323950000000000626e-01
2.168530473167816497e-01 -1.971899523515986130e-01 9.560809999999999587e-01
4.570943164428644678e-01 -4.956473431328270451e-01 7.385110000000000285e-01
-8.955778478810716425e-01 -2.153429634227879974e-01 3.893169999999999686e-01
6.325839362592571291e-01 7.744789219615626497e-01 -4.468000000000032709e-03
6.530614383145230128e-01 -1.216648953583831655e-01 -7.474680000000001323e-01
-7.819730551431792742e-01 -6.225040438977424984e-01 3.173099999999990511e-02
-8.435173829638696885e-01 -5.178322351001186652e-01 -1.425769999999999815e-01
-3.286228752353639315e-01 8.881276628143289775e-01 3.213040000000000895e-01
5.835501094971209252e-02 8.492501593529782067e-01 5.247560000000001112e-01
7.911505702843369958e-01 -5.404187064700557430e-01 -2.864060000000000494e-01
7.521028552406359147e-01 -1.495699712118445275e-02 6.588760000000000172e-01
-3.673455142888121805e-01 -7.388790230401791337e-02 9.271449999999999969e-01
-7.499417300437889455e-01 -5.627317974336698558e-01 -3.477360000000000451e-01
8.462947636507025528e-01 -5.209398545143205661e-01 1.113859999999999434e-01
2.504329878090024719e-01 9.658589529822954045e-01 6.633099999999998719e-02
-4.154310868085563380e-01 8.680521813883437243e-01 -2.718499999999998695e-01
-5.459936845750279488e-01 -6.260496383260554243e-01 5.567339999999999511e-01
-9.676315986922736645e-01 -9.084005620448927509e-02 2.354510000000001047e-01
-9.656441428112723102e-01 2.523940373271187365e-01 6.187600000000009759e-02
3.493708974425185909e-01 -3.519418966878042898e-01 8.683760000000000367e-01
-5.004129042986507070e-01 7.698158527767464676e-01 3.961950000000000749e-01
3.916589095998524450e-01 -7.897978177040340109e-01 4.720409999999999884e-01
-5.519888445258077647e-01 -7.027398020650169053e-02 8.308849999999999847e-01
-2.242370609577670482e-01 -7.421942017619260756e-01 6.315579999999999528e-01
8.714902451745312195e-01 4.657701310341386125e-02 4.881959999999999633e-01
3.124588390532051507e-01 9.401625157245545594e-01 -1.358819999999998918e-01
-3.281558545292277418e-01 7.863446514151364308e-01 5.234269999999999756e-01
-7.097859585769896729e-01 -6.822129601861459669e-01 -1.754690000000000971e-01
-8.956055176411219509e-01 3.554078085830108535e-01 2.675370000000000248e-01
-6.727930983356724681e-01 -4.641710678434042281e-01 5.761030000000000317e-01
4.548151844066896099e-01 8.903323609889224333e-01 2.124700000000007485e-02
3.033920284604727513e-01 6.416280601895770763e-01 7.044620000000000326e-01
-5.479180931262820353e-01 -7.501461274977422322e-01 3.702250000000000263e-01
5.432092689037424371e-01 -2.962396012960819558e-01 7.855990000000000473e-01
-6.387118429368954242e-01 -3.676619095897131206e-01 -6.759230000000001626e-01
5.837600466206562810e-01 -7.897020630677427100e-01 1.886660000000000281e-01
-2.904681814417996999e-01 1.201534887087915004e-01 9.493110000000000159e-01
-4.568692134766403345e-01 -2.619981224212035165e-01 8.500750000000000250e-01
-3.388639445271386386e-01 -4.337529289935784238e-01 8.348830000000000418e-01
-1.971070586497968014e-01 -5.737471707201923232e-01 7.949610000000000287e-01
5.343901301923486002e-01 -6.204961511701783117e-01 5.739440000000000097e-01
-4.450299164040986966e-02 5.461138974161466875e-01 -8.365280000000000493e-01
-9.004281279796455539e-01 -4.327590615089083603e-01 4.414499999999994123e-02
3.568788355757714914e-01 9.078085817467697050e-01 2.202749999999999986e-01
6.740132054868465394e-02 -4.954570580073936609e-02 9.964950000000000196e-01
-4.822829767892708452e-01 8.551819588428416496e-01 1.899129999999999985e-01
1.759306668768688131e-01 3.754042891753637812e-01 9.100110000000000143e-01
3.526428786925048797e-01 -6.745387679618297661e-01 6.485680000000000334e-01
-5.466166754937465955e-01 -8.124645176696421167e-01 -2.027599999999999680e-01
-8.697990769216845663e-01 -3.901370345022187602e-01 -3.020639999999999992e-01
-7.763016493189963674e-01 4.311998052128570569e-01 4.598070000000000768e-01
6.154909239166324042e-01 -7.864119027883863522e-01 -5.222299999999990838e-02
3.411333140921086193e-01 4.554604193566491599e-01 8.223040000000000349e-01
7.563296205789519222e-01 1.996438998464483416e-01 6.229829999999999535e-01
-5.196385477540571562e-01 -4.556134802648560411e-01 7.227670000000000483e-01
-5.718275621902785266e-01 3.196893143014373218e-01 7.555209999999999981e-01
-7.559687004527292364e-01 -4.149198355909389235e-01 -5.063129999999999020e-01
7.991690586599664581e-01 -1.044160076642600826e-01 -5.919680000000001607e-01
-8.664541672087745505e-01 2.380390459368984801e-01 4.388560000000000239e-01
-1.916819726835269355e-01 -8.671788764189033438e-01 4.596290000000000653e-01
-2.704060441936601555e-01 9.545481560060425918e-01 -1.253730000000000122e-01
-1.123600295239475522e-02 -8.210602157434336856e-01 5.707309999999999883e-01
-4.372992335286608745e-02 4.746011681481120403e-01 8.791139999999999510e-01
7.754402163632967415e-01 -6.231351738671502272e-01 -1.019560000000000605e-01
-8.175043035712348249e-01 -5.305221970035848278e-01 2.241269999999999374e-01
-7.241902295339890105e-02 9.773823097838812979e-01 -1.986939999999999262e-01
4.705374486060208139e-01 7.245791509101294492e-02 8.793999999999999595e-01
7.362099590793219628e-02 9.850349452489106650e-01 1.558399999999999508e-01
-1.076199330932569309e-01 -4.155937416275693463e-01 9.031609999999999916e-01
-4.575368585819440947e-01 8.879697255413419033e-01 -4.658100000000008067e-02
5.123341239768660627e-01 8.400572032807392953e-01 -1.783750000000001168e-01
-8.412447001035931737e-02 1.052893366703206851e-01 9.908770000000000078e-01
4.168120367416009997e-01 8.167820719985952049e-01 3.989170000000000771e-01
-9.123048775450598447e-01 2.477869667405720455e-01 -3.260390000000000787e-01
2.613620650977186988e-01 7.943591978518633745e-01 5.483460000000000001e-01
9.487012052909128412e-01 -4.309000932431338721e-02 3.132239999999999469e-01
-4.481290730604525763e-01 5.033950820707128182e-01 7.387650000000000050e-01
-9.168287900107026100e-01 -3.310859241685020216e-01 2.231749999999999845e-01
3.116979873950852520e-01 -9.456549617581738731e-01 -9.263400000000006351e-02
2.889191242330226284e-01 2.938001263318163695e-03 9.573490000000000055e-01
-7.251237079350320025e-01 6.831217248525700558e-01 -8.683500000000002328e-02
-9.154896591354146906e-01 3.005998880775383880e-02 4.012169999999999348e-01
1.467955806329232504e-01 1.494416091242424249e-01 9.778130000000000432e-01
4.251395772867540557e-01 -1.498278510272375574e-01 8.926410000000000178e-01
