-2.130829487963162572e-01 -7.319608241103252588e-01 6.471700000000000230e-01
8.817757431520650835e-01 -3.551498965502076777e-01 3.103870000000000240e-01
-7.465929440654309746e-01 -4.543009659638778674e-01 4.860139999999999461e-01
2.430219625542038575e-01 -9.562678526544240443e-01 1.627640000000000753e-01
5.865990736724214782e-01 4.056730509494770320e-01 7.009499999999999620e-01
-6.617000448532529555e-01 -3.597270243840503534e-01 6.578370000000000051e-01
8.672728860024204733e-01 4.968369346939020548e-01 3.147700000000006743e-02
9.588285662022462130e-01 -1.965539110741501283e-01 2.049740000000000728e-01
-3.494270512455918687e-01 -7.863421153218301818e-01 5.094769999999999577e-01
1.377920086019042423e-01 8.838050551730582960e-01 4.471039999999999459e-01
1.320599577343847982e-02 -9.022247112441732497e-01 4.310640000000001137e-01
-6.528598777361353800e-02 -6.506338781530082160e-01 7.565800000000000303e-01
9.224978493534095048e-01 1.877319693428216585e-01 3.372749999999999915e-01
8.220132860312754364e-01 -5.315711849677938750e-01 2.042700000000000904e-01
-8.255621783931961222e-01 -5.797701252807468258e-02 5.613249999999999629e-01
9.490580538216699669e-01 3.150280178654339958e-01 -6.793999999999934640e-03
9.579514179306071187e-01 -3.668001600258746081e-03 2.869069999999999676e-01
3.951400221820367542e-01 -8.789860493437763322e-01 2.669229999999999103e-01
-1.215449715203359704e-01 -9.870857687121826762e-01 1.043479999999999824e-01
-4.708179934284899559e-01 -4.720739934109590696e-01 7.453030000000000488e-01
7.463720929417865246e-01 5.353320666620834389e-01 3.954090000000000105e-01
6.901497747035071351e-01 -6.616417840098207659e-01 2.931270000000000264e-01
2.218108659229083846e-01 1.627361679606889600e-01 9.614139999999999908e-01
5.839940762523045947e-01 6.736910879640738425e-01 4.528700000000000503e-01
7.505324433307171139e-01 3.682327268820956290e-01 5.487309999999999688e-01
-7.893108551165024522e-01 -5.395239009666353835e-01 2.930909999999999349e-01
-5.562326163194255546e-01 1.076479257461414180e-01 8.240250000000000075e-01
6.240874118730805886e-01 -6.146664056555880551e-01 4.823899999999999855e-01
4.063629347330904862e-01 8.930218565696530497e-01 1.933419999999999583e-01
1.526750277463675698e-01 9.427631713328888940e-01 -2.964589999999998615e-01
-9.929877206553707758e-01 6.203698254792320427e-02 1.006319999999999576e-01
9.010401297889907291e-01 -1.705720245697946169e-01 3.987879999999999758e-01
-4.999640322989614694e-01 3.146426496572943821e-01 8.068680000000000296e-01
4.125446650286954120e-01 7.408123984872023726e-01 5.300979999999999581e-01
6.353638661916435337e-01 7.705488377215340412e-01 -5.066799999999992143e-02
1.861296490180317648e-02 5.284040035962673798e-01 8.487890000000000157e-01
-5.957327444331003141e-01 -5.296797727695540248e-01 6.037730000000000041e-01
-1.858501701852292853e-01 7.751897098505121653e-01 6.037719999999999754e-01
-9.077785052147570033e-01 5.760103205725993630e-02 4.154760000000000675e-01
-8.642290897529889548e-01 -3.571600370922258794e-01 3.543230000000000546e-01
-8.016409960849173177e-02 3.806594729912284869e-01 9.212339999999999973e-01
8.515087014321848224e-01 3.677988710372481762e-01 3.737069999999999004e-01
-6.632256681449700819e-01 -6.230286882581395069e-01 4.146889999999999743e-01
1.167104187257495262e-01 -6.300860644409344603e-03 9.931459999999999733e-01
-3.887208295846504846e-01 1.873233997743504464e-01 9.021120000000000250e-01
3.417429801832962966e-01 -8.220449523319507401e-01 4.554710000000000703e-01
-5.348454910995593670e-01 -2.950612709277025680e-01 7.917570000000000441e-01
-9.653173404874062502e-01 -4.700001657787873655e-02 2.568139999999999312e-01
-7.804218753912092188e-01 -6.160579016349582160e-01 1.068379999999999053e-01
2.255209115657193508e-01 9.427206303277588795e-01 2.458010000000000472e-01
-1.038809643607451066e-01 -4.865728330676524216e-01 8.674420000000000464e-01
-2.245687019465475998e-01 -1.360084251288966040e-01 9.649199999999999999e-01
5.080088229745163275e-01 2.736584433267983951e-01 8.167240000000000055e-01
3.637895632433573168e-01 -2.272987271108383167e-01 9.033229999999999871e-01
-9.030708964660505433e-02 6.656486607802648559e-01 7.407810000000000228e-01
-2.734330222346275097e-01 -9.608290781312968099e-01 -4.518699999999999106e-02
-1.704295948364424884e-01 -3.155601013735512272e-01 9.334750000000000547e-01
-5.606773588952992382e-01 6.984854471076630267e-01 4.447010000000000129e-01
-6.588732090000170016e-01 5.416091718028970270e-01 5.220589999999999398e-01
2.247029842795928711e-01 -3.903669726896028536e-01 8.928169999999999717e-01
-2.567777243326625491e-01 -5.704643875699334510e-01 7.801510000000000389e-01
2.968299569110482636e-02 7.837948862213900414e-01 6.203100000000000280e-01
-7.436632770915383439e-01 -6.633102471517186016e-01 -8.357300000000010554e-02
4.908962619618392198e-01 -5.677691463872736044e-02 8.693659999999999721e-01
5.786808692506935081e-01 -7.960578201357373374e-01 1.772579999999999434e-01
8.310133363003977536e-01 1.995420807521109674e-01 5.192299999999999693e-01
4.116242197500012967e-01 4.642402478396317478e-01 7.842489999999999739e-01
4.119069039723743941e-01 1.273006612704468687e-01 9.022900000000000365e-01
8.050762809605801484e-01 -1.277288859212397654e-01 5.792559999999999931e-01
-5.753508190515195242e-01 -1.048219670333733200e-01 8.111620000000000497e-01
6.633681714667926110e-01 -8.716602253059303751e-02 7.431990000000000540e-01
-1.970350269075976102e-01 5.234160714790120350e-01 8.289830000000000254e-01
8.209618943720099482e-01 5.276249321138272164e-01 2.182509999999999173e-01
4.045098588920799376e-02 -9.692536618886673505e-01 2.427159999999999040e-01
9.167554356125968695e-01 3.526727828820332977e-01 1.875669999999999282e-01
4.046002302221149427e-02 9.565685442983383746e-01 2.886859999999998871e-01
1.158299493139623160e-01 -9.840565693866002439e-01 -1.349670000000000314e-01
8.263401838336268401e-01 -5.250551168075670017e-01 -2.036640000000000950e-01
5.659101695713443236e-01 -4.086171224394938850e-01 7.160849999999999715e-01
6.877151562040622057e-01 2.348790533492128851e-01 6.869349999999999623e-01
3.458905015468363014e-02 -3.557995159150680320e-01 9.339220000000000299e-01
-9.462738945898971910e-01 -2.453969726640245486e-01 2.105850000000000222e-01
8.055655995256145729e-01 -3.209288404552277929e-01 4.980650000000000355e-01
-3.935650369163116169e-01 -6.348960595531069062e-01 6.648410000000000153e-01
-8.434128968109684266e-01 5.372659342671288751e-01 -3.699999999999905621e-05
5.057650345652427992e-01 7.968700544600850755e-01 3.304539999999999700e-01
-7.023125611108118616e-01 2.771498268035212098e-02 7.113289999999999891e-01
-2.272396419208072560e-02 -1.700117320992793890e-01 9.851799999999999446e-01
2.007120243978912644e-01 -9.134151110317260125e-01 3.541010000000001101e-01
-5.998897646132249628e-01 7.646196999759353741e-01 2.355610000000000759e-01
-9.240417607874987782e-01 3.712479038927207209e-01 9.122400000000011056e-02
-1.750676674249334042e-01 2.021077705121526180e-01 -9.635890000000000288e-01
-7.315560529175749727e-01 6.719970486093360673e-01 1.150899999999999562e-01
6.978912747523191573e-01 -2.682167212695413805e-01 6.640840000000000076e-01
-1.476569627491867431e-01 9.358647639005783780e-01 3.199290000000000744e-01
1.622310050165082784e-01 -8.223080254274147682e-01 5.454269999999999952e-01
8.824758321192697208e-01 1.996099620265337840e-02 4.699340000000000739e-01
7.607617413142524487e-01 5.648098079448012759e-02 6.465689999999999493e-01
5.401059522665531132e-01 -2.364689791013607489e-01 8.076929999999999943e-01
1.224849705169884367e-01 -6.921208334015473973e-01 7.113129999999999731e-01
3.263300317024582786e-01 8.576690833212262666e-01 3.973819999999999575e-01
-2.834648987658278663e-01 9.584856576948238560e-01 3.086899999999995550e-02
2.275969289560873521e-01 7.775457572906933068e-01 5.861929999999999641e-01
5.292059234325192651e-01 -7.661848891455211863e-01 3.645570000000000199e-01
-4.059352073900123203e-01 4.894422500532903952e-01 7.717920000000000336e-01
-6.064559875804861333e-01 7.948609837221708441e-01 2.017799999999994598e-02
-7.069081014686785513e-01 6.259810898525197675e-01 3.292849999999999944e-01
9.950260154208322438e-01 -2.708700041979212811e-02 9.586199999999998889e-02
5.861441925204049497e-01 7.980812621316217825e-01 1.396470000000000211e-01
-9.534618970899648716e-01 1.755219810553799997e-01 2.451579999999999870e-01
-5.912101252279482189e-02 8.757571854996564209e-01 4.791180000000000438e-01
9.751362788282200711e-01 1.658390474196349551e-01 1.469919999999999838e-01
-6.638120545056642730e-01 2.344800192531741878e-01 7.101920000000000455e-01
3.214604838100176831e-01 3.206854850544835767e-01 8.909679999999999822e-01
-6.616407333228159215e-01 -7.116557131640597333e-01 2.361729999999998830e-01
-8.948851293467919854e-01 3.516400508260903446e-01 2.748269999999999325e-01
-3.261677821882544293e-01 -4.036647304365287292e-01 8.547919999999999963e-01
4.029815416982023835e-01 -4.093435344628518213e-01 8.185620000000000118e-01
2.547369928204817890e-02 1.953936933703025181e-01 9.803939999999999877e-01
-1.749842375792500238e-01 2.206850384570927526e-01 9.595200000000000395e-01
1.199119135960598631e-01 6.605615240246218711e-01 7.411339999999999595e-01
1.245768233725024488e-01 3.560364952043768572e-01 9.261310000000000375e-01
-8.868293627770177379e-01 -4.338101774595757854e-01 1.591929999999999179e-01
4.678082710115352705e-01 -6.982204044943099985e-01 5.418889999999999540e-01
6.759827135783230689e-01 -4.614688044703420533e-01 5.745379999999999932e-01
-3.387190767790116963e-01 -8.797171994095455139e-01 3.337169999999999304e-01
-3.137518883111006240e-01 -9.379286661176415851e-01 1.478159999999999474e-01
-7.079126503454888919e-01 -1.722109149410267770e-01 6.849840000000000373e-01
2.224038223336962938e-01 5.029005982600951441e-01 8.352410000000000112e-01
-2.644474691372091235e-01 5.084189793787052131e-02 9.630589999999999984e-01
-9.759369421761766583e-01 2.180509870805774075e-01 -9.229999999999845967e-04
-8.021875523056314350e-01 -2.671198509225771178e-01 5.339869999999999894e-01
-5.124671997650825928e-01 -6.813212655861659028e-01 5.226650000000000462e-01
-2.535098851163992278e-02 -7.937466402961859124e-01 6.077200000000000379e-01
7.291942115494416399e-01 -6.778681966590467400e-01 9.365099999999992875e-02
6.792848409625732442e-01 6.814508404554590060e-01 2.723910000000001053e-01
-4.267358348036831561e-01 -3.079106023513465337e-02 9.038519999999999888e-01
-9.017500632038304431e-01 -1.590670111490365968e-01 4.019260000000000055e-01
-4.958160706866171497e-01 5.997170854993906230e-01 6.280970000000000164e-01
-8.645898181034721297e-01 2.503519473297639575e-01 4.356699999999999462e-01
-2.756029565580171981e-01 8.543978653253293531e-01 4.405080000000000107e-01
-7.918803938398922826e-01 4.567512271641721022e-01 4.053439999999999821e-01
-3.910290033989409220e-01 7.415540064458091551e-01 5.451549999999999452e-01
-3.867277759373246027e-01 -2.238388703120404999e-01 8.946159999999999668e-01
3.099269618514710611e-01 6.379439214762664401e-01 7.049630000000000063e-01
-2.974477127328006287e-01 3.634566489831012603e-01 8.828500000000000236e-01
4.669878429646729945e-01 -8.750747057361456527e-01 -1.271480000000000943e-01
-7.492594487576831330e-02 2.401026414834522144e-02 9.969000000000000083e-01
-7.995312251352754140e-01 1.426858617161688159e-01 5.834300000000000042e-01
3.061588135444042735e-01 -3.741297721490075001e-02 9.512450000000000072e-01
8.181103436685574493e-02 9.924004168836414452e-01 9.191499999999991344e-02
4.844140849566229701e-01 5.928801039794114880e-01 6.433010000000000117e-01
-9.180147369639889421e-01 3.797198911999977167e-01 -1.142879999999999591e-01
-1.726350021587042538e-01 -8.604670107596595896e-01 4.793680000000001273e-01
-5.938757467355821884e-01 4.310018161948445115e-01 6.793740000000000334e-01
6.424140851193893553e-01 5.246800695197196829e-01 5.585830000000000517e-01
5.991006406944384688e-01 9.489010147804252671e-02 7.950310000000000432e-01
-3.006571250813267482e-01 6.444622681133717057e-01 7.030459999999999487e-01
7.447160101227521256e-01 -3.496120047521948937e-01 -5.684800000000000963e-01
3.022542036362411144e-01 -7.066964761191482092e-01 6.397049999999999681e-01
-4.966159762965567381e-01 -8.487249594904214822e-01 1.817650000000001209e-01
-9.902434833363655819e-01 -1.288250628793208841e-01 5.312199999999993316e-02
-3.134729023449467356e-01 9.219847127775142592e-01 2.273299999999999488e-01
-5.138639124990166396e-01 -7.796978672326883020e-01 3.577920000000001099e-01
-4.381539594296275930e-01 8.958709170478413863e-01 -7.373199999999999199e-02
2.848695990562460922e-01 -5.631012074552260716e-01 7.757359999999999811e-01
-7.807597132938266793e-02 9.955206344305342903e-01 -5.331799999999995571e-02
-4.472579915788809091e-01 8.255649844559940220e-01 3.440969999999999307e-01
9.335690107233574064e-02 -5.362194317834538815e-01 8.388999999999999790e-01
7.707842268456048807e-01 -4.992001469170688210e-01 3.958420000000000827e-01
-4.609899461796920783e-01 -8.874008963964621355e-01 -2.814000000000070351e-03
4.719177819954815112e-01 -5.663027383939310822e-01 6.757180000000000408e-01
