-6.547078545817891504e-01 2.136002788097108099e-03 7.558789999999999676e-01
3.984724644854086284e-01 4.687993699717660778e-01 7.883189999999999920e-01
8.056687059518852223e-01 -2.282689166877847897e-01 5.466180000000000483e-01
-4.045314872143185858e-01 -2.560156754735373186e-01 8.779580000000000162e-01
3.225391324190101106e-01 -9.396283857660922001e-01 1.143109999999999127e-01
3.733234067188100358e-01 -9.923010810667309833e-02 9.223789999999999489e-01
9.228168877374752777e-01 -9.870598799221864950e-02 3.723789999999999600e-01
9.191978329154034677e-01 3.926229286320732648e-01 -3.037400000000008149e-02
7.125993047171047534e-02 -6.563553595943031338e-01 7.510790000000000521e-01
6.384810303398622544e-01 7.516080357155237035e-01 1.656120000000000092e-01
6.786753893730358422e-01 1.451758693804110767e-01 7.199470000000000036e-01
5.157702586105441384e-02 9.754644891042051347e-01 2.140299999999999703e-01
-6.127334952118955735e-01 6.698844481292381969e-01 -4.192999999999999505e-01
9.131735804245832977e-01 1.347330856380394015e-01 3.846569999999999157e-01
-9.695350263373063715e-01 1.944910052833253855e-01 -1.489130000000000176e-01
-1.454413510152594846e-01 1.612071722655540329e-01 9.761450000000000404e-01
-5.667787840626300477e-01 2.089259204011951476e-01 7.969389999999999530e-01
1.244670541915475076e-01 9.651204202025146506e-01 -2.303269999999999484e-01
-1.528410673562804745e-01 -8.843683897366486635e-01 4.410580000000000611e-01
-9.854654412731256308e-01 -1.632640731066203055e-01 4.693299999999994698e-02
6.398902536069599190e-02 6.926352745113321108e-01 7.184439999999999715e-01
8.502802636991190210e-01 -5.152961598098287910e-01 -1.072070000000000800e-01
7.826237160833088291e-01 2.602829055757450716e-01 5.654670000000000529e-01
9.186879026963103989e-01 3.144489666948431794e-01 -2.390279999999999905e-01
6.984062967489321760e-01 4.982722117130780060e-01 5.137640000000001095e-01
4.510877914392073529e-01 8.513256063889410585e-01 2.678889999999999327e-01
-9.857714080087502939e-01 -2.475901024770334191e-02 -1.662580000000000724e-01
-7.959059291315462303e-01 -4.553529594548059722e-01 3.989830000000000321e-01
2.364270472714970206e-01 9.059181811303277376e-01 3.513040000000000052e-01
-6.498486147243969224e-01 7.353205640506611518e-01 -1.923550000000000260e-01
8.628518419891036961e-01 -4.082679252353907939e-01 -2.979999999999999316e-01
5.133061283831780175e-01 5.974621494314702463e-01 6.160809999999999897e-01
-1.825180741101832538e-01 -6.430402611019855330e-01 7.437650000000000095e-01
-9.626109706473511274e-01 -7.102399783428334223e-02 2.614110000000000045e-01
5.765272021653308210e-01 7.055452474068660829e-01 4.120950000000000446e-01
6.093141829392012543e-01 3.828281149395033611e-01 6.943909999999999805e-01
4.799088009209900307e-01 2.550618941935024475e-01 8.394230000000000302e-01
1.924110010422453998e-01 -7.953400043081707560e-01 5.748149999999999649e-01
-5.239792290281739540e-01 -8.230613597551768024e-01 2.191249999999998754e-01
-1.415880063493992480e-01 9.887740443407697644e-01 4.773600000000003535e-02
-4.226538810057491879e-01 -6.108388280240362178e-01 6.695069999999999633e-01
-3.863328607623601196e-01 8.468436947903495993e-01 3.655170000000000363e-01
4.745248964991699014e-01 -8.342358180409494839e-01 2.808499999999999330e-01
-3.079751655940621835e-01 5.799623118378556264e-01 7.541849999999999943e-01
-3.055011227284348818e-01 -4.636601862654003980e-01 8.316780000000000284e-01
-5.525157756623703120e-01 8.034276737847716454e-01 2.218789999999999374e-01
1.820067411187886730e-01 -4.935772979496912960e-01 8.504439999999999777e-01
-9.440571461268798537e-01 1.734530268481095927e-01 2.804820000000000091e-01
-4.501109442075589828e-01 4.036169499706123154e-01 7.965510000000000090e-01
6.922635242293044833e-01 -1.098760832056877995e-01 7.132309999999999484e-01
-5.287036908008651004e-01 -4.269305578247396538e-01 7.336230000000000251e-01
2.845271770702118008e-01 -3.060291904515911043e-01 9.085100000000000398e-01
-3.780649113935831140e-01 7.218288308262300612e-01 5.796810000000000018e-01
6.400123535784342232e-01 -3.573321974101876797e-01 6.802190000000000181e-01
3.004611800716904813e-01 6.587603948067364268e-01 6.897520000000000318e-01
-1.407629687963348197e-01 7.322318376823300223e-01 6.663499999999999979e-01
-1.039380405824757575e-01 9.776883817371849750e-01 -1.825439999999999285e-01
-5.009429736689102741e-01 -7.338699614255577153e-01 4.587930000000001174e-01
-3.621188619328827296e-01 9.232676479804943215e-01 1.282449999999999979e-01
-7.275585393448427141e-01 6.258166037629544487e-01 2.810909999999998687e-01
-6.774319576182643576e-01 -6.589589587739786980e-01 3.268929999999999891e-01
7.284478660696543928e-01 -4.603489153615624163e-01 5.073880000000000612e-01
8.521855720583280946e-02 1.401652717036431239e-01 9.864540000000000530e-01
-1.785839351877578363e-01 9.449986570381223583e-01 2.740169999999999551e-01
3.790721227548711769e-01 7.797802525161275922e-01 4.982439999999999647e-01
6.495496707881917575e-02 -9.105195385206127368e-01 4.083319999999999173e-01
-5.683587539852078541e-01 6.950436991494721717e-01 4.403210000000000179e-01
-7.838073561178169335e-01 -1.157830526052832792e-01 6.101149999999999629e-01
-9.955382031452111313e-01 6.995901427553340157e-02 6.331999999999989026e-02
8.481194612111152553e-01 3.649411984566383049e-01 3.840719999999999690e-01
-2.768458747457840374e-01 8.933365958250235606e-01 -3.539860000000000229e-01
-8.775788750542040662e-02 5.483642970659067251e-01 8.316219999999999724e-01
9.535841187770621730e-01 2.439320303838218296e-01 1.765629999999999145e-01
-2.953278426459862716e-01 -7.653965921880417911e-01 5.717950000000000532e-01
2.853291373925220809e-01 9.503694576246856096e-01 1.240370000000000361e-01
-7.913002781292362009e-01 -6.096552142839372079e-01 -4.652300000000002267e-02
-4.745320597989347577e-01 -2.657400334876650755e-02 8.798369999999999802e-01
1.587650519507240454e-01 5.211371705252696440e-01 8.385759999999999881e-01
-6.083331790405186457e-01 -2.206320649349414742e-01 7.623990000000000489e-01
-7.635177887651911632e-01 1.461009595797127802e-01 6.290430000000000188e-01
-6.276081390241053937e-01 -5.559141231428637031e-01 5.450390000000000512e-01
6.737121286943339449e-01 7.335931401329685020e-01 -8.917999999999996763e-02
3.227669949079295386e-01 9.402529851662820848e-01 -1.083780000000000299e-01
-5.895722817378729746e-02 -7.207750149016034502e-02 9.956549999999999567e-01
-4.270498735054902018e-02 -7.881997665309152801e-01 6.139360000000000372e-01
-5.342617908273630256e-01 5.568697819759473866e-01 6.359719999999999818e-01
-6.647269629176308925e-01 3.629629797517958667e-01 6.529899999999999594e-01
8.191320868737334004e-01 5.437460576674394419e-01 -1.826550000000000118e-01
1.592444160427906319e-01 -8.791412554413885472e-02 9.833169999999999966e-01
-8.882547369716914387e-01 3.301799022277524670e-02 4.581629999999999314e-01
-3.662582812364024165e-01 1.846221417646225493e-01 9.120139999999999914e-01
-5.209449954613141198e-01 8.530919925675140014e-01 -2.916100000000006534e-02
-7.243928040729268325e-01 -3.479879058794461688e-01 5.951130000000000031e-01
5.540999304937651963e-03 9.005968870292094808e-01 4.346200000000000618e-01
-2.731906239805309555e-01 -5.158130662486323792e-02 9.605759999999999854e-01
4.135080795444729951e-01 -7.553231452977207105e-01 5.084270000000000733e-01
7.817367786569054955e-01 -5.416228466434224176e-01 3.090829999999999411e-01
5.201453791187014009e-01 -2.362761722147675991e-01 8.207449999999999468e-01
9.505824851054924807e-01 -2.989568380664105463e-01 -8.377200000000006863e-02
5.076790369926762608e-02 -2.993684321333527909e-01 9.527860000000000218e-01
-3.483100525863619401e-01 -8.743501320056432657e-01 3.379229999999999179e-01
1.528280101658967549e-01 8.125900540523077753e-01 5.624419999999999975e-01
3.140086859977176958e-01 -6.403203596926984043e-01 7.009910000000000307e-01
-9.070701077365914133e-02 -9.958321182792345683e-01 9.520000000000044052e-03
-8.335778700256998297e-01 2.832609558329871047e-01 4.742480000000000584e-01
-6.444402764751697155e-02 -4.863882086683084527e-01 8.713629999999999987e-01
5.368164391968148763e-01 -5.738914695297817614e-01 6.184469999999999690e-01
-1.817657412225658631e-01 -2.820295984782646426e-01 9.420300000000000340e-01
-2.356336725972606461e-01 3.784334741831475446e-01 8.951339999999999852e-01
2.436468122739854913e-01 3.277047475086761197e-01 9.128230000000000510e-01
8.243612857792916859e-01 1.567300543332209722e-02 5.658469999999999889e-01
7.425169786528078575e-01 5.958239828701977769e-01 3.060429999999999540e-01
4.255736522136420175e-01 -4.522886303816867071e-01 7.837870000000000115e-01
-4.967899746915523385e-01 -8.675149558053548704e-01 -2.485000000000010811e-02
9.057307188519323482e-01 -4.051728742302007080e-01 1.244460000000000982e-01
8.715994814633227783e-01 4.548967293703776726e-01 1.827109999999999845e-01
-6.904940427430964478e-01 7.201800445807249318e-01 6.751799999999989754e-02
-1.953471090609198713e-01 8.475934732054872800e-01 4.933810000000000695e-01
8.786078464013863387e-01 -3.269839428365220457e-01 3.480370000000000963e-01
-7.192057836898789747e-01 5.040428484028188771e-01 4.782089999999999397e-01
-8.728114405353291083e-01 -2.213191117067021818e-01 4.349919999999999343e-01
-7.953877316449500245e-01 5.990967978713463982e-01 -9.187699999999993095e-02
1.765004185947268356e-03 3.543848404718006884e-01 9.350979999999999848e-01
5.407153769592289994e-01 2.393601668697207391e-02 8.408649999999999736e-01
3.162660675680079581e-01 1.186224004143747734e-01 9.412249999999999783e-01
