-6.320829670065742922e-01 -1.008049947381874645e-01 7.683159999999999989e-01
-3.263182202773646234e-01 3.157862454430423460e-01 8.909519999999999662e-01
-1.645250189645940664e-01 5.957200686679104962e-01 7.861609999999999987e-01
-7.948357767403885221e-01 6.042678302685848823e-01 -5.564599999999999408e-02
-9.490156766453647919e-01 -3.109288940583369576e-01 5.188900000000009477e-02
3.327311397753251465e-01 7.916803325729476759e-01 5.123790000000000289e-01
2.147541854804855266e-01 1.453361255249813466e-01 9.657940000000000413e-01
-6.520710478433726642e-01 -4.492120329593208283e-01 6.107470000000000399e-01
-8.208258451504940600e-01 1.026549806340490978e-01 5.618779999999999886e-01
-3.994028633220964575e-01 6.704980918004383589e-03 9.167509999999999826e-01
-8.446101540342541014e-01 -4.139210754881100240e-01 3.395630000000000037e-01
8.523032238380644499e-01 4.361931145562045753e-01 2.886429999999999829e-01
2.209169927365405295e-01 -9.456819689072236690e-01 2.384979999999999878e-01
-1.060276383314422699e-01 7.575902705854119235e-02 9.914730000000000487e-01
-4.451360954381787249e-01 -6.629101421294236740e-01 6.019999999999999796e-01
5.246533664828382237e-01 2.560731788731977487e-01 8.118900000000000006e-01
-9.546197838684792325e-01 1.285099709045886551e-01 -2.686749999999999416e-01
-7.442742695618044246e-01 3.958671433754543112e-01 5.379080000000000528e-01
4.709980582296124929e-01 8.526561054140963103e-01 2.261379999999999502e-01
4.697854065941622914e-01 5.581454830688479252e-01 6.839410000000000212e-01
-1.685739156283391216e-01 -7.975136008424744682e-01 5.792709999999999804e-01
6.492305690800409534e-01 -4.974216698416004112e-01 5.753880000000000106e-01
-2.337004707825975081e-02 3.719887493601923278e-01 9.279429999999999623e-01
-6.040087514761361964e-01 6.535677310847278765e-01 4.560949999999999172e-01
-9.820701343522340865e-02 -9.498901299498452300e-01 2.967559999999999643e-01
-8.540935753313095846e-01 4.143867939604019002e-01 -3.143369999999999775e-01
-4.544829959098046768e-01 -3.495419968542385347e-01 8.193080000000000362e-01
-4.095440159715942885e-01 8.522900332380159982e-01 3.253849999999999798e-01
1.406851248466214621e-01 6.564025825039772055e-01 7.411769999999999747e-01
-9.275257302319839248e-01 2.271259339411182132e-01 2.968329999999999580e-01
3.265360701839862267e-01 -3.707870796950710202e-01 8.694199999999999706e-01
7.170477123127954044e-01 6.765847285469768213e-01 1.675580000000000125e-01
-8.139725292390508349e-01 -5.752883740483397679e-01 8.057300000000007512e-02
8.953701201595851145e-02 -6.639210890988882507e-01 7.424230000000000551e-01
-3.041660035901482817e-01 -9.518070112344192424e-01 3.932500000000000578e-02
-8.189312569763366190e-01 5.161091619523504592e-01 2.509640000000000759e-01
-1.171959821326902795e-01 9.459188557883568826e-01 3.024939999999999851e-01
5.224279258186151909e-01 -8.412228805517949493e-01 1.393310000000000937e-01
1.855819447703604130e-01 9.445517188991033875e-01 2.708899999999999642e-01
-9.418877083144663320e-01 3.358898959809937246e-01 -5.051999999999893382e-03
-2.295411871986199892e-01 -5.596324563992407519e-01 7.963179999999999703e-01
-3.905439859433762484e-01 -8.538929692663244087e-01 3.440089999999999537e-01
-6.313298121986374856e-01 7.623847732137841726e-01 1.420990000000000308e-01
-2.047845552088691790e-01 -2.325974947992897890e-01 9.507689999999999753e-01
-7.234903125915234101e-01 -3.701056483522234264e-01 -5.827380000000000893e-01
6.233170100577033468e-01 6.423270103644443951e-01 4.459729999999998973e-01
-6.024188150915501527e-01 2.225039317038975395e-01 7.665399999999999991e-01
-3.147939548670712906e-01 9.477078641243557033e-01 5.248400000000006532e-02
8.147656491074778407e-01 -2.025529127671834018e-01 5.432580000000000187e-01
1.869999285828983756e-04 9.999966180917947423e-01 2.594000000000094060e-03
6.702389602835083782e-01 -6.640659606493031220e-01 3.313550000000000662e-01
5.917595892242576427e-01 -2.734768101633809900e-01 7.583079999999999821e-01
-5.772937075484224634e-01 -8.118035887479165824e-01 8.778900000000003367e-02
2.717953566421270062e-01 4.210085524354332809e-01 8.653779999999999806e-01
6.956031939073749060e-01 3.366500938450779634e-02 7.176369999999999694e-01
-4.786696003856115156e-01 5.188755668199063198e-01 7.082680000000000087e-01
-2.940519547531234013e-01 7.591618831849153981e-01 5.806949999999999612e-01
4.343383063425338975e-01 -5.115603608079114656e-02 8.992959999999999843e-01
-8.096625786932798441e-01 -1.985058967077515946e-01 5.523059999999999636e-01
4.203252357162968189e-01 -7.864844410565535737e-01 4.525139999999999163e-01
6.538470158409512845e-01 6.665970161498495639e-01 -3.579559999999999409e-01
9.988635724807076732e-01 -3.294198590064260218e-02 -3.444400000000009260e-02
1.231692927165165680e-01 -1.462025344606345534e-01 9.815570000000000128e-01
-8.672069057800019243e-01 -1.216089867874683705e-01 -4.828700000000001880e-01
1.294239229963614901e-01 -8.485694951247256812e-01 5.130099999999999660e-01
2.591208370945289816e-02 -4.267803787216959965e-01 9.039840000000000098e-01
9.629436546694537524e-01 1.749709372519782924e-01 2.052429999999999810e-01
-9.490789445280678471e-01 -9.574099440411354411e-02 3.001380000000000714e-01
1.028099878103927445e-02 8.358399008991281853e-01 5.488769999999999483e-01
3.868628912051326196e-01 -6.074738291641917920e-01 6.937670000000000226e-01
