1.327231171340888527e-01 7.398796529768951746e-01 -6.595170000000001309e-01
-9.182782771229581753e-01 -3.799291146570521471e-01 1.114399999999999974e-01
-9.654257128068165494e-01 1.533029543957002416e-01 2.108350000000000224e-01
6.086071131717504246e-01 -7.844691458736589018e-01 1.191870000000000707e-01
6.391501211602216292e-01 4.376090829551803063e-01 6.324440000000000062e-01
7.895416927962091158e-01 2.093339185499968613e-01 -5.768909999999999316e-01
1.350075928403662584e-01 -3.625389066451348841e-01 9.221380000000000132e-01
3.442753690489809282e-01 9.347382869117930315e-02 9.342040000000000344e-01
6.823488528224640470e-01 7.064698476197461829e-01 1.878839999999999399e-01
1.416708835829875723e-01 5.504725476532101869e-01 8.227449999999999486e-01
6.995765771862310078e-01 -1.677418986192695805e-01 6.945900000000000407e-01
-5.913563790021940658e-01 -6.904524425131780552e-01 4.166210000000000746e-01
9.351682051833939413e-01 1.362070298849132333e-01 3.269679999999999254e-01
6.448191579786741734e-01 -2.485470608932514869e-01 -7.227949999999999653e-01
-7.270419981141388321e-01 6.006749984419198496e-01 3.325650000000000550e-01
-1.561720621064491832e-01 9.405763740480723722e-01 -3.015400000000000857e-01
-1.961818074821608249e-01 1.493893763693803223e-01 9.691210000000000102e-01
2.933670988213936126e-01 9.527543209375219924e-01 -7.870800000000005570e-02
4.674150626290397570e-01 -6.287580842474241871e-01 6.214389999999999636e-01
2.426269525216309397e-01 8.629588311322077265e-01 4.432090000000000751e-01
-3.219421800191096805e-01 6.681613736130989079e-01 6.707560000000000189e-01
2.297279854743674021e-01 -9.437259403284879999e-01 -2.379209999999999936e-01
-3.919986534245611387e-01 -3.217167155625129671e-01 8.618789999999999507e-01
8.876859626232784795e-01 -3.877989836714161864e-01 2.482449999999999657e-01
