2.344300364365355105e-01 -6.680041038252418906e-01 7.062669999999999781e-01
1.788539768320216161e-01 -3.423079556588930483e-01 9.224080000000000057e-01
1.754439172597866692e-01 -7.971416240640939455e-01 5.777409999999999490e-01
-4.074739444322392767e-01 -7.732098945563439241e-01 4.859130000000000393e-01
8.211317604273631332e-01 5.665598347010308844e-01 6.893899999999988926e-02
3.757293219850248445e-01 -7.174086147905345268e-01 5.866449999999999720e-01
-5.228396059085926861e-01 -6.295355254863284067e-01 5.747379999999999711e-01
-2.110028861799593536e-01 4.480507583106260183e-01 8.687510000000000510e-01
-1.279458490482117683e-01 8.202990322030244419e-02 9.883830000000000116e-01
6.103796755462777002e-01 -1.386219263140602564e-01 7.798850000000000504e-01
-6.394677932875462156e-01 7.674877519041954921e-01 4.520499999999989804e-02
-1.635639211712654473e-01 -4.252347950604231652e-01 8.901810000000000000e-01
-2.407161533210003534e-01 7.881655020116908883e-01 5.664369999999999683e-01
-6.825240878748145557e-01 6.475820833760399520e-01 3.388190000000000368e-01
-9.161889167509317256e-01 3.471619684552935681e-01 2.001910000000000356e-01
3.652079366283250694e-01 7.419828712495196710e-01 5.622139999999999915e-01
-8.720170352668611402e-01 1.551640062752757399e-01 4.642310000000000048e-01
-7.407642844853657982e-01 -6.041302320120093272e-01 2.937599999999999656e-01
-2.956924126596402469e-01 6.333928839444922243e-01 7.151079999999999659e-01
7.700198842622486828e-02 9.906028511075503085e-01 1.130340000000000233e-01
6.762839119183816639e-01 -4.624369397705707652e-01 5.734040000000000248e-01
-9.650586533035493408e-01 -1.402259496239542658e-01 2.213559999999999695e-01
-3.210321456066099755e-01 1.252544469718199494e-01 9.387489999999999446e-01
-1.276780425249342543e-01 7.085312359861074549e-01 6.940330000000000110e-01
4.874321499966517424e-01 -2.777835155901834385e-01 8.277959999999999763e-01
9.220487606774619982e-01 -3.866468996437918970e-01 1.817299999999991492e-02
-4.596367082350165112e-01 -8.319524718990131129e-01 3.107880000000000087e-01
-5.874891440121371433e-01 7.765231903503503341e-01 2.277459999999999207e-01
1.744109966544054036e-01 7.931069847864266054e-01 5.835770000000000124e-01
9.736242280443776487e-01 -2.181010510841010497e-01 -6.699100000000006438e-02
-8.944256645603810840e-01 -2.280169144860104968e-01 3.847219999999998974e-01
3.742209635319067029e-01 -9.204689102996642669e-01 1.126749999999999419e-01
-9.879717629740282225e-01 4.260598977832526224e-02 1.486490000000000311e-01
-8.576760925664900226e-01 3.370380363755367537e-01 3.883259999999999490e-01
2.528230917425739466e-01 -9.272013364559641424e-01 2.763659999999999450e-01
9.181774625472816087e-01 2.418011218113666483e-01 3.138189999999999036e-01
-8.874058802270884394e-01 -4.175509436432714439e-01 -1.953510000000001079e-01
-8.552841353070553820e-01 -3.456700546854486744e-02 5.170050000000001589e-01
5.467038888763249282e-01 8.144658344507170744e-01 1.943200000000000482e-01
5.682299746094787718e-02 -9.648179568885277835e-01 2.567049999999999055e-01
4.657733792985037091e-01 4.305533506173794267e-01 7.730970000000000342e-01
8.728259218850126233e-01 -4.412129605129225807e-01 2.085809999999999331e-01
3.209917848568115128e-01 -2.147221871499039869e-01 9.224200000000000177e-01
-2.638033808641258027e-01 -5.644278148883672408e-01 7.821949999999999736e-01
-3.363801111498204710e-01 -9.278803065987737408e-01 1.608930000000001193e-01
7.019830066947855274e-01 5.491360052370893863e-01 4.535080000000000222e-01
-7.685453825873054257e-01 1.064350529841193022e-01 6.308799999999999963e-01
-2.522699326600098130e-02 8.180117816430012567e-01 5.746480000000000476e-01
9.773294169157173972e-01 7.228703083668494567e-02 1.990020000000000400e-01
-2.759332266826178270e-01 -6.130127251957427637e-02 9.592199999999999616e-01
8.300776688861161157e-01 3.789098488547320426e-02 5.563590000000000479e-01
-5.129366966717604504e-01 7.574875520551228592e-01 4.038670000000000315e-01
-7.447811210541172011e-01 -6.627781077256341691e-01 7.762899999999994805e-02
-3.577633699655051180e-01 3.069194595035075190e-01 8.819329999999999670e-01
6.252642913613741804e-01 3.389071579243475019e-01 7.029840000000000533e-01
3.777538525536001668e-01 8.908866522655465303e-01 2.522360000000001268e-01
-5.839472147771849198e-01 -7.062282597524459637e-01 4.003089999999999704e-01
2.772158644310416253e-01 9.552805328319792233e-01 1.029100000000000292e-01
-4.611360451057919807e-01 -9.738979833076319773e-03 8.872759999999999536e-01
1.158419379242238006e-01 -8.969835193368718151e-01 4.266160000000000507e-01
1.242455778802790956e-01 -1.593657412281434260e-01 9.793699999999999628e-01
-4.169882059130430307e-01 7.098103505116148959e-01 5.677060000000000439e-01
9.201858774786769724e-01 5.875199217726332496e-02 3.870480000000000032e-01
-6.765168005495936221e-01 -2.764129185080563267e-01 6.825839999999999685e-01
2.797861264582244822e-01 8.597923886104726909e-01 4.271730000000000804e-01
-9.929078874653692877e-01 9.162398961547996157e-02 -7.575599999999992062e-02
7.089378448761495255e-01 1.233999729986499060e-02 7.051629999999999843e-01
7.742897206930031417e-02 8.972376763423900448e-01 4.347060000000000368e-01
-2.215371026373332275e-01 -8.183513791392154069e-01 5.303039999999999976e-01
-7.032186370534360131e-01 -6.955946409883473347e-01 -1.470769999999999300e-01
7.057101789305795236e-01 -6.998561774463161189e-01 1.103380000000000333e-01
-9.359833557562166062e-01 -1.222299158683070978e-02 3.518319999999999226e-01
1.791250261670478683e-01 9.440231379053453109e-01 2.770099999999999785e-01
-4.394388109759086447e-01 -8.972776140370825049e-01 -4.226600000000009516e-02
-7.578985274447257448e-01 -3.853217597490652402e-01 5.264189999999998593e-01
-3.730829745958527677e-01 4.852359669590767810e-01 7.907939999999999969e-01
2.912048878524792217e-01 4.931978100618706895e-01 8.197290000000000409e-01
-7.922006401515402363e-01 4.603617908857009500e-01 -4.006059999999999621e-01
-8.548372194608856445e-01 5.063771300013278909e-01 1.132940000000000336e-01
-3.437420010304479412e-01 -6.823600020455358184e-01 6.451559999999999517e-01
-9.433946925570764197e-01 1.750179429633976214e-01 2.817360000000000420e-01
7.792891746591688040e-01 5.642011264522887037e-01 2.727370000000000627e-01
8.783755657144551865e-01 -1.316919348890088493e-01 4.594709999999999628e-01
5.236956857757899542e-01 2.384038569545908759e-01 8.178670000000000107e-01
-2.965898483725700960e-02 9.600005092131063122e-01 2.784229999999999206e-01
-5.989432051428903447e-01 6.148492105908257566e-01 5.130569999999999853e-01
-1.540210180552805119e-01 -7.151950838395177978e-01 6.817429999999999879e-01
6.602598912533246267e-01 -3.016969503096573191e-01 6.877760000000000540e-01
7.419928629240575280e-01 3.779369301798393699e-01 5.537239999999999940e-01
1.658238185864570613e-01 3.617806042070327854e-01 9.173970000000000180e-01
-9.082356380205478530e-01 -4.184158332393844160e-01 6.017999999999933125e-03
-5.802299363764386042e-01 -1.450239840977830819e-01 8.014369999999999550e-01
-3.494367697810861206e-01 -3.896927432593020879e-01 8.520759999999999446e-01
5.321535839572361093e-01 -4.379886575762765855e-01 7.245540000000000314e-01
6.344922280154836614e-01 6.966682503594860965e-01 3.347729999999999317e-01
-9.967648576345493616e-01 -8.034998852381056156e-02 1.922999999999911325e-03
9.651799448987956609e-01 2.523659855926660978e-01 -6.884099999999993003e-02
-3.052488966402531201e-01 9.491076786244583285e-01 7.757399999999989304e-02
7.943569788677460330e-01 -3.099939917532394951e-01 5.223989999999998357e-01
-8.209168442380402331e-01 5.679058922447074442e-01 -5.981999999999993572e-02
3.964219167242396535e-01 1.118949764943892866e-01 9.112240000000000339e-01
-2.808869215330729308e-01 -8.910897510703807978e-01 3.564570000000000793e-01
-5.043587748203808285e-01 -8.539396187440212449e-01 1.280990000000000184e-01
-5.222261343231650033e-01 3.667150943237591498e-01 7.699350000000000360e-01
-6.557404980884466994e-01 2.400038162982328915e-01 7.158229999999999871e-01
-4.460915092844598417e-01 -5.212634265928434152e-01 7.275209999999999733e-01
9.541772286345925336e-01 -1.084000259742058520e-01 2.789179999999999437e-01
2.501298565147894171e-01 6.540776247930293330e-01 7.138750000000000373e-01
1.861339132373099337e-01 -5.350707505872149827e-01 8.240469999999999740e-01
-4.100889598797729518e-01 -2.022189802163136818e-01 8.893450000000000522e-01
-9.523867249002765378e-01 2.619049243479875666e-01 -1.560940000000000660e-01
-1.175089769194415656e-01 9.882968058834076253e-01 9.726800000000002111e-02
-6.831620893919786441e-01 -5.555410726927273446e-01 4.739870000000000472e-01
-1.712925406346999524e-01 2.679328456514982193e-01 9.480880000000000418e-01
-2.289103165081617097e-02 4.056585608932236631e-01 9.137380000000000502e-01
-8.100903456200923003e-01 -2.111440900833348178e-01 5.469659999999999522e-01
-6.417342401033132582e-01 4.349921627512650657e-01 6.316319999999999713e-01
-6.179927556680460121e-01 -7.861606891805356101e-01 -6.027000000000090445e-03
2.133012281163705337e-01 1.707251825831447301e-01 9.619539999999999758e-01
-8.150796876019285320e-02 -9.066906524899148723e-01 4.138459999999999361e-01
3.487931426217598108e-01 3.064081252904966024e-01 8.856960000000000388e-01
-3.376760313764049504e-01 8.454500785580902900e-01 4.137499999999999512e-01
-6.966001951778658108e-02 -5.881051647790397352e-01 8.057790000000000230e-01
7.227540453863191550e-01 1.905610119665368529e-01 6.643139999999999601e-01
-6.120653818748794661e-01 -4.619322882050547197e-01 6.418679999999999941e-01
2.658204644042805875e-01 -2.547104449944109436e-02 9.636860000000000426e-01
3.206298520495910048e-02 -4.593837880234201143e-01 8.876589999999999758e-01
3.883058516715994224e-01 -5.607697857923461537e-01 7.312699999999999756e-01
5.737750440902580351e-01 6.524500501358351801e-02 8.164099999999999691e-01
-5.021468934975266141e-01 1.800229618181632685e-01 8.458369999999999500e-01
-2.302140808268915984e-01 9.371983290451544324e-01 2.620319999999999316e-01
8.915030919788046182e-01 -2.942270303562048994e-01 3.444599999999999329e-01
-1.394199279966184535e-01 -9.610665036574824738e-01 2.385649999999999993e-01
5.962659678383309680e-01 5.102579724774698455e-01 6.197610000000000063e-01
2.225376061499927810e-02 2.214666176706783229e-01 9.749139999999999473e-01
-9.123595121649229200e-02 5.740066930808574996e-01 8.137520000000000309e-01
9.597719921289222800e-01 2.518219979348110260e-01 1.241909999999999403e-01
-1.363950066442143061e-01 8.923170434674687623e-01 4.303100000000000813e-01
6.599615869451175287e-01 -6.092466186864576860e-01 4.396240000000000703e-01
5.115601742258531204e-02 -6.931912360852956478e-01 7.189360000000000195e-01
-6.276810472734926094e-01 4.973900374606893271e-02 7.768800000000000150e-01
7.664263245067385322e-01 -1.501140635586534489e-01 6.245450000000000168e-01
-7.703496802773310836e-01 2.995698756677874774e-01 5.628670000000000062e-01
-2.483809761268632177e-02 -2.865141259885499725e-01 9.577539999999999942e-01
7.105275889314967286e-02 3.066775917265374130e-02 9.970010000000000261e-01
-4.946218403007082709e-01 5.597378192766151450e-01 6.648629999999999818e-01
-5.220580069691332925e-01 -3.393410045299806721e-01 7.824980000000000269e-01
4.689687602032560632e-01 7.924075948200023367e-01 3.900750000000000051e-01
5.038959461370339232e-01 -7.393299209707824282e-01 4.466319999999999180e-01
-8.086513153524058639e-01 5.081371981599298593e-01 2.964449999999999030e-01
8.307562660476486283e-01 4.029911290569167526e-01 3.839820000000001010e-01
4.532483659730589531e-01 -7.843189028546994346e-02 8.879270000000000218e-01
-5.467628609288769370e-01 8.275897894995258852e-01 -1.270650000000000113e-01
3.459864279384926578e-01 -4.101595073119265189e-01 8.438379999999999770e-01
-2.232996309510823507e-01 -2.466866970331201281e-01 9.430180000000000229e-01
-8.421088861832224381e-01 -5.158139302842182916e-01 1.574440000000001116e-01
-4.808639649096727031e-01 8.748119361619096646e-01 5.894000000000007566e-02
-7.303060981233027160e-01 -8.260689798628763347e-02 6.781070000000000153e-01
5.349132014101192212e-01 -5.984572253362617777e-01 5.964199999999999502e-01
-7.378389880675515489e-01 4.826149921950741439e-01 4.718860000000000277e-01
-8.245469115755151845e-01 -4.351109533386623429e-01 3.616639999999998745e-01
7.606501777565075617e-01 -5.932311386323153579e-01 2.636060000000000625e-01
-4.189239294917322942e-01 8.749118527452957039e-01 2.429650000000000420e-01
-7.878889005983802374e-02 -1.046141818021759373e-01 9.913870000000000182e-01
6.154049021300661559e-01 -7.337928833024230935e-01 2.877930000000000765e-01
-1.471999322691736056e-03 -9.972935411171548470e-01 7.350800000000003165e-02
4.291820143170906876e-01 5.959800198813082206e-01 6.786830000000000362e-01
1.943760090829242670e-01 9.792990457613011124e-01 -5.649199999999990340e-02
8.397360570780141309e-01 2.219050150831889112e-01 4.955819999999999670e-01
6.355002584828652046e-02 6.926642817337141933e-01 7.184549999999999548e-01
1.897329927825650298e-01 -9.774219628189101394e-01 9.299300000000011723e-02
-1.975200944907621117e-02 -8.175413911000003475e-01 5.755310000000000148e-01
1.052030625116769369e-01 5.406663212640161476e-01 8.346329999999999583e-01
-7.444030031657613566e-01 6.523670027743551092e-01 1.424129999999999840e-01
5.433447214873312614e-01 6.633826599571731597e-01 5.144899999999998919e-01
4.402572689888352153e-01 -8.490835187739145251e-01 2.919429999999999525e-01
3.154071564700500208e-01 -8.392904163628209790e-01 4.428429999999999866e-01
-6.341679795566332878e-01 -7.430069760480433327e-01 2.139430000000000220e-01
-9.112072519832410400e-01 -3.449510953920141287e-01 2.251890000000000280e-01
