7.547597813444133497e-01 -2.274099341188364765e-01 6.153229999999999533e-01
-4.135591445274553468e-01 -6.439992250598748358e-01 6.436100000000000154e-01
4.746992514097791438e-01 -2.476831311777112077e-01 8.445789999999999687e-01
-3.875331019657488052e-01 -8.741842300109310404e-01 2.926090000000000635e-01
8.041079218160233077e-01 -5.911679425203266725e-01 6.269699999999997497e-02
2.412800364471742384e-02 9.808031481577332844e-01 1.935019999999999241e-01
4.085961284854653930e-01 -8.639462716730069713e-01 2.943569999999999243e-01
6.817315648157847019e-02 -1.278014186906323846e-01 9.894539999999999447e-01
-8.952152262330850263e-01 -4.241021071763806383e-01 1.368469999999999964e-01
-6.586239147514639791e-01 6.853239112955684664e-01 -3.107180000000000497e-01
-6.110447685986061250e-01 -6.842947408589926672e-01 3.979509999999999992e-01
-2.646992503386190292e-03 -2.757212191230246634e-01 9.612340000000000328e-01
4.582939266068180029e-01 7.849438742956750259e-01 -4.169290000000001051e-01
-9.723365458642695414e-01 -8.840004962729065136e-03 2.334170000000000689e-01
1.401168106403391234e-01 -5.519082541283282239e-01 8.220490000000000297e-01
-1.228810487296606718e-01 8.640743426569839070e-01 4.881349999999999301e-01
-5.476200211563639897e-01 -7.882010304508002552e-01 2.808050000000000268e-01
6.715669087174612750e-01 1.791892424663743266e-01 7.189499999999999780e-01
-6.131572060546437442e-01 5.903071983757806063e-01 5.249530000000000030e-01
5.093702242910398414e-01 5.853122577306028029e-01 6.308340000000000058e-01
-9.759497624642643476e-01 1.536969625918030435e-01 1.545939999999999537e-01
-1.187539916573820270e-01 -9.062789363327596881e-01 4.056549999999999878e-01
-5.718989794762586731e-01 -3.927439859055945615e-01 7.201969999999999761e-01
4.362899279356920179e-02 -6.707468892091998924e-01 7.404020000000000046e-01
1.296739345378405128e-01 9.342415283750106214e-01 3.322310000000001096e-01
4.217498612318467538e-02 8.772617113550031931e-01 4.781560000000000810e-01
5.501625121685806974e-01 4.406674102351524347e-01 7.093190000000000328e-01
-9.461882294035207641e-01 3.107750753474776695e-01 9.025899999999996426e-02
5.181667252622865760e-01 -6.155186736452096241e-01 5.938350000000000017e-01
7.956102103497728617e-01 5.294181399717903247e-01 2.944840000000000790e-01
3.396668511773276444e-01 -8.318486355312960656e-01 4.389239999999999253e-01
-4.503105218771495388e-01 -3.474276311143505436e-01 8.225050000000000416e-01
-6.771176586084447224e-02 3.093239303949924524e-01 9.485430000000000250e-01
9.635531613701292519e-01 -3.184300533287637291e-02 2.656149999999999345e-01
-8.023702733547870558e-01 -5.616741913534609720e-01 2.018020000000000924e-01
-1.800700134736840097e-01 -8.241550616671520224e-01 5.369760000000000089e-01
-4.058080590052974279e-01 -9.139471328897273983e-01 -4.522999999999987968e-03
2.938221542819807741e-01 -9.346644907794967594e-01 2.001769999999998828e-01
6.698852472899121668e-01 6.493082396938554268e-01 3.600730000000000319e-01
-9.575756930540191281e-01 -2.824169094727068119e-01 5.735399999999989812e-02
4.468272249756022885e-01 7.120923585354659302e-01 5.415440000000000254e-01
-3.563010509254129765e-01 9.255271322837845815e-01 1.282539999999999236e-01
-8.621583760253406226e-01 -1.626048823170675728e-01 4.798359999999999848e-01
1.595312626580159820e-01 -2.745287311480149040e-01 9.482530000000000125e-01
-6.871589618125673038e-01 -6.803669621900189091e-01 2.547809999999999242e-01
-8.383366139686324603e-01 -5.277627569795050322e-01 -1.365949999999999109e-01
-7.133280660114530436e-01 7.003320648088019462e-01 2.642099999999992024e-02
-7.755140685584266391e-01 5.883690520140875124e-01 -2.289100000000000024e-01
1.141170253874009416e-01 7.933131764868973645e-01 5.980229999999999713e-01
9.698380852375200201e-01 -1.756110154341716245e-01 1.690409999999999136e-01
-2.897370499016111989e-01 -8.595301480374678560e-01 4.210229999999999806e-01
6.838253544058580102e-01 3.387156802211886975e-01 6.462620000000000031e-01
8.296020422395244953e-01 -4.584990233446636920e-01 3.186519999999999353e-01
-7.405027116028943812e-01 5.140944940307770050e-01 4.328539999999999610e-01
8.137197852359330241e-01 -7.137898116103286172e-02 5.768579999999999819e-01
-3.076822103448559331e-01 1.397926412272971208e-01 9.411640000000000006e-01
3.952348409243544025e-01 -1.175629526828086413e-01 9.110260000000000025e-01
-3.149210240121199655e-01 -4.490130342363768956e-01 8.361889999999999601e-01
-6.476104125389735289e-02 -7.638654865954549456e-01 6.421179999999999666e-01
5.666002156904708098e-01 -7.922183015776093074e-01 2.266150000000000941e-01
9.440421114825608973e-01 -3.218640380091383757e-01 7.202799999999988378e-02
3.193940755377924767e-01 9.369662215957194062e-01 -1.417100000000000304e-01
-6.552146593063012947e-01 -1.025419466809927710e-01 7.484509999999999774e-01
6.955611365384323230e-01 -7.038821381718423087e-01 1.440299999999999914e-01
-2.429358745638626471e-01 5.630267092899688963e-01 7.899260000000000170e-01
3.427711235221908015e-01 -9.383713381547493793e-01 4.435300000000003129e-02
5.989108639242586296e-01 7.623878267814210297e-01 2.450930000000000608e-01
9.949209712740901823e-01 -2.161499937591975298e-02 9.831100000000005112e-02
7.737770785651594263e-01 -3.902230396211468499e-01 4.989940000000000486e-01
-2.273930386348831101e-01 7.753621317367741517e-01 5.891570000000000418e-01
9.739661975095118551e-01 1.186210240550243100e-01 1.931809999999999361e-01
-3.011756115067091288e-01 -3.107125992047311547e-01 9.015269999999999673e-01
-2.981209106909031847e-01 -5.982788207715752371e-01 7.437650000000000095e-01
2.552589421858177388e-01 9.666687810569747352e-01 1.985800000000009780e-02
5.263805287583432913e-01 1.627571634923851152e-01 8.345259999999999900e-01
-6.756595205440436569e-01 4.524413485714950389e-01 5.820490000000000386e-01
6.218966071500486859e-01 3.454603372687006096e-02 7.823369999999999491e-01
4.361136975864743359e-01 -7.330494916828285135e-01 5.219610000000000083e-01
9.242951988566003863e-01 2.514720541027128387e-01 2.871239999999998793e-01
6.830915230324123844e-01 -3.622107470869123103e-01 6.341839999999999700e-01
4.465887973769942509e-01 8.445976167953411773e-01 2.953190000000000537e-01
-8.723027814278846437e-01 2.596539349387492757e-01 4.143279999999999741e-01
-6.205451372044670233e-01 -7.733741709954433663e-01 1.296770000000000422e-01
-8.942051635084921068e-01 -3.948280721956721195e-01 -2.109690000000000731e-01
3.516001180485862077e-01 9.217403094712850464e-01 1.636219999999999897e-01
-2.965090960490458505e-01 8.425742729375123030e-01 4.496120000000000672e-01
-9.408349583298640795e-01 1.334509940893765512e-01 3.114810000000000634e-01
-9.267846978630843724e-01 -2.975209030065472660e-01 2.292410000000000558e-01
9.567198238046242809e-01 2.666729508878779020e-01 1.165019999999999389e-01
-5.351397119722321044e-02 7.894915750726557713e-01 6.114239999999999675e-01
3.527017514656795999e-02 1.702528454509069644e-01 9.847690000000000055e-01
8.791007367277349216e-01 -4.429628673418954943e-01 -1.759709999999998775e-01
-5.200201998194887709e-01 -6.665802561356760914e-02 8.515490000000000004e-01
4.371723027776191484e-01 3.234092239873711527e-01 8.392180000000000195e-01
-4.198805401942293791e-01 -1.903942449503193413e-01 8.873839999999999506e-01
-2.425717485520890726e-01 -7.214912521080085739e-01 6.485440000000000094e-01
-9.228175272866678824e-01 2.909641662533721806e-01 2.524829999999999575e-01
8.469960241005394241e-01 -2.079070059158140693e-01 4.892569999999999419e-01
5.992308406701504220e-01 -6.550858258188347882e-01 4.602010000000000822e-01
-1.537921424274042159e-01 6.867036359584745009e-01 7.104829999999999757e-01
1.775201734966639147e-02 6.941846784509270174e-01 7.195780000000000509e-01
6.503971818227392010e-01 4.884591365519111994e-01 5.817139999999999533e-01
-3.752369071408612200e-01 -1.876404536236167542e-02 9.267389999999999795e-01
1.025886279600166096e-01 3.111758715136525577e-01 9.447990000000000554e-01
-2.074901146877994873e-01 1.171206292007532720e-02 9.781670000000000087e-01
7.240150536949760962e-01 6.566380486981095999e-01 2.112549999999999151e-01
-3.259388259022931722e-01 9.035355173834809239e-01 2.781860000000000444e-01
-6.052746066877570108e-01 5.784796240993489436e-02 7.939119999999999511e-01
2.259141741943395121e-01 -4.153593202687157482e-01 8.811579999999999968e-01
-7.826604047437116796e-01 -2.936671518665470160e-01 5.488189999999999458e-01
-7.851976784027615563e-01 5.566027720294910441e-01 2.713999999999998636e-01
-7.601005349237097697e-01 -6.472416039777498797e-01 -5.766699999999996135e-02
8.532249624745430472e-01 8.359499632343100894e-02 5.148000000000000353e-01
5.919998703638137440e-03 -9.942757822733836459e-01 1.066799999999999277e-01
-2.355587642164449214e-01 2.939967057227366731e-01 9.263249999999999540e-01
2.082159158608302418e-01 8.609786520821731681e-01 4.640710000000000113e-01
4.684653870569550627e-01 2.243301853467958781e-02 8.831970000000000098e-01
9.261780638618748451e-01 -1.811240124888717218e-01 3.307389999999999497e-01
-4.401021258640395173e-01 8.172952337368383224e-01 3.719390000000000196e-01
-9.187169092686753302e-01 -2.711199732245337876e-02 3.939849999999999741e-01
-7.326515611362520719e-01 2.964608224177568419e-01 6.126439999999999664e-01
8.719780646147630154e-01 -4.649750344552837644e-01 1.531419999999999726e-01
7.326461357447292544e-01 -5.552711028806701643e-01 3.935780000000000389e-01
8.403881878053905963e-01 5.405421207974190345e-01 -3.952099999999991731e-02
-3.559730369400712635e-01 -7.626900791459546580e-01 5.399880000000000235e-01
9.269721303259648160e-01 1.014490142630400937e-01 3.611520000000000286e-01
-5.670098162509448064e-02 -9.638376876522056769e-01 2.603880000000000083e-01
5.972551607705488541e-01 -8.000262153529382747e-01 5.695899999999991248e-02
9.014121348262938982e-01 -5.228900782098761663e-02 4.297930000000000361e-01
-3.167600770601837479e-02 9.390442284470994494e-01 3.423339999999999161e-01
-9.345143837076536064e-01 -1.643550674834957925e-01 3.157059999999999311e-01
4.182074666146277653e-01 5.103115693797025676e-01 7.514549999999999841e-01
7.325966952293316847e-01 5.165427851108381763e-01 4.432670000000000221e-01
2.223569644849475724e-01 -9.725078446701803658e-01 -6.917999999999996374e-02
-3.959602699273025439e-01 2.668435079931638643e-01 8.786410000000000053e-01
9.770996178464443072e-02 9.945786110102323718e-01 3.558299999999998964e-02
-5.573237815668624640e-01 -5.405077881575919285e-01 6.302710000000000257e-01
3.781120820945005900e-01 1.741505772317782641e-01 9.092320000000000402e-01
-2.003897133513771536e-02 -5.447762207217100583e-01 8.383420000000000316e-01
2.303221294627296467e-01 -9.094405111912233775e-01 3.462219999999999742e-01
2.417002252591046296e-03 4.505954199446672304e-01 8.927249999999999908e-01
-7.331370819419030793e-01 -6.738170753117729284e-01 9.208999999999999131e-02
-8.672179964531380181e-01 -3.032439987597531084e-01 3.949379999999999558e-01
-3.924759908381744156e-01 7.470639825607932050e-01 5.365240000000001119e-01
2.351183964221638667e-01 -1.224866855616159600e-01 9.642180000000000195e-01
8.994192688772505162e-02 5.796145288411282959e-01 8.099119999999999653e-01
-5.464779184819992253e-01 4.984709256431928415e-01 6.729699999999999571e-01
5.111159329766797876e-01 -7.704258989730150553e-01 3.810569999999999236e-01
-6.114792340255107428e-01 3.474151329628210605e-01 7.109119999999999884e-01
-4.687000830671623694e-03 -8.543791514206167115e-01 5.196290000000000076e-01
5.973502234085135143e-01 6.264752343012445213e-01 5.007009999999999517e-01
6.492358645051103938e-01 7.566678420841618236e-01 7.711400000000002974e-02
-4.761786887357398190e-01 6.318105870036615501e-01 6.116120000000000445e-01
-9.777326206406655729e-01 -1.482279424876981333e-01 1.485509999999999609e-01
-8.328657603045203084e-01 -1.546299554981072494e-02 5.532589999999999453e-01
-2.251148984116447260e-01 -9.333055788240606221e-01 2.797569999999998669e-01
1.068610002819072730e-01 -7.749710020444314784e-01 6.228970000000000340e-01
-7.922229692797929657e-01 3.656229858221555773e-01 4.885719999999999508e-01
-1.684520991602807827e-01 8.555585036293513745e-01 -4.895340000000001357e-01
-5.346449665167146703e-01 7.123909553849914200e-01 4.545920000000001071e-01
7.736383894505801662e-01 3.708741866985520441e-01 5.137469999999999537e-01
-1.897300851605706606e-01 9.168324115213001280e-01 3.513130000000000419e-01
5.977012638276917728e-02 -4.174848827636610804e-01 9.067159999999999664e-01
-4.715250493304654622e-01 -8.683000908406620644e-01 1.540100000000000913e-01
5.363192350944139264e-01 -3.696161620204708176e-01 7.587789999999999813e-01
-7.651270421223389517e-01 -1.432720078875164005e-01 6.277369999999999894e-01
-6.761790233012261453e-01 1.800960062061341405e-01 7.143859999999999655e-01
1.853729833932330762e-01 6.897759382059452937e-01 6.998900000000000121e-01
7.798767976554330517e-01 2.136489445672658527e-01 5.883420000000000316e-01
2.897680638783570739e-01 9.032361991152637604e-01 3.165419999999999900e-01
-9.869478498048681048e-02 -1.191733253780206392e-01 9.879559999999999453e-01
9.167508718032789661e-01 -3.251499545316407502e-01 2.320460000000000855e-01
8.636886888862591594e-01 2.389139139395913547e-01 4.438040000000000873e-01
9.975834327661603496e-01 -8.949003882207665073e-03 -6.889999999999993352e-02
5.489798867329860610e-02 -9.222248097240859366e-01 3.827369999999998829e-01
-7.425696131797486776e-01 -5.644567059625372751e-01 3.605259999999999576e-01
-4.659053055501971019e-01 1.052550690284200230e-01 8.785519999999999996e-01
5.821881083481146302e-01 -4.823530897683189766e-01 6.545170000000000154e-01
2.052909230057286261e-01 1.624599390694705103e-01 9.651229999999999531e-01
-3.217203032644239818e-02 2.577281445000729684e-02 9.991499999999999826e-01
-4.428721440202229020e-01 -5.030121635775132161e-01 7.421879999999999589e-01
-8.472972080214411505e-01 -4.370741073068395433e-01 3.017509999999999915e-01
5.310840753221702792e-01 7.470861059571348717e-01 3.997650000000000370e-01
3.668238690262971002e-01 -6.534667666810440867e-01 6.621340000000000003e-01
-9.858092293854648913e-01 1.677420390314724175e-01 -6.539999999999998939e-03
-7.043257483981071321e-01 6.815717565263735844e-01 1.984570000000000223e-01
8.623766198958121576e-01 -3.246308569145482936e-01 3.884860000000001090e-01
-8.791556715941286626e-01 1.127419578855916454e-01 4.630060000000000842e-01
9.117677543696061093e-01 4.088958898433751599e-01 3.851899999999998381e-02
-6.582883346760933785e-01 -5.603412848794702139e-01 5.026670000000000860e-01
5.573216568834484796e-01 -1.088179330059518418e-01 8.231349999999999500e-01
5.719451729299595000e-01 2.984120902261145347e-01 7.640869999999999607e-01
6.284106313441524261e-01 -2.375988606131007597e-01 7.407070000000000043e-01
8.883326938617905899e-01 -4.590418418044855398e-01 -1.206699999999995623e-02
3.551087467230028549e-01 6.496105366731809161e-01 6.722380000000000022e-01
1.158959577369504529e-01 -9.645336482695847646e-01 2.371560000000000334e-01
-2.728694761222409393e-01 -1.404817599540017503e-01 9.517390000000000017e-01
2.083960413330226691e-01 -6.709891330831857514e-01 7.115789999999999615e-01
-7.753308769238232978e-01 -4.345009310272364145e-01 4.583349999999999924e-01
-6.815130224006712423e-01 -4.218090138644527975e-01 5.980109999999999593e-01
1.376433904640912420e-01 1.939205501100424792e-02 9.902919999999999501e-01
-5.610119561853156300e-01 -2.282403890115103917e-01 7.957210000000000116e-01
2.743508118623786407e-01 -7.657104749097100038e-01 5.817379999999999773e-01
-1.511639524451274808e-01 9.665576959293051829e-01 2.071610000000000396e-01
-5.445004751929855003e-01 2.284961994117473694e-01 8.070370000000000044e-01
2.832299579463413153e-01 7.651148863966206193e-01 5.782559999999999922e-01
-1.619919573119847633e-01 4.417538835893036753e-01 8.823900000000000077e-01
-6.780001716688500712e-01 -2.701850684105430167e-01 6.836050000000000182e-01
-1.382956512531226534e-01 1.621437635571428837e-01 9.770280000000000076e-01
3.851857000085143756e-01 -3.992196890785208452e-01 8.320189999999999531e-01
-4.733152677916853679e-01 3.890692201270682382e-01 7.903149999999999897e-01
5.040519539061193433e-01 8.514689221359893478e-01 1.446800000000000863e-01
-6.702292792281505651e-01 6.447842686273556057e-01 3.674860000000000348e-01
-6.044490255912979837e-01 7.879580333607434373e-01 1.173180000000000195e-01
3.181483415781012902e-01 -2.674024465989489618e-01 9.095480000000000231e-01
1.658309536466422152e-01 4.472368749875675897e-01 8.789080000000000226e-01
-7.338763207853562509e-01 2.657697540257061841e-02 6.787630000000000052e-01
7.526525746888993451e-01 5.600104275967254103e-02 6.560319999999999485e-01
6.990581113103523370e-01 -9.422201500288104881e-02 7.088299999999999601e-01
5.477110847153171536e-01 8.366191294011695589e-01 -8.999999999999909114e-03
3.231361619092718573e-01 4.299572154325881357e-01 8.430419999999999581e-01
2.545229237280348111e-01 5.689068295177452939e-01 7.820249999999999702e-01
2.698826336612818455e-01 2.986985945464932790e-01 9.153919999999999835e-01
-4.799557744612709675e-01 8.519295996649496328e-01 2.094239999999999713e-01
-1.173481578590565705e-01 -4.053935453433933356e-01 9.065790000000000237e-01
-5.185880426203599569e-01 -6.727870552932656567e-01 5.276589999999999892e-01
8.444918074850832346e-01 3.891649112838633795e-01 3.679459999999999398e-01
-7.779598711593428695e-02 5.775289043534161948e-01 8.126550000000000162e-01
9.909797556275703467e-01 1.322399673900481187e-01 2.171899999999990852e-02
-1.597899561748164221e-01 -9.791647314469871244e-01 1.253140000000000365e-01
-3.205599574513642303e-01 6.655979116537096285e-01 6.739589999999999748e-01
6.346398668194169757e-02 -9.966217908567092110e-01 -5.212800000000003542e-02
1.913088890296907874e-01 9.649874402510250082e-01 1.794440000000000202e-01
-4.604609608232544393e-01 8.768889253929058603e-01 -1.379910000000000581e-01
2.957967868179521842e-01 -5.435936082296912719e-01 7.854999999999999760e-01
-8.074192431366948863e-01 5.805401748170119225e-01 1.051060000000000605e-01
3.709208505133152478e-01 8.174206705671681616e-01 4.407280000000000642e-01
4.438457767089905026e-01 -5.206087380908936968e-01 7.293610000000000371e-01
-1.625591513187317205e-01 -2.628856275389234720e-01 9.510340000000000460e-01
-1.250808823358089683e-01 -6.541793846102882393e-01 7.459249999999999492e-01
6.726907055789187462e-01 -5.164747739509999436e-01 5.298499999999999321e-01
3.088381672445216775e-01 2.811401522452703847e-02 9.506989999999999608e-01
4.839580394515723971e-01 -8.744350712827054783e-01 -3.388099999999991119e-02
-4.006611793158215140e-01 5.361102399360182513e-01 7.430050000000000265e-01
-7.960794360510058398e-01 1.596630874551544510e-01 5.837510000000000199e-01
-5.833529695341161947e-01 7.578769604195186860e-01 2.920989999999999975e-01
-1.800327712895252452e-01 -5.252823326905384782e-01 8.316649999999999876e-01
-3.220032986904451389e-01 4.210133905322632208e-01 8.479750000000000343e-01
1.750479244226948450e-01 -9.806385766072567289e-01 8.778499999999991865e-02
-8.455682234344348291e-01 4.149541096482038949e-01 3.358979999999999744e-01
