7.769596595535428474e-01 1.567609313108434543e-01 6.097209999999999575e-01
-6.897030790112823606e-01 -5.346670612506038145e-01 4.883039999999999603e-01
2.517830518222981540e-01 7.907791627591420625e-01 5.579190000000000538e-01
-2.861298976350850135e-02 5.784187930667479272e-01 8.152380000000000182e-01
9.525197364373368947e-01 1.368209621415748534e-01 2.720039999999999680e-01
-7.804060551490827891e-01 4.181620295503248319e-01 4.648730000000000917e-01
1.403858705932814199e-01 -5.737814710922325423e-01 8.068870000000000209e-01
6.825638052023093039e-01 -2.916009167796698720e-01 6.701310000000000322e-01
-7.470070235993533370e-01 -6.626850209354631094e-01 5.318899999999991690e-02
-5.052799118904366393e-01 -6.167248924569141977e-01 6.036080000000000334e-01
-9.123902369065169937e-01 2.726260707886715706e-01 3.053180000000000338e-01
-1.073948929097500032e-01 3.859196151751079218e-01 9.162599999999999634e-01
8.389737316916775489e-01 -2.046909345387356027e-01 5.042070000000000718e-01
6.388972530724786880e-01 2.969061176069653363e-01 7.096879999999999855e-01
8.574301506491612823e-01 2.740170481443747752e-01 4.355779999999999652e-01
3.539007599018568206e-01 -1.775173811684032932e-01 9.182820000000000427e-01
-4.144291341770059423e-01 6.447952087611205085e-01 6.422520000000000451e-01
7.478896729321933279e-01 -6.968796952399240741e-02 6.601550000000000473e-01
9.709615210779366512e-01 2.314521242115085975e-01 6.052800000000006786e-02
1.259383228421064316e-01 -2.121508592858333542e-01 9.690879999999999495e-01
-9.400164093132824528e-01 4.509097166577322180e-02 3.381359999999999921e-01
-1.990743909040691706e-01 -4.841599507003588321e-01 8.520320000000000116e-01
-5.351597404475878506e-01 8.147746048344108871e-01 2.230390000000000428e-01
-8.413970845155195333e-01 1.940380194904693378e-01 5.043809999999999683e-01
-5.861705177630649466e-01 4.538004008408359075e-03 8.101749999999999785e-01
9.491482541650648752e-01 -1.029420275660488382e-01 2.975240000000000662e-01
8.866316145736414800e-01 -3.283558572608958337e-01 3.256789999999999963e-01
-5.516769315358872605e-01 2.355719707650890948e-01 8.000990000000000046e-01
-9.843201788429010168e-01 1.317400239360816683e-01 1.172960000000000252e-01
-3.155723926286724268e-01 -3.063674103451851649e-01 8.980829999999999647e-01
-4.328561512378270582e-01 -9.007133147048373978e-01 3.675700000000005352e-02
-5.720900865238290889e-01 8.200291240225298095e-01 -1.628399999999989231e-02
-2.226200380298155868e-01 -5.800774934095861285e-02 9.731779999999999875e-01
6.266609070456478081e-01 7.193438932977229694e-01 2.997339999999999449e-01
-1.917589099876660930e-01 6.939916742377694181e-01 6.939769999999999550e-01
-1.911719849747180455e-01 9.778349231464512625e-01 -8.539399999999999769e-02
-2.285829841106390425e-01 -9.633829330329012341e-01 1.401539999999999730e-01
5.988083231017955477e-01 6.185853337729693147e-01 5.087049999999999628e-01
-6.130263823277291024e-01 5.510713436880717575e-01 5.661439999999999806e-01
-8.361554567685048900e-01 -4.057752216637348641e-01 3.690399999999998681e-01
2.767839206702242816e-01 9.029627411994467501e-01 3.287079999999998892e-01
-8.328301441666466909e-01 4.880170844779539441e-01 2.612150000000000860e-01
-3.160561269215007019e-01 8.057243235619614419e-01 5.009159999999999169e-01
-6.886010338688263177e-01 6.297720309753233048e-01 3.594660000000000077e-01
-5.496159720598883247e-01 -7.317739627997595919e-01 4.030250000000000776e-01
2.199800328820528464e-02 -8.969861340791908111e-01 4.415109999999999313e-01
2.650031101831090696e-01 -6.935932883825209894e-01 6.698520000000000030e-01
5.864207651020908463e-01 -4.993877999641945231e-01 6.377479999999999816e-01
7.554481246083769586e-01 -4.306640710364472713e-01 4.937880000000000047e-01
-7.298027837807911089e-01 1.060521138959889254e-01 6.753820000000000379e-01
-3.602629561932007562e-01 -7.864239043734211343e-01 5.017449999999999966e-01
2.572450601463869280e-01 -3.851260900462104009e-01 8.862860000000000182e-01
-2.578151177285634699e-01 -9.614724390462823234e-01 -9.540499999999994818e-02
5.295479710465740286e-01 4.872699733581546955e-01 6.943679999999999852e-01
4.667814657699765890e-01 2.644286973621286507e-01 8.439149999999999707e-01
5.140197781972430935e-01 -7.370826819442015676e-01 -4.387400000000001299e-01
-4.006049806685355597e-01 -8.734469578512265020e-01 2.767780000000000795e-01
3.783901268836875609e-01 -9.234593096590378858e-01 -6.359100000000000863e-02
8.946243358699943471e-01 3.744831405926994372e-01 2.437409999999999022e-01
6.322071412519183475e-01 -6.371631423592211130e-01 4.408369999999999789e-01
-7.057431719994081698e-01 -1.457758289711081345e-01 6.933080000000000354e-01
-6.317677247115974781e-01 -4.097178214683019903e-01 6.580279999999999463e-01
8.834309532358032291e-01 2.382999873856497461e-02 4.679550000000000098e-01
-9.680927050368934861e-01 2.255329312835498423e-01 -1.092309999999999948e-01
9.859289069848869991e-01 8.752399174275758698e-02 -1.424209999999999365e-01
7.690337901905763829e-01 5.257668565591753218e-01 3.635329999999999395e-01
2.429721567503030366e-01 -8.330035374013163851e-01 4.970609999999999196e-01
5.786902178404645936e-02 7.413932790879328438e-01 6.685710000000000264e-01
6.729801918841066266e-02 9.724802772793473826e-01 2.230539999999999745e-01
2.180739536711875648e-01 -9.291058026157283933e-01 2.986740000000000506e-01
5.667458189041659766e-01 -1.351091952224068027e-01 8.127389999999999892e-01
-5.862692344958830848e-01 -7.923383169193646269e-01 1.687849999999999906e-01
8.788902709546826675e-02 8.914742748342276979e-01 4.444650000000001100e-01
2.127517834269315733e-01 1.267998709226466660e-02 9.770240000000000036e-01
-7.411702817197918236e-02 -6.405742434831064314e-01 7.643109999999999626e-01
-9.143217912153726035e-01 -1.835669580826365666e-01 3.609970000000000123e-01
4.975241427790656062e-02 2.092485365719901902e-01 9.765960000000000196e-01
7.341487760205354096e-01 -6.707407953655045718e-01 1.055099999999999510e-01
2.077469557293493696e-01 6.129078693899987496e-01 7.623550000000000049e-01
-8.442033021881143462e-01 -4.524701619646662176e-02 5.341099999999998627e-01
-1.047342805544069083e-01 -2.491732883672539700e-01 9.627790000000000514e-01
-4.269137816133936614e-01 -4.732607579047217183e-01 7.705640000000000267e-01
8.910494856142736619e-01 4.521847389624491509e-01 3.949400000000010541e-02
-1.722467923469161999e-01 1.702947833675426126e-01 9.702220000000000288e-01
-3.390415154979920520e-01 3.276174981282667931e-01 8.818829999999999725e-01
5.986812887242172199e-01 -7.610713670395901076e-01 2.497019999999999240e-01
-1.295609860830089777e-01 9.288849002224109919e-01 3.469679999999999431e-01
-3.428509533548794730e-01 8.930808784956995039e-01 2.913069999999999271e-01
-1.954450592920277396e-01 -9.087432756847975135e-01 3.687639999999999807e-01
2.660748133925137093e-01 2.381228329962061518e-01 9.340779999999999639e-01
4.241617365858094679e-01 4.268307412207181933e-02 9.045800000000000507e-01
-9.399693504548682910e-01 -3.011531122808677186e-01 1.605129999999999613e-01
-4.926098795945336173e-01 4.521938894731541425e-01 7.435429999999999540e-01
-9.965680396989514689e-01 -2.719000108313240818e-03 -8.273300000000000098e-02
-8.477094961029459919e-01 -5.021597015052973179e-01 1.709509999999999919e-01
-8.007999402055912888e-03 -9.738049272875840545e-01 2.272440000000000015e-01
4.881374421955657072e-01 -3.411256101889312831e-01 8.033400000000000540e-01
-3.904051008038182391e-01 1.121887416025357243e-01 9.137819999999999832e-01
1.247990357424184349e-01 4.241341214719261399e-01 8.969589999999999508e-01
-2.717369525345970649e-01 5.240769084573466685e-01 8.071570000000000134e-01
-2.963780683266254434e-01 -6.526651504645993862e-01 6.972720000000000029e-01
1.639997122034799609e-02 -4.234072569795795937e-01 9.057910000000000128e-01
-1.016509920635463998e-01 8.316959350649111293e-01 5.458469999999999711e-01
8.862009171407434494e-01 -4.428959585894923223e-01 1.359820000000000195e-01
-4.227348065586363224e-01 -1.141549477632585879e-01 8.990350000000000286e-01
6.182473891424488111e-01 8.043505062810313300e-02 7.818570000000000242e-01
5.744502821515328622e-02 -7.686043775137897383e-01 6.371400000000000396e-01
-1.546669849163587185e-01 -7.997219220084459401e-01 5.801060000000000105e-01
4.551458589612875083e-01 8.666407314489619207e-01 2.043920000000000181e-01
6.137515803695240413e-01 7.859964626033068003e-01 7.428699999999995029e-02
4.484260640944813803e-01 7.812121116602918081e-01 4.343059999999999699e-01
-6.216184795694714577e-03 -1.842073086459284151e-02 9.998110000000000053e-01
4.332220932719726414e-01 -8.166781758294084925e-01 3.812549999999999550e-01
7.234008267361190514e-01 4.199808994091271952e-01 5.480030000000000179e-01
-1.600930321366240139e-01 9.781241963458945365e-01 1.328279999999999739e-01
7.769983672979658973e-01 6.084692876319192090e-01 1.613649999999999529e-01
3.998620109360008223e-01 6.539110178840983334e-01 6.422700000000000076e-01
7.768317876243312492e-01 -5.551788482213509957e-01 2.971680000000000432e-01
3.446526908815889523e-01 4.520085945942620143e-01 8.227409999999999446e-01
-6.842194267143106856e-01 3.355252092507208794e-01 6.475079999999999725e-01
3.864897288874850068e-01 -5.293596286679578267e-01 7.552510000000000057e-01
4.090579067210616260e-01 -8.975317953326129583e-01 1.646459999999999035e-01
-5.427798897070819084e-01 -2.672789456888963744e-01 7.962110000000000021e-01
-7.007929780361339400e-01 6.989409780941784334e-01 1.427259999999999363e-01
-7.886654590628237038e-01 -2.849021658345642360e-01 5.448279999999999790e-01
-8.335461089993893014e-01 5.502280719510574958e-01 4.949700000000003403e-02
3.812700401921598203e-02 9.992681053393622781e-01 -3.096000000000085229e-03
-9.337489942870926818e-01 3.474439978742517865e-01 8.599699999999990685e-02
-7.150839655954167595e-01 -6.356969694149351424e-01 2.907649999999999402e-01
4.594178907377232668e-01 -6.845218372017809472e-01 5.660079999999999556e-01
