-3.486820545692613793e-01 5.994360938126420679e-01 7.204840000000000133e-01
0.000000000000000000e+00 -0.000000000000000000e+00 1.000000000000000000e+00
3.725417948112866307e-01 -2.686338520417433928e-01 8.882839999999999625e-01
-5.762599364945338726e-02 -9.775118922754408857e-01 -2.028540000000000065e-01
3.669901339247862160e-02 -3.386651235882116584e-01 9.401909999999999989e-01
-2.445550857040899029e-01 -6.625202321795654603e-01 7.079969999999999875e-01
-3.315269472132334472e-01 8.252568685999976950e-01 4.572100000000000053e-01
-8.023177582743163949e-01 -4.517358638991104680e-01 3.901550000000000296e-01
-9.693997987436213659e-01 2.412889499061786069e-01 -4.520700000000000413e-02
1.248900732546469848e-02 8.552325016391884027e-01 5.180940000000000545e-01
2.171380825198899467e-01 -9.558003632367929603e-01 1.982340000000000491e-01
-7.897407347996588944e-01 2.536629148182581450e-01 5.585379999999999789e-01
8.663270418037384291e-01 -3.609220174159282757e-01 3.452720000000001344e-01
-1.080840280585529389e-01 -9.841382554817377226e-01 1.406760000000000788e-01
-8.015600030342502347e-01 5.934950022466346509e-01 -7.256199999999990435e-02
6.359579441049494353e-01 1.050999907626450069e-03 7.717230000000000478e-01
-3.434718699972291733e-01 -8.643856728333750850e-01 3.672389999999999821e-01
7.701809358950778561e-01 2.718929773693721241e-01 5.769710000000000116e-01
-9.810927753913386562e-01 -8.548598042907641636e-02 -1.736349999999999838e-01
-6.084632543364132395e-01 7.653593199186519147e-01 2.097559999999999703e-01
-6.022139031481287264e-01 -3.535679431369537218e-01 7.157710000000000461e-01
-6.400169852725963171e-01 -1.878897021066098724e-02 7.681310000000000082e-01
-9.546673876108957568e-01 1.216000493716499625e-01 2.717049999999999188e-01
-6.323837246214847330e-01 5.780227482935754724e-01 5.157329999999998860e-01
1.596376701964578038e-01 3.663642431095683327e-01 9.166750000000000176e-01
5.389468649292805669e-01 -8.311507916972105114e-01 1.368379999999999042e-01
3.376131513681104312e-01 -8.050403609380671899e-01 4.877779999999999894e-01
-4.057760652277637714e-01 -9.134681468383413216e-01 -3.036000000000003626e-02
-1.917939157714402820e-01 3.092484765897118848e-01 9.314400000000000457e-01
3.335176696004857333e-01 6.603893457848294957e-02 9.404280000000000417e-01
-8.475381472844014663e-01 4.689370814914557428e-01 2.485499999999999099e-01
4.977334094959302568e-01 3.658453009887603358e-01 7.863959999999999839e-01
-5.455610570235481793e-01 -6.404830669450588543e-01 5.405039999999999845e-01
6.207039903495320532e-01 5.968709907200785425e-01 5.084009999999999918e-01
6.495571684022382053e-01 -6.334331642219772629e-01 4.205209999999999226e-01
-9.681390726760332743e-01 -2.015190151275813579e-01 1.486500000000000321e-01
-1.337599985392215127e-02 -8.650669905527016423e-01 5.014779999999998683e-01
9.614891683573223435e-02 -6.328334526289800532e-01 7.682949999999999502e-01
-3.407034430532916991e-01 -2.968695147084582028e-02 9.397020000000000373e-01
6.379168840895002024e-01 7.456158645204264968e-01 -1.926630000000001119e-01
8.787690267043225534e-01 -4.059100123349271283e-02 4.755180000000001073e-01
3.123391998103114409e-01 6.603404224344096018e-01 6.829309999999999548e-01
-2.974686623264211627e-01 -3.677815825102306868e-01 8.810499999999999998e-01
-2.346000236472161812e-02 6.277740632783799235e-01 7.780420000000000114e-01
2.863901607025023943e-01 -9.475365316924697634e-01 -1.419689999999999841e-01
8.717063201388755012e-01 4.017121475309656797e-01 2.806339999999999946e-01
-5.214468784801356005e-01 3.070189284511996020e-01 7.961359999999999548e-01
6.850604378231964775e-01 -3.221352058771135840e-01 6.533919999999999728e-01
6.666813162789487768e-01 7.214283422513758648e-01 1.872890000000000943e-01
3.630339508116933178e-01 8.500098848302019006e-01 3.816930000000000045e-01
4.279736020081187364e-01 -5.556544832719306770e-01 7.128020000000000467e-01
8.585218545357677922e-01 5.112139133821241854e-01 -4.000700000000009804e-02
-8.514211050917057655e-01 -1.285500158670491166e-01 5.084850000000000758e-01
