6.270797290421877002e-02 -8.585996290036722600e-01 5.087970000000000548e-01
5.846794164495039414e-01 -6.773294824413500503e-01 -4.465140000000001885e-01
2.235520075463183487e-01 -6.778080228803807783e-01 7.004289999999999683e-01
-7.976852969597164611e-01 -1.921610715371057931e-01 -5.716400000000000370e-01
-8.333870891057705288e-01 5.499200587974679699e-01 -5.526200000000001944e-02
-1.102590426479774233e-01 -9.906663831877771109e-01 -8.014399999999993751e-02
-4.407921512443666590e-01 -6.430392206392728793e-01 6.262609999999999566e-01
-6.688659810580269705e-01 7.314829792847425960e-01 1.324799999999999034e-01
-2.950965219619008373e-01 3.035875369806693702e-01 9.059540000000000370e-01
-4.185421409413267457e-01 -8.956563016063977534e-01 -1.504070000000000129e-01
5.820572698438249981e-01 1.469410681224029014e-01 7.997610000000000552e-01
6.476459544261679024e-01 7.605979464779129007e-01 -4.522700000000002413e-02
-1.428439471703608077e-01 5.948247800090301629e-01 7.910620000000000429e-01
1.510058217149082838e-01 -1.772337907488447939e-01 9.725150000000000183e-01
-5.207015370431952207e-03 4.690843846760750502e-01 -8.831380000000000896e-01
3.266482880312127635e-01 -4.248953746633139517e-01 8.442539999999999489e-01
7.942238590238291929e-01 -3.983279292960724138e-01 4.588499999999999801e-01
2.010010298185279098e-01 6.331340939255216682e-01 7.474889999999999590e-01
-4.787593816309870243e-01 1.466351168864915289e-01 -8.656139999999999946e-01
-8.637220309985664812e-01 -2.519020090406414170e-01 4.364970000000000794e-01
-3.139700476829903053e-01 8.889371350038993702e-01 -3.334869999999999224e-01
-1.053690019680146722e-01 9.454470176584537366e-01 3.082649999999999557e-01
9.112247788039729013e-01 -5.594198642031534413e-02 4.080930000000000391e-01
-7.621071148807500029e-01 -3.620300545727531127e-02 6.464379999999999571e-01
-6.998118665059122057e-02 8.829549720101889654e-02 9.936329999999999885e-01
-9.551561278159154122e-01 2.698700361131385339e-01 1.218480000000000951e-01
3.646291953077328563e-01 3.912432095630992701e-01 8.449699999999999989e-01
-2.613061322306761691e-01 -8.547404325306275918e-01 4.484839999999999938e-01
4.467010596905166692e-02 3.770108943674089774e-01 9.251310000000000366e-01
7.332886088806337410e-01 -1.366889270932537537e-01 6.660359999999999614e-01
5.036996636367989735e-03 8.089404598015143000e-01 5.878689999999999749e-01
-3.572678116545555116e-01 -9.205535147000227791e-01 1.579270000000000118e-01
-9.679191437663491326e-01 -3.073500456511220336e-02 2.493749999999999578e-01
8.351608486185904123e-01 5.427829016150710340e-01 8.884300000000003306e-02
-1.290610052706001876e-01 -6.897120281664964603e-01 7.124890000000000390e-01
2.707904626357248157e-01 1.114667788021623113e-01 9.561629999999999852e-01
-3.425400311817598520e-01 -4.354500396394504480e-01 8.324960000000000138e-01
-5.818140395090400929e-01 -2.456300166799104401e-01 7.753440000000000332e-01
-9.340587542598927095e-01 -2.505599340805652053e-01 -2.544680000000000830e-01
9.494918551797171258e-01 3.020869539244935842e-01 -8.490400000000007663e-02
4.337420765699490643e-01 7.127211258190599974e-01 5.512679999999999803e-01
3.059999007333766841e-01 -7.814597464938060067e-01 -5.437690000000000579e-01
6.235409168138295044e-01 7.217449037125021061e-01 3.004680000000000684e-01
8.728645415756949300e-01 -1.805681120349104662e-01 -4.533240000000000047e-01
-5.222317390433772744e-01 8.452625776264615087e-01 -1.131599999999998996e-01
-2.467200010531455864e-02 -9.738670041570374192e-01 2.257749999999998924e-01
8.050043011938339266e-01 5.342891999052828966e-01 -2.578819999999998891e-01
4.806877160935447146e-01 -7.005125862593559738e-01 5.274670000000000192e-01
7.781339544183538681e-01 4.779589720020486210e-01 4.075079999999998703e-01
-4.106211551288383999e-01 -1.533996843733738923e-02 9.116769999999999596e-01
-2.233799756379142853e-01 9.745658937126852051e-01 -1.796399999999990366e-02
-4.460609517081975950e-01 5.251449431463440787e-01 7.247430000000000261e-01
2.285459676870435775e-01 8.908518740469668629e-01 3.926190000000000513e-01
5.959955270176197084e-01 4.640274103229137803e-01 6.553379999999999761e-01
6.826138991550951829e-01 4.622749317065305008e-01 -5.659860000000001001e-01
-5.917297474643536948e-01 1.950329167647663897e-01 7.821879999999999944e-01
9.969910146947157381e-01 1.770000026088146326e-04 7.751700000000003032e-02
5.859620059105543621e-01 -4.420020044584407337e-01 6.791779999999999484e-01
-1.768504881258604333e-01 -2.093333941076887528e-01 9.617189999999999905e-01
-5.734110861263931325e-01 -7.389381109885659882e-01 3.537939999999999974e-01
-4.077939492404631938e-01 8.831748900681374304e-01 2.317460000000000075e-01
-8.208880486740678384e-01 4.904980290837886447e-01 2.924969999999999515e-01
9.328068545228600517e-01 -2.977779535596411509e-01 2.029770000000000185e-01
-7.039782764293613937e-01 4.029701582332684828e-01 5.848330000000000473e-01
6.880119176982809615e-01 -6.570349214038274654e-01 3.081309999999999882e-01
