6.031176035637764166e-01 -4.475407058262828586e-01 6.602700000000000236e-01
5.386122792659391312e-01 -2.551231322791994716e-01 8.030000000000000471e-01
-8.467272694765621832e-01 -4.965181580201928901e-01 1.911090000000000289e-01
-3.991195126321144260e-01 -5.888992808905982139e-03 9.168800000000000283e-01
2.180329081252670720e-01 -8.839566275182503263e-01 4.136210000000000719e-01
-5.541352135272921142e-01 -8.142313137512352528e-01 1.730939999999999979e-01
2.299601440312038780e-01 -4.348652723696707634e-01 8.706380000000000230e-01
2.831236959189121771e-01 1.147748767292534333e-01 9.521910000000000096e-01
-2.729919958700167681e-01 8.614569869673730507e-01 4.282140000000000946e-01
9.516340485040754027e-01 -1.629500083054400139e-01 2.604610000000001091e-01
3.865128860583414427e-01 -8.812107402244093723e-01 2.721680000000000765e-01
-7.047449606226316998e-01 -4.289639760317937034e-01 5.650880000000000347e-01
-4.666367934485763369e-01 -2.357738956373898742e-01 8.524439999999999795e-01
7.815076284237372217e-01 -3.532202840305109087e-02 6.228949999999999765e-01
9.174367654299904473e-02 -2.901939768747339721e-01 9.525599999999999623e-01
-1.422899525721555043e-02 -9.948816683877385048e-01 1.000400000000000872e-01
8.600816585125818925e-01 -4.962868029539436177e-01 1.181480000000000724e-01
8.783318554064761807e-01 -3.703119390381803266e-01 3.023279999999999856e-01
-7.986842547058271569e-01 5.969691903775249386e-01 7.570499999999996676e-02
5.870393342845696694e-01 -7.433684233048435397e-01 3.206060000000000021e-01
-2.571962176907770514e-01 4.193883549701378777e-01 8.706110000000000237e-01
-7.957903822406766636e-01 -6.053052907452882714e-01 -1.797700000000002421e-02
5.008244641570139821e-01 1.456691350040894284e-01 8.532030000000000447e-01
6.412098196709828946e-01 7.667397843678815939e-01 3.098499999999998478e-02
9.777220868144661514e-01 5.489600487435788295e-02 2.025980000000000558e-01
-3.489311119342142775e-01 9.365583004401556444e-01 -3.325100000000009992e-02
-2.188490220600923519e-01 -9.757510983562054374e-01 3.859999999999959384e-03
-5.823654053778045681e-01 -4.490403125717543770e-02 8.116860000000000186e-01
-7.273586314829638688e-01 -5.653617135588772102e-01 3.889929999999998667e-01
-3.705531087266108470e-01 5.832901711472983086e-01 7.228160000000000140e-01
-3.372075199202723694e-01 2.507733866526093980e-01 -9.074160000000000004e-01
9.131466954869681407e-01 1.833649388520883217e-01 3.640610000000000790e-01
2.328469304903091619e-01 6.688448003358036242e-01 7.059950000000000392e-01
-8.502786465733133126e-01 -3.719388453999589172e-01 3.724080000000000168e-01
9.682987642102713899e-01 -2.050259500742798724e-01 -1.426950000000000440e-01
3.636598412290930060e-01 3.161288619807290923e-01 8.762499999999999734e-01
-3.052928626398494494e-01 9.286195821870041334e-01 2.108599999999999364e-01
-9.341091507592932386e-01 1.118160180463960429e-01 3.390239999999999920e-01
-6.552777540174550275e-01 3.380468731017043926e-01 6.755259999999999598e-01
2.965810214562696334e-01 9.327600674808906867e-01 2.049350000000000616e-01
-6.250330420233319861e-01 6.392800429812116603e-01 4.479449999999999266e-01
9.038643893641226112e-01 -4.130491779321462942e-01 -1.114429999999999449e-01
8.834899827138141815e-01 -3.356139934334447239e-01 -3.268160000000000509e-01
-4.326092869322364920e-01 7.170164755680177304e-01 5.465680000000000538e-01
-9.234909276912114384e-01 -1.352589894093020051e-01 3.589840000000000808e-01
-1.002459999171995408e-01 9.527099992130872996e-01 2.868699999999999584e-01
-1.703921488389536498e-01 -5.717664994427742453e-01 8.025269999999999904e-01
-7.907231964026926185e-01 5.367721333254072968e-01 2.943339999999998735e-01
5.083997887221600870e-02 5.987697511667341432e-01 7.993059999999999610e-01
4.029559940567322696e-01 7.075159895647240571e-01 5.805580000000000185e-01
2.331799976205983504e-01 -7.661809921817805957e-01 5.988269999999999982e-01
6.231489602320269272e-01 -4.902707554753538838e-02 7.805649999999999533e-01
6.556391415592263128e-01 -7.542051628406429842e-01 -3.622000000000004383e-02
9.346781643958266272e-01 3.032860533434537098e-01 1.854570000000000662e-01
-1.771450895728138852e-01 -9.514084810764720235e-01 2.518759999999999888e-01
4.518411288794607628e-01 8.909712541333387747e-01 4.483099999999992646e-02
-8.205754970949511451e-01 2.394501450560717337e-01 5.189599999999999769e-01
-3.273738888688611515e-01 -4.110688604575619687e-01 8.507930000000000215e-01
9.020307807467904393e-01 -2.187699468244165904e-02 4.311170000000000280e-01
-1.643211671878682667e-01 6.050606156163337301e-01 7.790380000000000082e-01
5.330441411833447551e-01 -8.373522217831098624e-01 1.212649999999999145e-01
7.229928811603095751e-01 -6.737428892556228677e-01 1.528129999999999211e-01
7.104780837059538889e-01 -2.443900287931477788e-01 6.599199999999999511e-01
-3.672290356499511854e-01 -6.020150584425666418e-01 7.090279999999999916e-01
-9.127908003456639552e-01 -4.084269106649587311e-01 6.429999999999416868e-04
-2.672109298476423311e-01 -1.920189495882072550e-01 9.443129999999999580e-01
4.913401652569604483e-01 -8.616952898219085721e-01 -1.267519999999999758e-01
-7.396033456575757947e-01 -8.206603835400151647e-02 6.680209999999999759e-01
-3.843629179286290332e-01 -8.515838181649472149e-01 3.564689999999999248e-01
2.370810863457243622e-01 -6.153242241031399162e-01 7.517770000000000286e-01
-5.639358358349821909e-01 5.331078448091906008e-01 6.306920000000000304e-01
2.148299643308088785e-02 -8.378458608886579784e-01 5.454839999999999689e-01
1.302994600383598489e-01 2.783889828867367466e-01 9.515890000000000182e-01
4.242621284050436814e-01 -7.731592340004885822e-01 4.714089999999999669e-01
4.281811829014677273e-01 -5.619515524580311755e-02 9.019439999999999680e-01
2.746199188951567796e-02 -6.953947946256573420e-01 7.181030000000000468e-01
-5.623001255862180026e-01 -6.016771343808267059e-01 5.672770000000000312e-01
-5.718516667318462865e-01 -7.262545767477197600e-01 3.814969999999998640e-01
7.099199777326729022e-01 3.777799881505651269e-01 5.943869999999999987e-01
5.525179649235832935e-01 3.585539772373217415e-01 7.524380000000000512e-01
8.358036423092009004e-01 5.054637836815544238e-01 2.143329999999999957e-01
-6.555151382213164624e-01 7.131301503699646327e-01 2.484860000000000679e-01
-5.382246888604513835e-01 1.773282269580066794e-01 8.239349999999999730e-01
8.122069705237092707e-01 1.790639935014811113e-01 5.552080000000000348e-01
5.578116846443690324e-01 7.132595967627852751e-01 4.243899999999999340e-01
-1.487899452056112293e-01 9.874346363606610888e-01 5.323899999999993221e-02
-3.279292385635290685e-02 4.284610051334326042e-01 9.029650000000000176e-01
9.851913095756155148e-01 1.712740538192634165e-01 7.954999999999963836e-03
2.986306261248184227e-02 -5.155000808248266786e-01 8.563690000000000468e-01
9.966211178327636366e-01 -7.532800890620049150e-02 3.274200000000000027e-02
7.545186247907686994e-01 -4.218627902148362474e-01 5.027260000000001172e-01
1.857500516479296954e-02 -9.403012614514179024e-01 3.398360000000000825e-01
-1.799830682125632686e-01 -7.407922807560779477e-01 6.471729999999999983e-01
9.850301738332053469e-01 3.408800601568105076e-02 -1.689780000000000726e-01
7.135670234754564190e-01 5.578830183536487297e-01 4.237789999999999613e-01
-4.657171884297062747e-01 3.872583251540624438e-01 7.956999999999999629e-01
6.264501953902829046e-02 9.877103080675804225e-01 1.431920000000000970e-01
7.564512470045602344e-01 -5.625701836964396296e-01 3.336109999999999909e-01
4.356962907455161904e-01 -6.298324202949532324e-01 6.430240000000000400e-01
-2.236389138477576644e-01 7.536117096867558374e-01 6.181060000000000443e-01
-5.081201394534270999e-02 8.726302394931190198e-01 4.857309999999999683e-01
-3.378424436853929569e-01 2.155632830972891434e-01 9.161850000000000271e-01
4.033416575916007329e-01 5.254695539136972071e-01 7.491309999999999913e-01
-7.442953994005397922e-01 4.485502406990671265e-01 4.947999999999999621e-01
-8.140186157760830321e-01 -2.328561761474016722e-01 5.321200000000000374e-01
5.164136937111860615e-01 8.225955121124655101e-01 2.380200000000000371e-01
1.939830956792011618e-01 -8.910250327972792095e-02 9.769499999999999851e-01
-3.849959138333959308e-01 -7.458858330619962951e-01 5.435370000000000479e-01
-1.143947218483647166e-01 2.393534180103457643e-01 9.641699999999999715e-01
1.845959936880374741e-01 8.191739719896659055e-01 5.430270000000000374e-01
6.963361050118943574e-01 6.799151025355033573e-01 2.298509999999999442e-01
8.492078252084203083e-01 -2.248489537195693944e-01 4.777960000000000540e-01
-1.924557137268327056e-01 3.432930568618183104e-02 9.807050000000000489e-01
3.563119152645750631e-01 8.437167993536045518e-01 4.014769999999999173e-01
-4.748153365460026087e-01 8.088745733250033432e-01 3.468030000000000834e-01
-8.570620306522391818e-01 1.553400055556295942e-02 5.149789999999999646e-01
-4.987556756939397901e-02 -1.329725131883686962e-01 9.898639999999999661e-01
-9.431814098195563378e-01 -2.755821197425444846e-01 1.856430000000000302e-01
8.323844397652042648e-01 3.800262007753770765e-01 4.033810000000000451e-01
-3.658168016413066992e-01 -9.182505020923892314e-01 1.516380000000000783e-01
1.297880367706191473e-01 9.261432623882919213e-01 3.541379999999999528e-01
-1.843560280389414108e-01 -8.672541319017770256e-01 4.624750000000000250e-01
5.721353841073311131e-01 5.539373718899607280e-01 6.048259999999999748e-01
-7.138925894848600073e-01 1.316949242704558709e-01 6.877600000000000380e-01
-1.219259493025660612e-01 -3.612048498091742221e-01 9.244809999999999972e-01
-6.442457767796835322e-01 -2.702089063771626609e-01 7.154960000000000209e-01
2.126700408081102778e-01 4.678830897795695498e-01 8.578209999999999447e-01
4.447665430440957135e-02 7.644912465742204066e-02 9.960809999999999942e-01
6.089380802501845880e-01 -6.140920809294154736e-01 5.020810000000001105e-01
-5.196368056818237990e-01 -4.446848337101125814e-01 7.295430000000000526e-01
4.270306490965609658e-01 -4.517136288138424716e-01 7.833259999999999668e-01
6.742701946340609043e-01 1.664968011318702090e-01 7.194709999999999717e-01
-1.460001014945322049e-04 7.536255238962985548e-01 6.573039999999999994e-01
-7.156371924027052911e-01 -6.731401809771671019e-01 1.864020000000001231e-01
1.893359354122989835e-01 -9.637676712323098860e-01 1.878929999999999212e-01
9.519215656559422145e-01 -2.956698650913545667e-01 8.015399999999990588e-02
