7.111556665899367857e-01 -5.212377556288709801e-01 4.717720000000000247e-01
8.258048175092476129e-01 1.038489770508992383e-01 5.543120000000000269e-01
2.363830899922254591e-01 8.092633080905914378e-01 5.377880000000000438e-01
6.675138463055472204e-01 -7.128958358563854958e-01 2.149530000000000329e-01
-2.470101134105363166e-02 9.336354286629922061e-01 3.573719999999999675e-01
-5.292118938563886710e-01 -7.803058434946738009e-01 3.332529999999999659e-01
-7.686167328470780991e-01 1.565949455713158689e-01 6.202469999999999928e-01
8.110133978116288445e-01 -2.216218354428022841e-01 5.414250000000000451e-01
2.568569662879632287e-01 -5.858289231109574668e-01 7.686539999999999484e-01
-7.837559675203724652e-01 -1.683419930237401441e-01 5.978189999999999893e-01
9.224359172173202115e-01 2.604199766289851392e-01 2.851199999999998735e-01
1.556019787939201815e-01 -8.360278860626698672e-01 5.261609999999999898e-01
-6.348205498334265340e-02 -6.914725989011364371e-01 7.196080000000000254e-01
-7.027435730559882243e-01 -5.077476915235586974e-01 4.983410000000000339e-01
4.700039609487587922e-01 5.908679509065266622e-01 6.557220000000000271e-01
-8.649857044149399377e-01 3.763898713791196671e-01 3.318590000000000706e-01
-3.791879682460543854e-01 8.920389252989071593e-01 -2.459329999999999572e-01
3.486105096321581720e-01 6.568790760107169613e-02 9.349629999999999885e-01
4.680801668276271532e-02 -9.675413448397056637e-01 2.483399999999999774e-01
-1.999678814707700203e-01 -8.651154872102868598e-01 4.599870000000000347e-01
-6.472230533215813653e-01 6.817750561681540367e-01 3.410059999999999203e-01
3.641316198445570390e-02 -5.584918091873732754e-02 9.977749999999999675e-01
2.556548781455310615e-01 -9.646915401927155242e-01 -6.333100000000006780e-02
-1.979362062746571060e-01 4.954585163306777229e-01 8.457789999999999475e-01
5.551991937445277525e-01 7.404472583894320392e-01 3.788030000000001118e-01
6.155713927794890239e-01 -8.277491834801160853e-02 7.837220000000000297e-01
-3.132211559935752510e-01 -9.382464672750163714e-01 1.469220000000000803e-01
5.804126339098365506e-01 8.139574866034750000e-01 2.437999999999997114e-02
5.473538716121268966e-01 -4.121219033322729985e-01 7.283950000000000147e-01
3.361179476346164985e-01 3.804119407338486525e-01 8.615749999999999797e-01
-3.566829300096590050e-01 8.575198317326105935e-01 3.707250000000000267e-01
-5.566505851303903407e-01 -7.595994338733752863e-03 8.307120000000000060e-01
7.391592764037037133e-01 4.518951689831980922e-01 4.994340000000000446e-01
6.122697412708948406e-01 2.561878917417283463e-01 7.479930000000000190e-01
-6.728666961948195357e-01 4.625107911723448928e-01 5.773509999999999476e-01
2.520503689842925471e-02 -3.878495677849194134e-01 9.213780000000000303e-01
-7.801698535777112919e-01 -5.950998883116450644e-01 -1.928500000000000769e-01
9.596010829588892399e-01 -7.808100675021496795e-02 2.703130000000000810e-01
1.184198804288483509e-01 6.072113868853393770e-01 7.856659999999999755e-01
-9.966984945280146224e-01 -7.453196220138885719e-02 3.220400000000004509e-02
-2.800101783163319591e-01 -1.709034984874680252e-01 9.446620000000000017e-01
-9.214146838203032264e-01 -3.883988667225106717e-01 1.188700000000000867e-02
-4.162697830214231454e-01 6.507186608160990815e-01 6.350470000000000281e-01
8.852765563273100602e-01 -4.075102560884313330e-01 2.240999999999999936e-01
8.135080556479723501e-01 -5.782330395539981849e-01 -6.205799999999993266e-02
-9.370952417720449512e-01 4.356201123906723593e-02 3.463449999999999585e-01
-9.670607687181008716e-01 2.497309402744397611e-01 4.927399999999999836e-02
-4.235109496505896631e-01 -6.621779212764916656e-01 6.181900000000000173e-01
-5.573329297978916186e-01 -3.404489571167729212e-01 7.572809999999999819e-01
-3.268832120754174286e-01 -9.172915951207978313e-01 -2.274279999999999913e-01
5.528531156063088980e-01 -8.306071736870548339e-01 -6.667199999999999516e-02
-2.741636619713051504e-01 -4.754334138167866097e-01 8.359410000000000451e-01
4.339501718772974942e-02 2.826331119442245798e-01 9.582460000000000422e-01
-1.135530951376695352e-01 7.715356464121767566e-01 6.259700000000000264e-01
-7.665072547970603889e-01 -6.160552047848263379e-01 1.815009999999999957e-01
-2.562597764577085879e-01 1.541514670732822834e-01 9.542370000000000019e-01
4.586669325521131602e-01 -7.157448947482861756e-01 5.266250000000000098e-01
6.604198647869330419e-02 9.963887960013139145e-01 5.336500000000009986e-02
-4.912942490735974777e-01 3.261395015069624148e-01 8.076280000000000125e-01
3.242958283028137823e-01 -2.585018631371771014e-01 9.099500000000000366e-01
-9.003293346650592666e-01 -2.943261094051489168e-01 3.205919999999999326e-01
