2.397899557207666330e-02 -7.470208620563113522e-01 6.643679999999999586e-01
1.897104948547699566e-01 8.686476870376304282e-02 9.779900000000000260e-01
-3.263459030888056778e-01 8.040097612424563778e-01 4.970580000000000553e-01
-6.420176199738191203e-01 4.100377572884634780e-01 6.478289999999999882e-01
-9.827437057222321304e-01 -1.552439535129619963e-01 1.005689999999999779e-01
5.128859353119725739e-01 8.584448917281546354e-01 4.514999999999939201e-03
-5.030289667801909337e-01 -4.380549710710445743e-01 7.450299999999999701e-01
-6.214699145646305212e-01 7.658638947143485698e-01 -1.650079999999999047e-01
-6.287009911521186378e-01 -6.135519913653149082e-01 4.777960000000000540e-01
4.965768845932564957e-01 -8.021518135762429891e-01 3.316080000000000139e-01
-1.283980688362268974e-01 9.590605141674468648e-01 2.524219999999999797e-01
-7.295926204612938060e-01 -6.191326779232561028e-01 2.904640000000000555e-01
9.575705225704086443e-01 4.977602716403464744e-02 2.838679999999999537e-01
3.631050971043326969e-01 7.919722117952454621e-01 4.908509999999999818e-01
4.893093994123485779e-01 -4.170223404060346972e-01 7.659430000000000405e-01
-7.696089265448471384e-01 3.904779627309177825e-01 5.052020000000001509e-01
-5.253961566803918570e-01 -8.295782473916930577e-01 -1.891000000000000458e-01
-6.216681188222185073e-01 -1.086190207608409841e-01 7.757129999999999859e-01
-8.681128673227477277e-01 2.032499689364732076e-01 4.528460000000000263e-01
4.816837676360889442e-01 -1.845059109944781617e-01 8.567019999999999635e-01
-9.120716271664119912e-01 1.810499259910157768e-02 4.096309999999999674e-01
-6.474107804413161693e-01 5.574788109402597502e-01 5.196890000000000676e-01
1.650625262666617910e-01 -1.130210450600572514e-01 9.797860000000000458e-01
5.273740222987759463e-01 -7.874800332967496486e-02 -8.459759999999998392e-01
1.791671066408968005e-01 -5.039212999357435274e-01 8.449630000000000196e-01
9.977311532112784764e-01 -4.061800623728811094e-02 -5.369099999999995404e-02
-1.587190194143264232e-01 6.446220788494252396e-01 7.478439999999999532e-01
1.979749707785954105e-01 9.519058594972584775e-01 2.338399999999999923e-01
-3.374519607457848736e-01 9.405188905938174360e-01 -3.937499999999989619e-02
-3.584298719455814020e-02 -9.369386652646857216e-01 -3.476509999999999323e-01
9.453567400589134584e-01 -2.822159224001793421e-01 1.632629999999999915e-01
-3.186120527476150599e-01 -2.118760350770018397e-01 9.239020000000000010e-01
-1.514032476140145245e-01 4.811947869750142770e-01 8.634399999999999853e-01
-2.953258779577708770e-01 -9.160656214395733743e-01 2.713049999999999073e-01
-3.208070669229238780e-01 -2.204007329969335724e-03 9.471420000000000394e-01
-9.481612128799886685e-01 1.720040386181348746e-01 2.672169999999999823e-01
5.224249521538485430e-01 7.685869296091686342e-01 3.692509999999999959e-01
-6.365359646698904861e-01 6.791409623051550826e-01 3.654989999999999628e-01
1.713269741193734486e-01 -9.069788629919108836e-01 3.847550000000000692e-01
7.872767046147095549e-01 3.102508835942345833e-01 5.328600000000000003e-01
-1.013001112718701913e-03 -2.210012427561115211e-01 9.752729999999999455e-01
-4.656680826551682362e-01 -8.911601581791740723e-02 8.804610000000000491e-01
7.395450734695199202e-01 -2.447810243175771172e-01 6.270210000000000505e-01
-3.138649710642821278e-01 3.757389653600187174e-01 8.719569999999999821e-01
-7.619040217941404070e-01 -4.812330137655917439e-01 4.334939999999999349e-01
2.324584399248803834e-02 1.954606882241975430e-01 9.804359999999999742e-01
-1.434989719175716605e-01 9.890338064482933067e-01 3.493100000000000371e-02
3.164887690402300446e-01 -2.132265181219259453e-01 9.243209999999999482e-01
-9.452632619548665405e-01 -2.393970663426042422e-01 -2.217350000000000154e-01
7.876113945376842507e-01 5.504092757161750393e-01 2.769799999999998930e-01
-5.922911123560480329e-01 -7.366201397348807189e-01 3.264690000000000647e-01
-9.763123826304809239e-01 2.152370843544242907e-01 2.207100000000009402e-02
1.826286286908442302e-01 4.644740556602723336e-01 8.665509999999999602e-01
8.886723421037326931e-01 4.310581659403591170e-01 1.563660000000000605e-01
4.598999429207295021e-03 9.974768762007720779e-01 -7.084299999999989217e-02
-4.670512099240024528e-01 2.520831133029848292e-01 8.475359999999999561e-01
-1.683937555371578798e-01 -5.071382637704356933e-01 8.452539999999999498e-01
-1.519000578577257565e-01 -9.728983705705439577e-01 1.743420000000000247e-01
-2.863290100640038527e-01 9.475930333063701250e-01 1.417150000000000076e-01
8.660495975456335982e-01 3.648822517567087420e-01 3.417879999999999807e-01
1.809958954711443913e-01 6.364196324545610128e-01 7.498070000000000013e-01
-4.613950237407740129e-01 8.731200449258111895e-01 -1.574040000000000716e-01
-6.424079359739275352e-01 -7.539039248615955202e-01 1.376259999999999151e-01
3.392099298216818548e-01 -3.835119206561506400e-01 8.589849999999999985e-01
7.784388396434205326e-01 -5.236648921262575529e-01 3.461330000000000795e-01
1.869379099553492296e-01 7.780836252110217011e-01 5.997000000000000108e-01
-4.876139560368991654e-01 4.199909621337641341e-01 7.654020000000000268e-01
3.445790526388704533e-01 -8.220671255812985745e-01 4.532890000000000530e-01
-2.821841192133145437e-01 -8.347353526476556373e-01 4.728519999999999390e-01
7.975090768644262917e-01 1.307200125988770001e-01 5.889750000000000263e-01
-4.986346161248075837e-01 5.699985611850838518e-01 6.530430000000000401e-01
8.648033392404188557e-01 -4.684811837732878459e-01 1.806669999999999943e-01
-4.484702109226637590e-01 8.771424125340089306e-01 1.717430000000000068e-01
8.615742068574542278e-01 1.532740367999376185e-01 -4.839390000000000636e-01
6.005548822409815246e-01 -2.729889464713195490e-01 7.515389999999999571e-01
6.067179086845594371e-01 -7.716098838671225923e-01 -1.910800000000000831e-01
-7.552054826120387920e-01 -1.313989099791835757e-01 6.421829999999999483e-01
-7.585166561088174664e-01 2.272348969777700511e-01 6.107510000000000439e-01
-6.233624450307454490e-01 2.425381731527859186e-01 7.433670000000000000e-01
-8.170898915357143188e-01 4.047099462769341432e-02 5.750880000000000436e-01
-1.491399876803936597e-02 -5.692719529756818941e-01 -8.220139999999999114e-01
7.549843510847681349e-01 4.751332209476745727e-01 4.519369999999999776e-01
-3.355965492047648380e-01 -3.961864678164234155e-01 8.546409999999999840e-01
9.861687225776119003e-01 -8.843697512150175410e-02 1.401789999999999148e-01
-1.443429981574955445e-01 8.868509886795554742e-01 4.389310000000001266e-01
9.365671806491294715e-01 -1.474390284386776218e-01 3.179679999999999174e-01
6.543428978113530192e-01 6.260069022365818414e-01 4.242060000000000830e-01
-1.553321085925545020e-01 -6.663414658387926126e-01 7.292880000000000473e-01
1.570864901531873747e-01 -3.234880093718352501e-01 9.331019999999999870e-01
9.296374056475966707e-01 3.255277918777532697e-01 -1.726439999999999919e-01
-6.897349183178068666e-01 6.136399273293934725e-02 7.214570000000000149e-01
9.128477773981906740e-01 -4.082409004487218551e-01 6.950000000000069837e-03
-3.536932550157987354e-01 7.047935081620212427e-01 -6.149530000000000829e-01
9.942252719539579342e-03 -8.315320490561614944e-03 9.999160000000000270e-01
-6.471710029923630758e-01 -2.933630013564400563e-01 7.036390000000000144e-01
-3.161740240885007602e-01 -7.107920541534522574e-01 6.283379999999999521e-01
2.012290015332700299e-01 8.812220067144959090e-01 4.277320000000000011e-01
9.905429564099369477e-01 1.030889954634417738e-01 9.053900000000004999e-02
-1.363349692045468520e-01 -8.023878187559898567e-01 5.810220000000000384e-01
5.115101819519526360e-01 -7.028352500091896715e-01 4.943479999999999541e-01
-5.343680967633324119e-01 8.451721530437060759e-01 1.160899999999999085e-02
1.680300212102194685e-02 3.871300488669420226e-01 9.218720000000000248e-01
-7.428571712215691347e-01 6.417091479079040095e-01 1.907160000000000799e-01
8.909957998876415486e-01 1.839679586818904200e-01 4.150690000000000213e-01
2.380499153168325749e-02 -9.608906581756201382e-01 2.759030000000000649e-01
-8.529774914932835017e-01 2.010868801210696777e-01 -4.816569999999999463e-01
-4.680257478983681496e-01 -7.229876105633991079e-01 5.081740000000001256e-01
6.474989830980512062e-01 -8.894399767825597602e-02 7.568580000000000307e-01
-6.669059475500239698e-01 -7.432989415419645196e-01 -5.237499999999999795e-02
6.719562339528896144e-01 2.868796729499134557e-01 6.827699999999999880e-01
-8.657015724475880525e-01 -3.329628355564226982e-01 3.737599999999999811e-01
1.400199836492428684e-02 7.247639153660925260e-01 6.888549999999999951e-01
5.091128707529104513e-01 -5.746068541261323270e-01 6.408049999999999580e-01
-9.369302509380895705e-01 -1.723530461613275999e-01 3.040659999999998919e-01
-4.948289671826376357e-01 -5.908339608155273037e-01 6.372280000000000166e-01
2.648700498992160451e-02 9.895401864207757914e-01 1.418050000000000699e-01
-1.961152766993891627e-01 -2.815013971708168472e-01 -9.393060000000000853e-01
1.865390845571625600e-01 -8.027903639005489200e-01 5.663310000000000288e-01
4.324961899153267897e-01 8.271353632070905793e-01 -3.588790000000000036e-01
-1.515295657127739837e-01 2.908730859307853689e-01 9.446860000000000257e-01
7.569398382014996818e-01 -6.302598652797807288e-01 1.726690000000000724e-01
1.884999593589171962e-02 -8.716518120695997407e-01 4.897629999999999484e-01
6.915056753920790777e-01 -7.222736609489124326e-01 -1.185999999999992095e-02
4.949160320133829671e-01 5.480290354489696369e-01 6.743310000000000137e-01
5.162951791762454556e-01 6.667492313901597356e-01 5.374799999999999578e-01
6.719051705340912672e-01 9.921302518093895462e-02 7.339620000000000033e-01
-3.330918200630349491e-01 6.863026292577457665e-01 6.465589999999999948e-01
-8.818128489363192823e-01 -4.700039194834572109e-01 3.876099999999998991e-02
-7.816458964262015252e-01 5.592699258926453476e-02 -6.212100000000001510e-01
3.447341783681217020e-01 6.772633504212789424e-01 6.499789999999999734e-01
7.936257514229644316e-01 6.013068116605158053e-01 9.267299999999993598e-02
-1.570928471883340227e-01 7.808032404756416467e-01 6.047050000000000480e-01
-1.619521881329173130e-01 -3.226533748125999246e-01 9.325590000000000268e-01
-4.969520587425462765e-01 6.988660826099266643e-01 5.144170000000001242e-01
5.241187850717636820e-01 3.849865766671590195e-01 7.596610000000000307e-01
-7.757506463241063965e-01 -6.233537158040618475e-01 9.818899999999999850e-02
8.775171961875778415e-01 -3.416320763790952619e-01 3.365280000000000493e-01
-8.871037632279221707e-01 6.997998132201912677e-03 -4.615170000000001771e-01
-9.329966023459501656e-01 3.194898638296884141e-01 1.656610000000000582e-01
5.180939568629965297e-01 1.657996661768301738e-02 8.551630000000000065e-01
-4.825770139365752054e-01 -8.572630247573136408e-01 1.794979999999999354e-01
5.311034523512576655e-01 2.065811759492511834e-01 8.217379999999999685e-01
-3.357179046047020221e-01 -5.638458397814319900e-01 7.545669999999999877e-01
-3.217776450666443022e-01 1.788488027227600197e-01 9.297699999999999854e-01
1.799940311267947401e-01 -9.702661677904297344e-01 1.618199999999999916e-01
6.574135640490093024e-01 -5.651106252579040090e-01 4.984549999999999814e-01
3.076831020815797291e-01 -8.928262962174984274e-01 -3.289259999999999962e-01
1.827629518259429597e-01 9.826587409832918674e-01 3.129700000000007476e-02
6.511210182247787470e-01 -6.784340189892655859e-01 3.402479999999999949e-01
6.702757146844732228e-01 7.020477011601267137e-01 2.405399999999999483e-01
-8.677217124532782266e-01 3.599618807153755484e-01 3.427629999999999844e-01
8.174049270250369759e-01 -5.760499485723385993e-01 -3.955000000000047887e-03
1.881391962929703510e-01 -6.661996950721571498e-01 7.216519999999999602e-01
1.259600093108075719e-02 -5.983350442281850645e-01 8.011470000000000535e-01
3.653799405192891259e-01 8.777398571115023751e-01 3.099520000000000608e-01
-3.361349090951429308e-01 -9.387147461324978348e-01 7.634099999999990893e-02
6.442061125327454008e-01 -4.280390747717405242e-01 6.338620000000000365e-01
3.473271023825318937e-01 -5.587281646977843019e-01 7.531179999999999541e-01
-9.734481069236352591e-01 -2.855000313593394640e-03 2.288900000000000934e-01
-6.489184744425836593e-01 -4.630026250153555512e-01 6.037660000000000249e-01
-1.495898460000396335e-01 9.526590192552827907e-02 9.841480000000000228e-01
3.649561846991968284e-01 3.470031756134311363e-01 8.639419999999999877e-01
9.542942223433747984e-01 2.972960692677476535e-01 3.061999999999991812e-02
3.279994463473527300e-01 -5.428687387452237889e-01 -7.731169999999999431e-01
-4.928139815289930281e-01 -2.697719898887602774e-01 8.272589999999999666e-01
6.459213974676657477e-01 4.717625599275739323e-01 6.001880000000000548e-01
-4.810580252149554426e-01 8.023770420570913720e-01 3.532340000000000479e-01
3.426860447273572530e-01 5.197750678410033576e-01 7.825600000000000334e-01
-1.594058050791579417e-01 -1.123351579251368054e-01 9.808010000000000339e-01
-3.197918674323559918e-01 9.077006237185950566e-01 -2.716850000000000653e-01
3.663934422813574510e-01 1.633391971702369827e-01 9.160110000000000197e-01
3.588999542511601137e-01 9.257758819917027981e-01 1.188689999999999053e-01
1.298960074618899230e-01 9.153590525828979585e-01 -3.811100000000000598e-01
-2.699997356980311292e-04 -4.270795819330898691e-01 9.042139999999999622e-01
7.759239357925772351e-01 -3.925049675203570176e-01 4.938440000000000052e-01
-7.666703162338447397e-01 5.311382190822804272e-01 3.607060000000000821e-01
2.230899700318965048e-02 8.484388860275745570e-01 5.288230000000000430e-01
-8.524699292824051700e-01 4.904009593182409588e-01 1.811129999999999685e-01
-7.724030054047253957e-01 -3.155820022082179155e-01 5.511819999999999498e-01
3.504182996972339814e-01 -2.572309540664964589e-02 9.362399999999999611e-01
-8.438791346760458056e-01 -4.809050767484244759e-01 2.379040000000001154e-01
