-3.898094073734650888e-01 4.646824856201791643e-01 7.950589999999999602e-01
-6.615469803971488760e-01 -7.215719786184981999e-01 2.041800000000000004e-01
-4.704246137242970582e-01 6.186944919767315421e-01 6.292200000000000015e-01
-3.044218407813940597e-01 -9.108465236093661321e-01 2.787220000000001363e-01
1.939448206564068078e-01 2.734287471564652572e-01 9.421370000000000022e-01
3.007761409636616201e-01 4.453292087108228214e-01 8.433359999999999745e-01
-8.410333188996951259e-01 1.456918820132531434e-01 5.209960000000001257e-01
7.855540447134234938e-01 -6.082320346203252681e-01 1.138360000000001176e-01
6.256348171614247722e-01 -7.644177766028147358e-01 1.557130000000000181e-01
4.943938192419782829e-01 4.744608265297886041e-01 7.283279999999999754e-01
-5.778301135958394813e-02 6.364361251172171441e-01 7.691620000000000124e-01
-8.479001160553548133e-02 -8.197861122072835904e-01 5.663580000000000281e-01
7.082598405657515306e-01 -7.016818420465049666e-01 -7.752799999999998581e-02
-4.895380703549376822e-01 -8.528381225673276056e-01 1.817129999999999856e-01
-4.801515172251932806e-01 -1.492218499628821526e-01 8.643999999999999462e-01
1.665459785145408655e-01 -6.225559196864439704e-01 7.646479999999999944e-01
5.065894838464216759e-02 4.439185477005462288e-01 8.946340000000000403e-01
1.368019080003350096e-01 -7.762644779599719991e-01 6.153849999999999598e-01
7.980890596166573259e-01 4.542710339337073244e-01 3.958429999999999449e-01
7.869081353925988509e-02 9.092362909898345225e-02 9.927439999999999598e-01
-5.630602560861981409e-01 -3.501921592713706510e-01 7.485509999999999664e-01
-8.264200892445894286e-01 4.569190493424026278e-01 3.290209999999999524e-01
4.336271854746414078e-01 2.740151172040344862e-01 8.584190000000000431e-01
9.795522368786403478e-01 -1.967700475835995055e-01 4.193999999999995648e-02
-9.644165552619387016e-01 -2.643858780791740193e-01 -9.030000000001055412e-04
-5.397301401702993967e-02 -6.750631753168866434e-01 7.357829999999999648e-01
7.897368180675323757e-01 5.795728664832140442e-01 2.010250000000000647e-01
5.139010413931685006e-01 6.527010525730879698e-01 5.566750000000000309e-01
9.662744474332091160e-01 1.543239117494321633e-01 2.061499999999999999e-01
-3.646430571273486243e-01 9.239631447540649356e-01 1.154449999999999921e-01
3.103978969261508292e-01 7.943557362182404047e-01 5.221609999999998752e-01
-7.968341934717591002e-01 -4.445001079248587228e-01 4.092370000000000729e-01
3.284900266862748053e-01 9.441129507982884417e-02 9.397769999999999735e-01
5.520439592192978306e-01 -5.094369623667703850e-01 6.600920000000000121e-01
2.058639894279502836e-01 -8.975255941090920508e-02 9.744559999999999889e-01
5.288771291073571801e-01 -6.802811660675015526e-01 5.074510000000000964e-01
5.583456181221263526e-01 9.169893728294080393e-02 8.245249999999999524e-01
-3.512609422349835531e-01 8.736908563211540635e-01 3.365710000000000646e-01
-1.494469442177179808e-01 -3.186528810602319850e-01 9.360159999999999592e-01
1.013629445991103828e-01 -8.958795103484608058e-01 4.325799999999999090e-01
6.235624743253380675e-01 2.879557572479878313e-01 7.268090000000000384e-01
-7.500641302921243758e-01 -3.123930542651660591e-01 5.829360000000000097e-01
3.583907128096910921e-01 -6.678934647949189563e-01 6.522839999999999749e-01
9.036955664435029068e-01 3.841408157048096239e-01 1.891300000000000481e-01
3.223991648278839439e-01 -8.132864157959869278e-01 4.843799999999999772e-01
6.367568724545280556e-01 -1.140519771548390293e-01 7.625830000000000108e-01
-1.684190710706660599e-01 9.663154077725834012e-01 1.946010000000000240e-01
1.212619342797139343e-01 7.571655896392428531e-01 6.418690000000000229e-01
7.906002770414862629e-03 -9.994383502223608273e-01 -3.256499999999992734e-02
-4.938391063708323925e-01 2.677950576819105311e-01 8.272899999999999698e-01
3.242225778778526357e-01 -2.690646496908128960e-01 9.069089999999999652e-01
4.455578174988192863e-01 -8.950196333985546704e-02 8.907680000000000042e-01
-6.650059789235290841e-01 -1.615369948803019318e-01 7.291590000000000016e-01
-2.296647916955265878e-01 -5.233115253598474848e-01 8.206090000000000328e-01
-3.810350280843364801e-01 6.953600512517861543e-02 9.219420000000000393e-01
-7.360522901699667608e-01 3.599501419012241660e-02 6.759669999999999845e-01
4.035801843143967116e-02 9.628014397098123567e-01 2.671790000000000553e-01
-1.752777205120948090e-01 4.683512531936729339e-01 8.659820000000000295e-01
3.541270514744931930e-01 9.346491358568634888e-01 -3.201599999999993340e-02
2.659960435919591082e-01 9.051981483456673638e-01 3.314549999999999441e-01
-8.912615538280218574e-01 -2.402328797376831748e-01 3.846310000000000562e-01
-2.679711561921910290e-01 6.437863752433878872e-01 7.167499999999999982e-01
9.040216322215621769e-01 -1.249770874019012767e-01 4.088100000000000622e-01
-9.106199963352444859e-01 -3.612849985460224178e-01 2.006100000000000105e-01
9.256622276123409598e-01 -2.851380701129869188e-01 2.486880000000000479e-01
1.900815812414065609e-01 -4.384000341842672066e-01 8.784499999999999531e-01
-9.072143961724543626e-01 2.458111073435231553e-01 3.413780000000000703e-01
2.156509053651237684e-01 -9.752185720412642755e-01 4.943100000000010680e-02
-2.685032111055506987e-01 -6.928655447523769384e-01 6.692110000000000003e-01
9.730576742606499296e-01 -5.234598247673620530e-02 2.245409999999998796e-01
6.773500962280460946e-01 -6.552970930950762218e-01 3.343389999999999418e-01
-8.327758438266430474e-01 -1.059109801381448307e-01 5.433850000000000069e-01
-6.783166442839309029e-01 2.440092317667248434e-01 6.930699999999999639e-01
3.801222161937997113e-01 -4.857022762422615325e-01 7.871470000000000411e-01
-6.313358474516551633e-01 -7.466528195878593399e-01 -2.095820000000000183e-01
-8.382640079793792776e-01 5.325020050688513695e-01 1.172820000000000112e-01
2.038499155804946728e-01 9.717615975684701368e-01 1.188470000000000359e-01
-5.466111238759751023e-01 8.008331814891559430e-01 2.447089999999998988e-01
7.903390218570268688e-01 -1.226530033920000262e-01 6.002669999999999950e-01
8.746418687353272325e-01 4.847029272566596436e-01 -8.041999999999998802e-03
7.771972450398137999e-01 2.777640875752722116e-01 5.646339999999999693e-01
-6.317797206346051908e-01 -5.014577782614008106e-01 5.910959999999999548e-01
4.842761769171935460e-01 -8.107302961783697803e-01 3.289269999999999694e-01
4.805529691112327972e-01 7.920669490878775587e-01 3.764290000000000691e-01
-4.759280088163652667e-01 -6.700750124128564966e-01 5.696419999999999817e-01
-6.664768307683746063e-01 5.556768589026750416e-01 4.970229999999999371e-01
-4.328120528336386608e-01 -5.272790643652861542e-01 7.311980000000000146e-01
4.143621172711397516e-01 -9.005912548818015839e-01 1.312989999999999990e-01
-4.630734912824015226e-02 -1.010899451761415324e-01 9.937989999999999879e-01
-2.956199706522723014e-01 -8.215959184359119538e-01 4.874309999999999476e-01
-7.049158877849548421e-01 6.442208974469463278e-01 2.967709999999998960e-01
-5.853657295484252648e-02 2.715660188291282306e-01 9.606379999999999919e-01
1.560690138307414820e-01 5.978990529854515401e-01 7.862310000000000132e-01
8.763648794355225480e-01 7.115399021110514755e-02 4.763629999999999809e-01
2.659468944058884232e-01 -9.202076346319145728e-01 2.872109999999999941e-01
8.236470162233882064e-01 -3.244260063902241198e-01 4.651379999999999959e-01
8.244599747268023526e-02 8.798699730282507625e-01 4.680080000000000351e-01
-3.168800616216690402e-01 7.810841518925136784e-01 5.380470000000000530e-01
-5.715870900759848494e-01 5.410000852558026485e-02 8.187560000000000393e-01
5.199893220716382825e-01 -3.053671891387124693e-01 7.977229999999999599e-01
-8.025096398334096159e-01 -5.568547500834047925e-01 2.142219999999999680e-01
6.622110981024095233e-01 4.756360704624925106e-01 5.790049999999999919e-01
-2.070701555340048738e-02 -4.931743704318698462e-01 8.696840000000000126e-01
-7.436481574299670383e-01 -6.685711415361980103e-01 -2.160000000000841531e-04
7.425158969954337440e-02 -2.749014809456118424e-01 9.586010000000000364e-01
7.359780508992906922e-01 8.393600580490566399e-02 6.717819999999999903e-01
-9.333413994693496862e-01 3.309851416613679431e-01 1.390060000000000462e-01
-5.889739389308679129e-01 4.393529544446677093e-01 6.782909999999999773e-01
-2.729272655961613725e-01 -1.317531282141050919e-01 9.529699999999999838e-01
-4.947598589991372697e-01 -7.789497780082832445e-01 3.852920000000000789e-01
-3.633492574304175715e-01 -3.415162419618780754e-01 8.668010000000000437e-01
9.993965820966886904e-01 3.358898595457628783e-02 8.846000000000091637e-03
8.245922303706835210e-01 -4.824011347709511455e-01 2.955280000000000684e-01
-6.632170672793410438e-01 -6.262460635288575883e-01 4.098279999999999701e-01
-1.514590590658105307e-01 -9.805773824043155784e-01 1.246119999999999450e-01
-9.796748919789904919e-01 1.038659885475183425e-01 1.716069999999999818e-01
8.915939479635600629e-01 2.536709851949028316e-01 3.751149999999999762e-01
4.285937735664965831e-01 8.857985320173151766e-01 1.779559999999999198e-01
3.431548206058577244e-01 6.406156650995676882e-01 6.869180000000000286e-01
-1.412200766917467154e-01 8.995514885153474971e-01 4.133569999999999189e-01
-1.673726271119544418e-01 8.193630699905062043e-02 9.824829999999999952e-01
-1.020349681517148666e-01 7.892987536353256450e-01 6.054720000000000102e-01
7.721611268359083180e-01 -3.608490592734037161e-01 -5.230249999999998511e-01
5.736668609599967494e-01 8.189548015094019195e-01 1.481100000000009492e-02
6.883880057994954393e-01 -3.219420027122802397e-01 6.499810000000000310e-01
-1.063200796809291027e-01 -9.257156937719274170e-01 3.629689999999999306e-01
9.043543684653733150e-01 -4.205761713573366589e-01 7.251799999999988811e-02
-9.300881684965721652e-01 2.161000391491094911e-03 3.673300000000000454e-01
7.017972412856746667e-01 -5.086541748809464414e-01 4.987499999999999711e-01
-5.450278954765017669e-01 8.378348393230348190e-01 3.126300000000009627e-02
-2.864326087153666878e-01 2.797416178556733080e-01 9.163520000000000554e-01
-5.694298597762773723e-02 9.763867595619841744e-01 -2.083900000000000197e-01
9.718192760465910185e-01 1.354790384830056593e-01 -1.929060000000000497e-01
6.643199623806983478e-01 6.332149641421210839e-01 3.971369999999999623e-01
-5.218029790499147946e-01 7.276429707855591733e-01 4.452610000000000734e-01
