-1.826309966067870827e-01 6.654419876363466546e-01 7.237630000000000452e-01
9.469994686695913932e-01 -2.761448450641649788e-01 -1.641219999999999624e-01
-4.663533938514283217e-01 4.693063900132349864e-01 7.498439999999999550e-01
-8.885609023107623461e-01 4.770099475570695191e-02 4.562719999999999554e-01
9.862303528316538337e-01 -7.432402659000419964e-02 1.477349999999999497e-01
9.810141733579047507e-01 1.156850204430407703e-01 -1.556540000000000978e-01
4.976021973266963605e-01 7.497092973010562877e-01 4.362659999999999871e-01
6.365659426040279900e-01 6.285299433285939097e-01 -4.469159999999998134e-01
-6.856835446908153830e-01 1.999451588317124329e-01 6.998999999999999666e-01
-3.980204947086659617e-01 1.160628526569499885e-01 9.100049999999999528e-01
1.217049082319207748e-01 -6.864844823761566683e-01 7.168870000000000520e-01
5.116791689394218912e-01 4.629811528609586446e-01 -7.237630000000001562e-01
1.683458137066622673e-01 5.256334183282507233e-01 -8.338879999999999626e-01
4.716123493440170789e-01 5.134732915909226980e-01 7.168870000000000520e-01
-3.028040780201997628e-01 9.302272396814321720e-01 -2.073330000000000450e-01
8.716037240231324645e-01 -4.674198520003264856e-01 1.477349999999999497e-01
2.813941062958494332e-01 2.268822794247275232e-01 9.323850000000000193e-01
-3.795940907084935367e-01 -8.798492102503655543e-01 2.859609999999999652e-01
8.612174644011061364e-01 9.393194158287994366e-02 4.994810000000000083e-01
-2.813548790074254513e-01 -7.544486755603172501e-01 5.929980000000000251e-01
-6.683847830644565891e-01 -7.350207614366272013e-01 1.140450000000000630e-01
-1.316585468934391434e-01 3.355628451511102339e-01 9.327720000000000455e-01
0.000000000000000000e+00 -0.000000000000000000e+00 1.000000000000000000e+00
6.693286932145450230e-01 -1.951759105415155071e-01 7.168719999999999537e-01
4.969541109792756650e-01 -8.561871912028338194e-01 -1.413509999999999489e-01
3.961152513503676253e-01 -7.655494857706033329e-01 5.069780000000000397e-01
-7.749325462310590051e-01 4.373733082937821259e-01 4.562719999999999554e-01
6.150813238040137021e-01 1.705868124636313043e-01 7.697889999999999455e-01
-6.455104742633773762e-01 -1.450868818338504340e-01 7.498439999999999550e-01
-1.685550827211294012e-01 9.790724804956337790e-01 1.140450000000000630e-01
1.071529513636752945e-01 9.889085511380988347e-01 -1.028500000000000386e-01
-7.455101978292175691e-01 -4.326521148089315094e-01 -5.069779999999999287e-01
1.405650695544645445e-01 5.337342641026043832e-01 8.338879999999999626e-01
1.682560564798754876e-01 7.874282643224338463e-01 5.929980000000000251e-01
8.217834327297733887e-01 3.133911650236332336e-01 -4.758759999999999657e-01
4.411757994509736269e-01 8.915075947398284351e-01 1.028499999999999415e-01
-2.913864109224308940e-01 -2.122035710013951415e-01 9.327720000000000455e-01
7.650762047104723296e-01 -6.248441671887633442e-01 -1.556540000000000978e-01
-1.664599563155537074e-02 8.996637638992881492e-01 -4.362660000000000426e-01
9.364664478268374115e-01 2.931481401861271707e-01 1.925999999999999379e-01
1.528159334415285786e-01 9.459775879826087808e-01 2.859609999999999652e-01
6.321248105979793142e-01 -7.505487751148947062e-01 1.925999999999999379e-01
-5.245356883621304922e-01 7.059775805636223645e-01 4.758760000000000767e-01
3.840226124642698302e-01 -1.119808869946888469e-01 9.165079999999999893e-01
-8.792618593505768798e-01 -4.548829272355320863e-01 1.413510000000000599e-01
-1.989619630302450481e-01 8.721698379393496570e-01 4.469159999999999244e-01
-6.757475654859410596e-01 5.421106514161329049e-01 -4.994809999999998973e-01
1.153414966560471350e-01 -3.425705050411418373e-01 9.323850000000000193e-01
8.671268036895115605e-01 -2.528539427559143848e-01 4.291340000000000710e-01
7.553375937614817959e-01 6.216736656491206325e-01 2.073329999999999618e-01
4.269877616912108320e-01 -4.744537351996817587e-01 7.697889999999999455e-01
