6.139550381028017201e-01 5.516100342335944484e-01 5.646109999999999740e-01
4.000371854713979380e-01 -4.828862238831445608e-01 7.789679999999999938e-01
7.954290307464078058e-01 3.626090140162405162e-01 4.856000000000000316e-01
3.561096918642101539e-01 5.096605589992002638e-01 7.832189999999999985e-01
8.492592469649483666e-01 -6.709901951242328022e-02 5.236950000000001326e-01
-1.932806626147913209e-01 3.826023321402879374e-01 9.034699999999999953e-01
3.887400554174487710e-01 7.073361008354082102e-01 5.903869999999999951e-01
1.957363708114060186e-01 -2.658955037238872610e-01 9.439210000000000100e-01
-1.751609992632077173e-01 -9.829239958654558684e-01 5.638299999999995399e-02
-3.030063727366024140e-01 -4.913436044154915749e-01 8.165590000000000348e-01
-3.033471647735285770e-01 -1.989851080856595844e-01 9.318720000000000336e-01
-8.103003027288734755e-03 -8.455473158971883452e-01 5.338390000000000635e-01
-8.252092510773625933e-02 -6.569174038114405922e-01 7.494330000000000158e-01
5.710150299032268340e-01 3.390440177552421774e-01 7.476570000000000160e-01
-5.074373371751892403e-01 -2.786496360222648350e-02 8.612379999999999480e-01
-9.303786074956230667e-01 2.482778952575223630e-01 2.697289999999999965e-01
-5.343788067016701504e-01 -3.132938866736773020e-01 7.850390000000000423e-01
2.809009608714350126e-01 -8.534048811235523946e-01 4.390839999999999188e-01
-2.844709477968358491e-01 -7.538808616555866537e-01 5.922330000000000094e-01
-6.220905459161757411e-01 4.198153684093931526e-01 6.608770000000000477e-01
-9.530092302056356601e-01 1.415720341976544339e-01 -2.678259999999999530e-01
-4.794380673986526342e-01 8.175221149259785935e-01 3.190560000000000618e-01
-5.627727511446439790e-01 8.264506345475746141e-01 -1.631499999999992678e-02
8.214197463179930825e-01 5.698878239994988881e-01 2.230399999999994193e-02
-4.982501649412687805e-01 -5.766041908796695203e-01 6.475140000000000340e-01
4.558994291815315347e-01 -2.176492048939154544e-01 8.630090000000000261e-01
-9.405798407387561122e-02 9.954898314412652383e-01 1.237300000000010267e-02
2.769026549584107169e-02 1.973298920102320997e-01 9.799459999999999837e-01
-3.888745130500226854e-01 5.455037196941079358e-01 7.424300000000000344e-01
-3.109800200271651271e-01 7.670510493982156675e-01 5.611810000000000409e-01
-3.431639834649038989e-01 9.326929550588979323e-01 1.110060000000000074e-01
4.359501975896000192e-01 8.930864047815243456e-01 -1.111039999999999389e-01
-1.882510273661757161e-01 9.225371341098305145e-01 3.368780000000001218e-01
-4.648798665143958897e-01 -7.977867709235076932e-01 3.839570000000001038e-01
-4.519091774385559646e-01 2.696451058740131912e-01 8.503349999999999520e-01
-5.722731456551477525e-01 6.444261640195577678e-01 5.071670000000001455e-01
4.864601947618428790e-01 -6.671862671183136362e-01 5.641089999999999716e-01
-8.107059959428127849e-01 2.747629986249456313e-01 5.169730000000000159e-01
8.345470777979335786e-01 4.878380454771131247e-01 -2.560179999999999123e-01
-2.752099974599892321e-02 8.408879922391452322e-01 5.405090000000000172e-01
9.202670642319121797e-01 1.450250101223156396e-01 3.634230000000001071e-01
5.264101445925240680e-02 -9.605752638475033578e-01 2.729909999999999282e-01
6.185149499933203510e-01 7.792839369952138107e-01 1.007760000000000045e-01
7.390827791298313354e-01 1.450109566644016412e-01 6.578209999999999891e-01
-1.300999422085448165e-01 6.388287162270753772e-01 7.582689999999999708e-01
-9.791548948402781782e-01 2.030929781881282703e-01 2.988999999999940489e-03
1.352768085708323242e-01 -5.183992664171993558e-01 8.443709999999999827e-01
3.124073037124126540e-01 2.678072603536735818e-01 9.114170000000000327e-01
-2.524869712492411322e-01 9.628260769933895402e-02 9.627980000000000427e-01
2.164351405046071319e-01 -7.132724630397215826e-01 6.666320000000000023e-01
-7.326429719331987167e-01 -1.311129949771955017e-01 6.678650000000000420e-01
5.413921434774561225e-01 -7.843102078545741707e-01 3.029060000000001196e-01
-8.229396059765479998e-02 -3.661648246802957640e-01 9.269039999999999502e-01
8.809115169523268341e-01 -1.249599314782438679e-02 -4.731159999999998700e-01
-6.669176965140933833e-01 -7.257886697244148033e-01 1.686760000000000481e-01
-9.086419463800383678e-01 -3.679339782878110476e-01 -1.974700000000000344e-01
8.892029077437344498e-01 -4.151779569246034640e-01 1.922119999999999662e-01
8.212195799276009733e-01 -3.339628291704553886e-01 4.626739999999999187e-01
-7.124998185650166516e-01 5.805998521527698797e-01 -3.940150000000001151e-01
-7.530288946718437515e-01 6.481779093376304202e-01 -1.131939999999999336e-01
-8.753009783948313416e-01 4.745879882856823828e-01 9.281399999999992434e-02
-8.907852885536611254e-01 -2.455140795298118850e-01 3.823930000000000384e-01
-6.808426689082931471e-01 1.356899340144001875e-01 7.197510000000000296e-01
9.924841595506176395e-01 8.428601354972307946e-02 8.871900000000010333e-02
-6.626581770108265212e-01 -6.123631635759029246e-01 4.311559999999998727e-01
-3.090594820562846817e-02 -8.334955719445125144e-02 9.960409999999999542e-01
-2.175079496293503278e-01 -9.160017878716372186e-01 3.370920000000000027e-01
7.185401262072536877e-02 9.692931702505184210e-01 2.351760000000000517e-01
5.227956935981286080e-01 6.796909017525264163e-02 8.497440000000000548e-01
6.329754908485387688e-01 -4.230086597412059390e-01 6.483870000000000466e-01
1.368319537130839592e-01 6.935157654005137395e-01 7.073279999999999568e-01
9.495551350636292076e-01 3.022140429865774469e-01 -8.373599999999993548e-02
2.333689555713611974e-01 8.707138342340335901e-01 4.328930000000000278e-01
9.798105523470972411e-01 3.081598592088489325e-02 -1.975390000000000201e-01
-7.279047611321868283e-01 -3.840498739709389264e-01 5.680319999999999814e-01
7.468159170409037761e-01 5.918819342515481141e-01 3.032190000000001273e-01
-6.969130916767845019e-01 6.920420910360191025e-01 1.881219999999999282e-01
8.189710744858740010e-02 4.621596063510468588e-01 8.830069999999999864e-01
5.237088349316549873e-01 7.726857564563542891e-01 3.587280000000000468e-01
6.775501956867011621e-01 -1.525590440613496523e-01 7.194800000000000084e-01
-7.789386810581510057e-01 5.056307929659626943e-01 3.709339999999998749e-01
3.567620446831599179e-01 9.189241150919325030e-01 1.682239999999999569e-01
2.577229953077748714e-01 3.360999938808066374e-03 9.662129999999999885e-01
3.246001162073083313e-01 -9.296443328140078233e-01 1.743450000000000832e-01
