-5.111116602600008774e-01 1.899738737228502394e-01 8.382570000000000299e-01
-8.867731697987200068e-01 3.349750641407959195e-01 3.184730000000001171e-01
5.666477467244552813e-01 -3.752118322909042125e-01 7.335709999999999731e-01
4.400133987360465571e-01 -6.884206238403617339e-01 5.765980000000000549e-01
-6.665141381821833022e-01 -5.448991129688701696e-01 5.087669999999999693e-01
-2.975603745389711063e-01 -3.983285013757204007e-01 8.676359999999999628e-01
-1.080610379045299912e-01 9.632903378929924543e-01 2.457529999999999437e-01
-1.759189419427284740e-01 7.174097632383817924e-01 6.740739999999999510e-01
2.426394054745910356e-01 1.030763226252134623e-01 9.646249999999999547e-01
-8.773036693724581836e-01 -2.801858944069462454e-01 3.896590000000000331e-01
8.474187223765210497e-01 3.026069008627277901e-01 4.362459999999999671e-01
7.703091759250840775e-01 6.065801385322480005e-02 6.347789999999999822e-01
6.931087681742288675e-02 -5.385250429077556023e-01 8.397540000000000004e-01
4.190070103551654102e-01 -8.510240210318545939e-01 3.165299999999999225e-01
9.606215544488833080e-02 2.311043739661413632e-01 9.681750000000000078e-01
-3.951889762856297672e-01 7.437480733632867436e-02 9.155839999999999534e-01
-2.000670144590406263e-01 -8.170900590519052376e-01 5.406819999999999959e-01
-2.284861297055569007e-01 -9.331015296971575390e-01 2.776970000000001382e-01
8.462398548764422934e-02 8.508408540874062842e-01 5.185640000000000249e-01
6.572374213053671088e-01 -2.124901362114084424e-02 7.533840000000000536e-01
4.771680212764864981e-01 -8.654260385885570450e-01 1.528020000000000211e-01
5.019438715136038676e-01 8.211417898060813236e-01 2.716219999999998636e-01
-9.774891630030313472e-01 -6.104001017884082281e-02 -2.019630000000000036e-01
-3.095003153783979725e-03 7.584567728614981519e-01 6.517159999999999620e-01
-4.420580534363777181e-01 7.275940879522322380e-01 5.245870000000000255e-01
-2.595280781855237029e-01 -9.650782907398387511e-01 -3.562400000000003064e-02
-2.649441783639951975e-01 7.881595305996289547e-01 5.555259999999999643e-01
1.883769506502849245e-01 5.486788562608370112e-01 8.145339999999999803e-01
-9.710895818794137990e-02 -9.935885721920582059e-01 -5.789300000000000002e-02
-4.734520109534596788e-01 -7.751510179333606088e-01 4.183109999999999329e-01
-9.929967432509692049e-01 8.487297805526060335e-02 -8.218299999999990890e-02
-6.904898922383649607e-02 9.946028447768318070e-01 7.744299999999999795e-02
3.566668403031871271e-01 -1.664889254549406505e-01 9.192770000000000108e-01
-3.200517736770305821e-01 4.251676993448429420e-01 8.466399999999999482e-01
-5.546295975901647246e-01 -2.521158170781276908e-01 -7.929840000000000222e-01
-5.676981185444403000e-01 -3.554180742169741336e-01 7.425610000000000266e-01
-8.359130532869574193e-01 5.378330342852476464e-01 -1.094760000000000455e-01
-8.312891891655158627e-01 2.676860609137859948e-01 4.871369999999999312e-01
2.175973833990064721e-01 -6.072110698847442423e-02 9.741480000000000139e-01
3.056340671133391806e-01 -9.301442042477923167e-01 2.035179999999999489e-01
8.890454815504911235e-01 -4.091112215946358099e-01 2.054900000000000615e-01
-4.772612029156992342e-01 3.628101542548936576e-01 8.003689999999999971e-01
-2.075644223344483286e-01 3.100456308545029849e-01 9.277870000000000283e-01
1.284320545771814870e-01 -9.641244097045171824e-01 2.323130000000001028e-01
1.809310979144214751e-02 -2.585515689259587635e-01 9.658280000000000198e-01
-8.115008490946791497e-02 6.269036559457810132e-01 7.748589999999999645e-01
-6.827132467555337980e-01 -2.392100864585723630e-01 6.904209999999999514e-01
-3.529150119396751162e-01 6.650030224981078320e-01 6.581960000000000033e-01
7.680179239573771133e-01 6.278539378352265832e-01 1.262849999999999806e-01
-8.580906147152779495e-02 -7.555325412451641132e-01 6.494670000000000165e-01
-6.263737939469543603e-01 -6.720007789374193852e-01 3.950580000000000203e-01
-5.216000980603098247e-01 7.674471442793145970e-01 3.727710000000000745e-01
-8.620126130767012951e-01 -4.173318126762891045e-01 2.876949999999999785e-01
3.209397979794337830e-01 -3.371077878022401553e-01 8.850740000000000274e-01
5.115784219285307577e-01 -9.320007686753353782e-02 8.541670000000000096e-01
-8.225338048085758524e-01 -5.401278718249296062e-01 1.780450000000001198e-01
7.919771084493008040e-01 -5.395090738776174843e-01 2.858359999999999790e-01
-9.182164384994476736e-01 3.685961760251860730e-01 1.449670000000000958e-01
-5.086199927486051431e-02 -9.651869862393317456e-01 2.565680000000000738e-01
9.631001314822329462e-01 -1.074760146726035509e-01 2.467530000000000279e-01
-4.077668726366692753e-01 -8.699137282881046485e-01 2.774459999999999149e-01
-5.640650041499779554e-01 -7.798240057373749812e-01 2.714870000000000339e-01
7.230384289842972656e-01 -6.642163940847286563e-01 1.898209999999999065e-01
-7.898199033220054677e-01 -2.768859661077422984e-01 5.472829999999999639e-01
-3.080619669767883373e-01 -8.555419082887713023e-01 4.161079999999998669e-01
-5.370320714817635732e-01 5.484000729948947800e-03 8.435439999999999605e-01
7.365594805367817743e-01 6.069015719788394270e-01 2.985810000000000408e-01
-1.871479449635074510e-01 9.798307118512543656e-01 -7.005300000000004579e-02
7.598048066006388712e-01 6.471008352881069126e-01 -6.290600000000005909e-02
-7.927650246533103351e-01 4.297090133630387943e-01 4.322890000000000343e-01
1.033269748592651749e-01 -7.664338135171443467e-01 6.339580000000000215e-01
-2.547089619552415085e-01 -6.973528958394619170e-01 6.699420000000000375e-01
9.210044451829454415e-01 3.803631838549242361e-01 8.411100000000008847e-02
1.773129962985134922e-01 -8.457109823454128650e-01 5.033220000000000471e-01
-6.605419538701866600e-01 -6.913799517165758468e-02 7.475990000000000135e-01
2.843117325251601768e-01 6.484133899855413219e-01 7.062060000000000004e-01
-2.241759450120937025e-01 -9.525277663553617380e-01 -2.060000000000000719e-01
-6.289219570903142875e-01 -7.701489474547691394e-01 1.064320000000000821e-01
-7.561779586187310498e-01 -5.539529696853414675e-01 3.483260000000000245e-01
6.168745346542562347e-01 -1.929261672119541582e-01 7.630500000000000060e-01
-6.543337067625840664e-01 7.029066849947699369e-01 2.788719999999999533e-01
-3.692650917061605642e-01 -7.480001857641752627e-01 5.514879999999999782e-01
-9.192452443595552358e-01 3.924831043323287472e-01 -3.074400000000004213e-02
-1.532951736694657119e-01 4.772565406881799088e-01 8.652900000000000036e-01
2.658749949381585820e-01 8.308099841826854792e-01 4.889430000000000165e-01
-9.574059136916129864e-01 2.537779771223809266e-01 -1.377340000000000231e-01
1.192580911483370198e-01 3.920012996045485476e-01 9.122019999999999573e-01
-9.411580861449856394e-01 -1.382310126523999816e-01 3.084049999999999292e-01
-7.804458851623250482e-01 -1.131359833527556535e-01 6.149019999999999486e-01
-2.931687970905901830e-01 -5.557446153553413648e-01 7.779460000000000264e-01
-5.259887907004011653e-01 8.503946616139647086e-01 1.283400000000010401e-02
-4.959431005864613495e-01 -8.596351743499606179e-01 1.227510000000000684e-01
9.376346825465150525e-01 2.776259060046379901e-01 -2.092009999999999426e-01
-3.475800062312750516e-01 8.371870150087534768e-01 4.222630000000000550e-01
-6.836706033781138059e-01 -4.009037674213173363e-01 6.098120000000000207e-01
3.756292815002247321e-01 5.140393852260980445e-01 7.711459999999999981e-01
-7.843063320207970257e-01 -4.223501787937154472e-01 4.544049999999999478e-01
-5.406189235256638748e-01 -8.365738816607606321e-01 -8.874299999999991917e-02
-9.572790029357090003e-01 2.064490006331218541e-01 2.024740000000000428e-01
4.635881901776951475e-01 5.947332439773056478e-01 6.567939999999999889e-01
6.847108527921741405e-01 5.660348783066406764e-01 4.591029999999999833e-01
1.566300808018681601e-01 -3.872681997827865930e-01 9.085649999999999560e-01
-9.669096707612889752e-01 -2.531879137879526342e-01 3.132999999999988572e-02
1.825798521376604741e-02 5.185505800516800878e-01 8.548519999999999452e-01
6.423619441314861733e-01 7.353979360398135157e-01 2.157799999999999163e-01
-2.358800067448212634e-01 9.670330276516221346e-01 9.595699999999990348e-02
5.814397977960719666e-02 9.719056620060347873e-01 2.280760000000000287e-01
4.479572713408421641e-02 -9.725374969392532043e-02 9.942509999999999959e-01
8.619130766110600916e-01 1.342060119288883413e-01 4.889729999999999355e-01
5.434087942928639281e-01 7.771697058027839111e-02 8.358630000000000226e-01
-5.547964297433765068e-01 -1.850138098305166290e-01 8.111540000000000417e-01
-9.155244348875140048e-01 7.026003337454544626e-03 4.022009999999999752e-01
-8.677967945260957050e-01 -1.264319700638781852e-01 4.805659999999999377e-01
-9.957152939877077502e-01 -8.728602577144164987e-02 -3.053199999999994460e-02
3.706509046387924666e-01 7.260788131941633416e-01 5.791610000000000369e-01
6.335049100805426603e-01 -7.684638909245140592e-01 9.019300000000009254e-02
3.569098993633738059e-01 -6.026138300831025418e-01 7.137729999999999908e-01
-5.539281857281540544e-01 8.117532721750592151e-01 1.849869999999999848e-01
3.522572143130994760e-01 -8.079874915791549483e-01 4.723040000000000571e-01
-3.251069670632946162e-01 -9.357439051994438373e-01 1.367070000000000507e-01
9.118168595132449816e-01 -2.709639582516523704e-01 3.084939999999999904e-01
-1.024106937390925204e-01 1.829230253078812166e-02 9.945739999999999581e-01
6.715513716428817004e-01 1.590740880331051044e-01 7.236810000000000187e-01
-9.946985214329703284e-01 6.103797063355404645e-02 8.276000000000004186e-02
-8.525412688238253045e-01 5.177031632424724528e-01 7.181099999999991657e-02
-6.037009138765396798e-01 6.521489069649897274e-01 4.585270000000000179e-01
2.449751086209757955e-01 -9.008683994414173890e-01 3.583620000000000139e-01
-1.422700199793409948e-02 9.956201398174661099e-01 -9.240199999999994251e-02
-7.563793614855596203e-01 4.208496447304240634e-02 6.527779999999999694e-01
-7.043572917793136101e-01 -6.706982778361002540e-01 2.324750000000000427e-01
6.582135160801311224e-01 3.388392656709537931e-01 6.722669999999999479e-01
-2.687376330279194203e-01 -4.182309851686474150e-02 9.623049999999999660e-01
4.121565290560218475e-01 1.714408041059437282e-01 8.948380000000000223e-01
-9.019260961487627348e-01 1.435560153036190001e-01 -4.073339999999999739e-01
-1.296086019314302007e-01 -1.519465333246536043e-01 9.798540000000000028e-01
-2.563369751428614118e-01 5.807489436844530672e-01 7.726720000000000255e-01
3.854848372109177523e-01 4.929997918076771922e-03 9.227009999999999934e-01
-4.439709496579833520e-02 3.564577624664637678e-01 9.332559999999999745e-01
6.423029919188837367e-01 -4.699769940869982787e-01 6.054490000000000149e-01
-4.233641069067051732e-01 8.628442178829779374e-01 2.761570000000000968e-01
-2.942329600959706082e-01 -2.187587138199595937e-01 9.303609999999999935e-01
7.608167278988018367e-01 -3.820458633637597856e-01 5.245939999999998937e-01
-7.473577839580382021e-01 2.102132205079646765e-01 6.302910000000000457e-01
7.049484911025763467e-02 6.714099901641376600e-02 9.952499999999999680e-01
4.442058408030550298e-01 7.836937191355121124e-01 4.341720000000000024e-01
1.835251206814985936e-01 7.586614988767002021e-01 6.251010000000000177e-01
1.224919723722450449e-01 9.044407960056628504e-01 -4.086350000000000260e-01
-9.133299895910100830e-01 1.736489980209662554e-01 3.683399999999999452e-01
2.537928509391458864e-01 -5.022817049935029976e-01 8.266210000000000502e-01
-4.163291077151027308e-01 -9.091612352235143302e-01 -9.794000000000016234e-03
-4.375985144121528614e-01 -4.621095432257127933e-01 7.713379999999999681e-01
2.773853962923936711e-01 4.168735955750996758e-01 8.656059999999999865e-01
8.525782578869454120e-01 5.224291580238044075e-01 1.334499999999996800e-02
-5.199022235890473631e-01 5.982682572911285357e-01 6.097350000000000270e-01
-9.522302511094524191e-02 8.373152208055938406e-01 5.383639999999999537e-01
-4.333948010922103466e-01 -2.955128643735215888e-01 8.513760000000000217e-01
-9.253006881540036532e-03 -8.501266322464261505e-01 5.264969999999998818e-01
5.785938969525299402e-01 -7.740798621365143628e-01 2.569620000000000237e-01
7.420417622499638766e-01 4.090198689501136076e-01 5.311089999999999423e-01
-1.836299369009138371e-01 8.946196925899666530e-01 4.073519999999999919e-01
-1.449879458592220338e-01 -4.900358170129233693e-01 8.595599999999999907e-01
1.625769619610077377e-01 9.150437859023626830e-01 3.691389999999999949e-01
7.597938582218076720e-01 -6.500408787018087109e-01 1.265500000000008632e-02
5.143880315731960140e-01 -7.464160458151021249e-01 4.222179999999999267e-01
-4.226314067518464612e-01 -3.383565250485872644e-01 -8.407720000000000748e-01
-6.674869917215098258e-01 -7.430239907846644121e-01 -4.874900000000009087e-02
-1.556074488289111435e-01 -3.189478702671609267e-01 9.349110000000000475e-01
-3.646160093153031356e-01 2.541710064936259506e-01 8.957969999999999544e-01
-9.721157371916547829e-01 2.321529372382041545e-01 3.310599999999992021e-02
8.053039335778729990e-01 4.613429619480551858e-01 3.723550000000000471e-01
-7.626287090922952983e-01 6.227317624565326115e-01 1.749359999999999804e-01
7.509472006805687494e-01 -1.250140334083238991e-01 6.484210000000000251e-01
-4.156720577624826163e-01 -6.165570856778010977e-01 6.686360000000000081e-01
2.771608191367497254e-01 -7.378685184986861767e-01 6.154119999999999591e-01
8.456084418060472174e-01 4.950622586557664739e-01 1.996489999999999099e-01
6.987449869766810817e-01 -2.912969945707608033e-01 6.533769999999999856e-01
-6.647572426843401106e-01 7.420762709113621902e-01 8.614300000000005286e-02
-1.160899420865338372e-02 9.204775408039370665e-01 3.906229999999998870e-01
1.943319667203465273e-01 -6.421498900308261204e-01 7.415380000000000305e-01
-2.394235320750807694e-01 1.358727344528427861e-01 9.613610000000000211e-01
7.212213462549601495e-01 -5.306232547497170549e-01 4.452849999999999309e-01
-5.797416045465453305e-01 4.517236918701486581e-01 6.781190000000000273e-01
2.571900133467669783e-02 -6.642330344700922984e-01 7.470830000000000526e-01
-8.463610768120353178e-01 8.730700792360271412e-02 5.254050000000000109e-01
5.071471283215922554e-01 -5.439781376408083791e-01 6.684980000000000366e-01
9.284839279320699079e-01 2.462899808832349352e-02 3.705550000000001343e-01
4.753268270149194619e-01 -2.710139013702595467e-01 8.370279999999999943e-01
-7.175047903206412947e-01 3.706568916814209635e-01 5.897459999999999924e-01
1.572969419730352869e-01 9.808946381472026799e-01 -1.144700000000000162e-01
5.887661205568756051e-01 -6.190431267564533435e-01 5.197500000000001563e-01
1.902561201871254271e-01 -2.253109580809200263e-01 9.555299999999999905e-01
8.229836113499613415e-01 -2.312488907938274052e-01 5.188660000000000494e-01
-6.693879962286080065e-01 5.189779970760313166e-01 5.315839999999999455e-01
9.079733110009580166e-01 4.066341392811939626e-01 -1.011589999999999850e-01
6.607260635475372679e-01 -6.614650636186130139e-01 3.548310000000000075e-01
7.709433741002187368e-01 2.390971160218589298e-01 5.903209999999999846e-01
-8.362476248621681929e-01 4.861537819130716809e-01 2.536620000000000541e-01
8.480091195542478477e-01 -4.073300574263147289e-02 5.284140000000000503e-01
-6.210221871803495164e-01 2.908570876663225113e-01 7.278280000000000305e-01
-4.243949933217198156e-01 5.223019917810552970e-01 7.396549999999999514e-01
-5.582391489384440630e-01 -5.150331374110617144e-01 6.504689999999999639e-01
8.362805246694053896e-01 -3.942592473521250307e-01 3.810439999999998828e-01
-9.689165126762865343e-01 3.523398227880834843e-02 2.448659999999999171e-01
8.992448160077805008e-01 3.475759288833636385e-01 2.656119999999999037e-01
4.005231290022764346e-01 -9.088682927323550320e-01 -1.163599999999999912e-01
-3.872558011291908908e-01 -9.050355352293016908e-01 -1.759080000000001198e-01
-1.100900739554748660e-02 -4.146332785391987907e-01 9.099220000000000086e-01
-5.275941052112456120e-01 -6.556171307412161919e-01 5.401949999999999807e-01
5.261784211995438332e-01 4.314433453652466999e-01 7.327979999999999494e-01
2.656903939933841774e-01 2.617803881952204259e-01 9.278359999999999941e-01
-7.334573102806740685e-01 5.751692433187288733e-01 3.622439999999998994e-01
6.269603480794357087e-02 -9.203725109776806912e-01 3.859840000000000493e-01
3.347061671753308598e-01 8.796794393725475558e-01 3.378399999999999737e-01
-1.290209248650188989e-01 -6.234616369288290549e-01 7.711350000000000149e-01
-7.410368982223861090e-02 1.889897592826907669e-01 9.791790000000000216e-01
-9.271983615970786907e-01 -1.895050739048772248e-01 -3.230960000000000498e-01
5.395077594528489007e-01 6.587167063018570801e-01 5.244269999999999765e-01
-2.701279624175367822e-01 9.267668710604354265e-01 2.610250000000000625e-01
-9.631400238264090641e-01 -2.250860055682362137e-01 -1.473010000000000430e-01
-6.427730636046949941e-01 1.183330117094749112e-01 7.568620000000000347e-01
9.227890930932958202e-02 6.612773501040849489e-01 7.444439999999999946e-01
6.003527042731791052e-01 7.055896524346716436e-01 3.764570000000000416e-01
-4.221509206967617445e-01 -1.097459793836489950e-01 8.998580000000000467e-01
4.185208393255100967e-01 -4.467438284904118317e-01 7.907340000000000479e-01
-9.836168510137397458e-01 -1.131459828620294261e-01 1.403420000000000500e-01
6.136273753823426880e-01 5.076513105522110214e-01 6.047740000000000338e-01
3.582269411044398111e-01 -9.326208466691897625e-01 4.349499999999995731e-02
