-6.872562763074683279e-01 3.453321388388180813e-01 6.390810000000000102e-01
-7.039668298970861438e-01 -6.651048392874969739e-01 -2.491309999999999636e-01
5.769296590524902735e-02 -4.533627320767066315e-01 8.894570000000000531e-01
-8.591191264712698672e-01 3.529940519643954278e-01 3.705529999999999102e-01
-1.752150287258926464e-01 9.301851525006108456e-01 3.225759999999999739e-01
-3.349971931685725712e-01 2.109201216223290376e-01 9.183080000000000132e-01
-8.942230366575893985e-01 1.934710079311095510e-01 4.036510000000000375e-01
-3.949960466839936846e-01 7.821860924454079322e-01 4.818330000000000668e-01
5.037657784368472225e-01 -6.141267298985750855e-01 6.075099999999999945e-01
-6.413930877252612683e-01 -1.055800144404961116e-01 7.599129999999999496e-01
-8.477796156703758523e-01 -8.493106167822114805e-02 5.235039999999999694e-01
5.920947558432774205e-01 -6.484957325857201305e-01 4.784110000000000307e-01
8.952772226060635719e-01 2.088010519173045532e-01 3.935490000000000377e-01
-3.481718268748301010e-02 1.489007812897785998e-01 9.882389999999999786e-01
-2.548671952025866050e-01 -6.733205156956596771e-02 9.646289999999999587e-01
9.391803006959951183e-01 -8.489102717943708409e-02 3.327669999999999795e-01
8.809059445315688963e-01 4.731489702069997527e-01 1.160899999999999085e-02
9.844568117434895349e-01 -4.257199185900840260e-02 1.703890000000001237e-01
1.371221325168748562e-01 1.717264183200263861e-01 9.755549999999999500e-01
-8.973345302269399859e-01 -2.339138775412800408e-01 3.742660000000000431e-01
6.140355919176262445e-01 5.575766294397302980e-01 5.586309999999999887e-01
4.006531668684019665e-01 7.953503312561831518e-01 4.548570000000000113e-01
7.940058949820933965e-01 5.301809298764761369e-01 2.974269999999999969e-01
4.196304871784169999e-01 4.952393947783630124e-02 9.063430000000000097e-01
-7.584254709940820849e-01 4.259542645242617165e-01 4.933090000000000530e-01
6.668023421928664929e-01 -4.835795229439975029e-02 7.436639999999999917e-01
-2.983199311712553814e-01 9.376817836568956954e-01 1.782080000000000330e-01
-7.465103580960604779e-01 1.634640784126327739e-01 -6.449820000000001663e-01
-5.509336847093699863e-01 4.045667684728401214e-01 7.299299999999999677e-01
-9.052397988759045555e-01 2.657799409496238927e-02 4.240689999999999737e-01
1.783468800550567779e-01 3.331967759127137385e-01 9.258359999999999923e-01
-8.885435051052069655e-01 4.119737705417092499e-01 2.019110000000000349e-01
2.045776349489887846e-01 -1.364090901577978965e-01 9.692990000000000217e-01
-9.592120969362633032e-01 8.340900842916558477e-02 2.701020000000000088e-01
-9.208096881036371972e-02 -9.407036813651495910e-01 3.264929999999999777e-01
-9.833805804197984779e-01 1.739999257592378668e-01 -5.183299999999991386e-02
7.263011554483095322e-01 2.590140554360911840e-01 6.367089999999999694e-01
6.771497024741689186e-02 8.200816396727775848e-01 5.682260000000000089e-01
-2.573741246654498993e-01 -7.710473734756467801e-01 5.824470000000000480e-01
2.385190611542866157e-01 8.220542107678043831e-01 5.170449999999998658e-01
5.623882333792833421e-01 7.436793086112648554e-01 3.614699999999999580e-01
-7.236810647045095468e-01 1.758570157234208564e-01 6.673529999999999740e-01
-8.004038678177110011e-01 5.035909168347344478e-01 3.251920000000000921e-01
-4.033859624721259363e-01 -3.220639700376878856e-01 8.564779999999999616e-01
9.028479841005997153e-02 8.105892119619277983e-03 9.958829999999999627e-01
-4.886942137377140449e-01 5.504192407340767756e-01 6.769169999999999909e-01
-1.777369613147795069e-01 -8.688668108873699447e-01 4.620390000000000330e-01
-6.915389422704131261e-01 5.710039523326595479e-01 4.424120000000000275e-01
-4.475320921350735559e-01 3.122920642927128898e-01 8.379670000000000174e-01
-5.077540863381206915e-01 8.561961455869445681e-01 -9.546699999999998243e-02
-8.870660788946989062e-01 4.604790409545083119e-01 3.275400000000006778e-02
2.930325733637679231e-01 -2.748675378210528875e-01 9.157399999999999984e-01
1.008970433998530730e-01 -8.096523482638509073e-01 5.781720000000000192e-01
-8.079886444290451664e-02 -1.184854019435132612e-02 9.966599999999999904e-01
-1.070460951305088060e-01 -4.614794101109062630e-01 8.806690000000000351e-01
-3.244499546341706453e-01 -9.285528701661982520e-01 -1.803379999999999983e-01
-7.807005595851435054e-02 -8.058925776421038689e-01 5.868919999999999693e-01
2.224551795992363024e-01 -4.325313492042761609e-01 8.737449999999999939e-01
-1.364399621407597074e-01 9.778067286790513846e-01 1.589910000000000490e-01
-4.269678510292467255e-01 -7.069867533295564055e-01 5.637980000000000214e-01
-1.527189933389984378e-01 -6.972739695876526422e-01 7.003470000000000528e-01
8.605690104348960867e-01 3.773450045755259996e-01 3.420989999999999864e-01
3.559679139414954618e-01 -8.422157963866149233e-01 4.049190000000000289e-01
-2.182618138751982184e-01 -5.664715169361194125e-01 7.946520000000000250e-01
7.029128949485420330e-01 7.073298942884145291e-01 7.481900000000009376e-02
-4.773441458629788525e-01 -5.690011738707954070e-01 6.696119999999999850e-01
1.378600520845122204e-02 7.111382686731129166e-01 7.029170000000000140e-01
-2.582209594718818946e-01 -2.830999555670909995e-02 -9.656709999999999461e-01
4.694260186607744911e-01 8.722180346726924327e-01 1.373860000000001191e-01
-6.664560413872233635e-01 -6.413370398273217088e-01 3.801620000000000554e-01
6.730611030001198980e-02 4.649477619478156187e-01 8.827760000000000051e-01
-9.424882438743992230e-01 -9.062802345053637409e-02 3.217180000000000040e-01
8.053711310113927935e-01 -2.723510443039094397e-01 5.264999999999999680e-01
9.825998915808771272e-01 1.810139800270922916e-01 -4.161000000000009136e-02
-2.114393145453737077e-01 1.023066360534955893e-01 9.720220000000000526e-01
3.689471880931924352e-01 -1.144170583310307326e-01 9.223810000000000064e-01
-6.007071694900822934e-01 7.689172169507023646e-01 2.188999999999999002e-01
2.794822130455824061e-01 -3.735252847333680459e-01 -8.845159999999999689e-01
5.149904615834309807e-01 6.856566145506689525e-01 5.144509999999999916e-01
-7.385764227758570000e-01 -6.385573655229563883e-01 2.162159999999999360e-01
8.490813910421924904e-01 5.035292318990581828e-01 -1.597470000000000279e-01
7.419280247585926524e-01 -6.486460216457148320e-01 1.697090000000000265e-01
8.225586019078513500e-01 -4.043242958645956731e-01 3.998989999999998934e-01
3.610580557503763610e-01 9.151481413065090109e-01 -1.792789999999999939e-01
3.947890831659621735e-01 4.943461041385669996e-01 7.744440000000000213e-01
-8.542565427560019353e-01 5.028647308397786730e-01 -1.318060000000000898e-01
9.306920487946465093e-01 3.523420184727099058e-01 -9.832299999999995210e-02
-5.292944116624945794e-01 -2.172097585603688374e-01 8.201629999999999754e-01
-4.549421343561736442e-01 8.691922566949439322e-01 1.937330000000000718e-01
-5.205917626900045114e-01 -8.415536163806285330e-01 1.441240000000000576e-01
1.711690558325183464e-01 -9.734613175270007135e-01 1.519020000000000092e-01
4.512212325189364770e-01 -5.145342651447927240e-01 7.291459999999999608e-01
9.533221404165350688e-01 2.212370325864009835e-01 -2.055020000000000180e-01
-6.297125887749216444e-01 5.029196715752789482e-01 5.920590000000000019e-01
3.980635026996442311e-02 -1.589923990295913636e-01 9.864770000000000483e-01
3.368464499444073224e-01 3.492414665011155939e-01 8.743940000000000046e-01
2.717021296723074464e-01 -7.853013747922084065e-01 5.563090000000000535e-01
1.927390698468446073e-01 9.758673536452446839e-01 1.026379999999999931e-01
-1.033649565456485203e-01 4.241808216755164063e-01 8.996589999999999865e-01
3.517691469501271206e-01 -6.645252776027258390e-01 6.592909999999999604e-01
1.248249849930073707e-01 6.084729268467869989e-01 7.836959999999999482e-01
-6.371974293606295081e-01 -2.934561977386158094e-01 7.126449999999999729e-01
8.612180326563925181e-01 -1.183620044881503880e-01 4.942609999999999504e-01
-2.585180277579983144e-01 7.494250804684313705e-01 6.095329999999999915e-01
-1.240935115219355539e-01 -1.734967151653173667e-01 9.769849999999999923e-01
-2.734379732018978326e-01 -9.049289113130589701e-01 3.260910000000001308e-01
7.274641003780755177e-01 -4.207220580527210596e-01 5.420230000000000325e-01
-3.569040976290408507e-01 -8.184922238937888395e-01 4.502109999999999168e-01
1.850551452049637446e-01 -8.792866899391630353e-01 4.388730000000000131e-01
-5.161507868651965536e-01 -4.020178339942625523e-01 7.562870000000000426e-01
1.131140503887923948e-01 8.993314006241758252e-01 4.223839999999999262e-01
-4.439501305244749479e-02 5.767761695762690932e-01 8.156949999999999479e-01
8.127141648605773483e-01 -5.620831140196032027e-01 -1.534869999999999846e-01
2.842209511049527126e-01 8.894498469863245660e-01 3.579070000000000307e-01
-3.161599762112564105e-01 6.113289540019331003e-01 7.254789999999999850e-01
4.109862669088403253e-01 -6.806954420674015127e-01 -6.064190000000001524e-01
-3.770944741475928952e-01 4.029105066079183284e-02 9.252979999999999539e-01
-4.072129407003802770e-01 9.126708670940190116e-01 3.477799999999992703e-02
-2.561828871153364329e-01 -4.064298209103888171e-01 8.770320000000000338e-01
-4.218217645308320329e-01 -9.066004939178532451e-01 1.191400000000002526e-02
8.857810896318718541e-01 4.279880433079570889e-01 1.794939999999998759e-01
2.432569253441188850e-01 -9.698747023441356419e-01 -1.300500000000010155e-02
-1.531081644581910595e-01 6.721507219777744790e-01 7.244110000000000271e-01
6.064893699077786859e-01 -2.063047856664153856e-01 7.678599999999999870e-01
-6.675912912709600633e-01 -7.375833218085752208e-01 1.014529999999999876e-01
6.073243774332683920e-01 -4.909653051197130913e-01 6.245880000000000321e-01
9.367307593270349786e-01 2.613499328517158160e-01 2.328769999999998896e-01
-7.888702134999782123e-01 -5.216411411770535134e-01 3.249220000000000996e-01
1.244900930491575977e-02 3.077432300202981308e-01 9.513880000000000114e-01
-1.861699052899869478e-01 -9.647195092192949462e-01 1.861640000000000517e-01
-5.161495697038008812e-01 -3.536597051660288205e-02 8.557679999999999731e-01
-1.627397028692775804e-01 2.660561490907873416e-01 9.501209999999999933e-01
-5.479636001616570162e-01 6.499335257561927870e-01 5.266140000000000265e-01
9.832961796317560843e-01 1.349370246507362037e-01 1.221499999999999253e-01
9.483054346245366473e-01 3.099631420613887522e-01 6.811499999999996724e-02
3.846546156148339390e-01 -3.980996371327212846e-01 8.328010000000000135e-01
9.527150060414460997e-01 -2.155850013670879139e-01 2.141430000000000000e-01
-2.559231713384809148e-01 -2.548471706181070773e-01 9.324999999999999956e-01
-7.426621990663109241e-01 -1.770520474577781667e-01 6.458369999999999944e-01
6.867843944578587712e-01 4.088386395243876481e-01 6.009809999999999874e-01
-3.249722853389579447e-01 -6.476475686610542182e-01 6.891629999999999701e-01
5.614967078846707649e-01 4.518765696854359359e-01 6.932019999999999849e-01
-5.773127315769209789e-01 -6.179857126659110689e-01 5.336700000000000887e-01
2.779498709895699901e-02 9.906275402002352459e-01 1.337329999999999075e-01
7.505642431177980134e-01 4.793511552682510612e-01 4.548360000000000181e-01
-9.547031328379893544e-01 -8.702101210815786636e-02 -2.845510000000001094e-01
7.940855293714478291e-01 -5.345216832064602075e-01 2.893350000000000088e-01
9.486997729720893224e-02 9.947457619530867268e-01 -3.847800000000001219e-02
2.331873557575174227e-01 4.867207425555407085e-01 8.418590000000000240e-01
-4.837860666745348870e-01 8.023101105729519844e-01 3.496419999999999528e-01
-4.408491965838171045e-01 -8.461863773320881243e-01 -2.993670000000001052e-01
-2.739939571091851711e-01 -9.611158495476234132e-01 3.440400000000008035e-02
5.758731514041681709e-01 9.180602413693829400e-02 8.123679999999999790e-01
-8.215510369438193683e-01 -2.439330109692725290e-01 5.153159999999998853e-01
-9.834802897231864627e-02 7.958622344528353265e-01 5.974369999999999958e-01
1.580749600166495850e-01 9.511707594116498576e-01 2.651159999999999628e-01
1.831449782917572988e-01 7.297249135054330038e-01 6.587560000000000082e-01
7.064617483041448764e-01 1.075489616828116529e-01 6.995320000000000427e-01
2.918329336227116766e-01 6.186308592926494931e-01 7.294720000000000093e-01
-7.072486661632243488e-01 -5.118657583882125772e-01 4.876400000000000179e-01
6.771540637069899393e-01 -3.191970300302147678e-01 6.630049999999999555e-01
2.922589287626778387e-01 -5.561998644277900139e-01 7.779629999999999601e-01
5.250769070641821967e-01 -7.424584545893612997e-02 8.478099999999999525e-01
5.985278494155766849e-01 -7.726268056137871598e-01 2.116890000000000438e-01
-4.171903310760672473e-02 -5.963764732755362230e-01 8.016199999999999992e-01
-3.329000227979714028e-03 -9.838310673756354152e-01 1.790680000000000882e-01
4.998999731467257922e-03 -8.893899522243798872e-01 4.571219999999999728e-01
-8.871924663280549295e-01 -3.755861974164428907e-01 2.680010000000000447e-01
-6.032311142757386113e-01 -7.521091424791024327e-01 2.654129999999999545e-01
-8.268981938535333587e-01 9.958402334593917382e-02 5.534639999999999560e-01
-9.511547821502196465e-01 2.991019314945461693e-01 7.643700000000008821e-02
-8.158462326242200691e-01 -3.906101113756107468e-01 4.264020000000000588e-01
-5.788617664413318042e-01 -8.152246710738217939e-01 -1.810499999999989201e-02
8.223509946132772086e-01 1.506799990129867040e-01 5.486659999999999870e-01
-7.489701897559775112e-02 9.971332526295415555e-01 -1.075699999999993155e-02
-3.751730338996735470e-01 -4.939360446307947683e-01 7.843930000000000069e-01
-2.279861362444683959e-01 8.502445081059439858e-01 4.744540000000000979e-01
8.079818015584936397e-01 3.207959212120549131e-01 4.942219999999998836e-01
4.614102872471473882e-01 2.055196825282313011e-01 8.630539999999999878e-01
-3.887069524681225352e-01 4.684569427161311972e-01 7.933820000000000316e-01
6.623659560446993888e-01 -7.470649504239851302e-01 5.626099999999990137e-02
5.646282913391654779e-01 -8.230634246875597748e-01 -6.133099999999995500e-02
-9.999709039153599210e-01 -3.460999667441544067e-03 -6.797999999999945579e-03
2.320499397835240965e-02 -7.137618147802982094e-01 7.000039999999999596e-01
6.713148767382526305e-01 -6.671138775096082663e-01 3.229480000000001239e-01
4.342540259735487296e-01 -7.400440442634239613e-01 5.135739999999998640e-01
-9.352590982736780356e-01 3.427990360200956488e-01 -8.820000000000008389e-02
8.913526462905304593e-01 -3.793338494715024489e-01 2.481859999999999900e-01
-5.227429039742572670e-01 -7.404148639888048500e-01 4.225230000000000374e-01
-4.484320819172305517e-01 -8.400191534503117508e-01 3.054119999999999613e-01
-6.119629273457022345e-02 -3.197075293319580624e-01 9.455379999999999896e-01
9.120098596942996516e-02 -9.453588545638126339e-01 3.130159999999999609e-01
7.918944680059742947e-01 -6.105343608229882868e-01 1.228600000000003127e-02
-8.033418672597296695e-01 2.683929556520641135e-01 5.316079999999999695e-01
-7.505222393786714630e-01 -5.166001647693603538e-03 6.608249999999999957e-01
2.664139443565958221e-01 -9.210678076251285207e-01 2.840030000000000054e-01
-6.010861449621610619e-01 7.008951690328074635e-01 3.839809999999999612e-01
-5.982184786343784921e-01 2.443297870591502330e-01 7.631759999999999655e-01
6.091209422036444332e-01 2.598339753456895274e-01 7.493049999999999988e-01
-9.854899334083089268e-01 1.289189912886641864e-01 1.104059999999999486e-01
-7.165922883662354526e-01 6.429752587417667531e-01 2.703300000000000147e-01
-4.945781492878726371e-01 1.437797526878625276e-01 8.571579999999999755e-01
6.677131854410418565e-01 6.215251726134485288e-01 4.097139999999999671e-01
-7.869978991211015185e-01 -6.152879211312153318e-01 4.533299999999997748e-02
-3.343749988787539928e-01 8.797999970498029398e-01 3.378539999999999877e-01
-6.319659113185702726e-01 6.945099025420053973e-02 7.718779999999999530e-01
8.936868327872622420e-01 -2.475469536828759920e-01 3.742250000000000854e-01
-6.118438627333417923e-01 -4.725158939914547718e-01 6.343309999999999782e-01
3.022092190072593887e-01 1.913291386538452932e-01 9.338429999999999787e-01
1.274229176403179065e-01 -5.842406223766272166e-01 8.015149999999999775e-01
4.386929770578198440e-01 -8.621519549123271009e-01 2.534609999999999363e-01
-5.908697985777103950e-02 8.884336971408093309e-01 4.551859999999999240e-01
5.243410155739578471e-01 -7.677370228032972532e-01 3.683020000000000738e-01
7.053878082544353667e-01 -7.013658093477354027e-01 -1.025379999999999070e-01
-9.863659810351536050e-01 -4.902999905730093949e-02 1.570929999999998994e-01
1.911410200754537214e-01 -6.976960732786984254e-01 6.904240000000000377e-01
1.204629656095221879e-01 -3.019319138026967941e-01 9.456879999999999731e-01
4.647449615624328345e-01 5.954119507553847779e-01 6.553600000000000536e-01
8.058891084152309814e-01 5.779000777441581915e-01 1.287409999999999666e-01
-1.027699766352844872e-02 9.540597830948664981e-01 2.994400000000000950e-01
5.947063851175404814e-01 7.792435046193375570e-01 1.977470000000000061e-01
5.428254030491361792e-01 -3.730752770092690129e-01 7.524330000000000185e-01
8.947127075339271762e-01 3.972498701459044324e-02 4.448720000000001007e-01
3.431699950826517242e-01 -9.307199866635360586e-01 1.264699999999999991e-01
4.869741807603084061e-01 3.548201317059486160e-01 7.980969999999999454e-01
3.536417827839887784e-01 7.166375598225103172e-01 6.011389999999999789e-01
7.954802438243617768e-01 -6.653002039225976508e-03 6.059430000000000094e-01
7.106133000763025231e-01 -5.460272305752403854e-01 4.437150000000000261e-01
4.610052378878325974e-01 -2.443561260926003231e-01 8.530910000000000437e-01
-3.945971256841805941e-01 -1.475564209405440808e-01 9.069289999999999852e-01
-2.132482151420778960e-01 5.255285301957621780e-01 8.236170000000000435e-01
-7.259739396137238066e-01 -3.625879698400504281e-01 5.843730000000000313e-01
9.371632120475166250e-01 -2.516370569367345489e-01 -2.416690000000000504e-01
