-2.755700096286657352e-01 -7.719890269739958510e-01 5.727950000000000541e-01
-6.477803929566674501e-01 5.182223143641208063e-01 5.584139999999999660e-01
-4.047557308784066610e-01 8.808884142983642862e-01 2.453740000000000643e-01
-8.194995548320033532e-03 7.713915809651820110e-01 6.363079999999999847e-01
9.268245752558248451e-01 2.777798726993370160e-01 2.526550000000000185e-01
4.338369773659532802e-01 -6.398869666159587855e-01 6.342950000000000532e-01
7.387371391110425511e-01 -5.883441107906428602e-01 3.288139999999999952e-01
2.261780010523178341e-01 9.500010044199835857e-01 -2.152709999999999346e-01
-6.436397974372344566e-02 8.813517226258478221e-01 4.680560000000000831e-01
9.129909650752452421e-01 -1.046599959964284038e-01 3.943269999999999276e-01
-2.115613983025698142e-01 1.623880732943817073e-01 9.637799999999999701e-01
-1.134408960887306334e-01 5.068035357706038857e-01 8.545650000000000190e-01
-6.423699952683030734e-01 -1.363779989954397587e-01 7.541630000000000278e-01
-5.845162474046908807e-01 2.119427271126285983e-01 7.832120000000000193e-01
4.715938856705004789e-01 -8.412347960576754824e-01 2.644299999999999984e-01
-3.874788430809040229e-01 8.053226738647584204e-01 4.486820000000000253e-01
-2.836408735748945364e-01 -6.277817201835926841e-01 7.248710000000000431e-01
-9.810878366055479916e-01 -1.724729712756335465e-01 8.786199999999991239e-02
3.839548267270289084e-01 9.210025843655473832e-01 -6.582499999999998075e-02
2.466649095484320930e-01 5.733237897632225133e-01 7.813170000000000393e-01
7.130414262197022346e-01 -3.222387406963553858e-01 6.226829999999999865e-01
9.340493812295305176e-01 -2.554898307481748843e-01 2.495529999999999693e-01
3.473700627547379183e-01 9.284061677228180320e-01 1.318940000000000667e-01
1.800489849110383511e-01 -9.822509176826992316e-01 5.258800000000000280e-02
-7.096478770072770503e-01 6.747958830476550318e-01 2.026090000000000113e-01
-4.831978030914741984e-01 5.440077783107268861e-01 6.859849999999999559e-01
-6.178923515858706361e-01 3.830702179701299115e-01 6.866339999999999666e-01
7.406672630454055328e-01 -4.626091642940377557e-01 4.872420000000000084e-01
1.190757203172509299e-01 2.699043660538446576e-01 9.554960000000000120e-01
-9.848553229133719666e-01 -1.228960402950299985e-01 -1.222970000000000029e-01
7.618046929225316122e-01 2.318709065346648279e-01 6.048879999999999812e-01
-3.831302096523060419e-01 -3.295021803065646959e-01 8.629250000000000531e-01
-2.362170933666230821e-01 9.028873568731727861e-01 3.591599999999999793e-01
8.242386930418144075e-01 4.457018340143122925e-01 3.492570000000000396e-01
2.527469034692707561e-01 -6.446917537751627458e-01 7.214509999999999534e-01
5.624278178657383664e-01 -8.166857355279225628e-01 -1.292259999999999798e-01
5.927580837004912118e-01 -7.200891016802861699e-01 3.607069999999999443e-01
-4.482397041266654725e-01 -6.491785714912648997e-01 6.145310000000000494e-01
5.351532929466024102e-01 -3.279651795304006079e-01 7.784919999999999618e-01
7.354380793963336549e-01 2.669200288161196338e-02 6.770659999999999457e-01
8.547395273436311780e-02 -7.682375751777336115e-01 6.344330000000000247e-01
5.565987133848200319e-01 8.242415755646901321e-01 -1.040369999999998935e-01
1.610260322551830270e-01 -6.683821338838680237e-01 -7.261790000000000189e-01
-9.994448902466407381e-01 2.716899701645491064e-02 1.928099999999995789e-02
-8.360201277854531487e-02 -8.497431298830111501e-01 5.205260000000000442e-01
-9.289811600475791353e-01 1.097280189042623977e-01 3.534880000000000799e-01
2.803800461972019153e-01 4.016210661736445142e-01 8.718299999999999939e-01
-5.364727278510208475e-01 3.083898435559223952e-02 8.433540000000000481e-01
9.715157585797692397e-01 -1.757359563298744876e-01 -1.589779999999999804e-01
-8.236053463644801287e-01 -5.671212385009440915e-01 -6.908999999999925617e-03
1.416490128634624590e-01 -9.552990867528382557e-01 2.594980000000000064e-01
6.242001346644051596e-01 7.364641588841500663e-01 2.607580000000000453e-01
-5.253779807352625397e-01 6.762859752017175152e-01 5.163480000000000292e-01
-2.641695976737288842e-01 -1.912164326199506104e-01 9.453310000000000324e-01
-8.334019657395973502e-01 6.234999743684770807e-02 5.491390000000000438e-01
-8.306908909031645027e-01 5.526869274141618105e-01 6.700599999999995449e-02
-9.738829037583945913e-01 -3.140099689687318035e-02 2.248689999999999578e-01
4.658963601835447443e-01 3.383305353699613272e-01 8.176020000000000509e-01
6.154024937632445180e-01 3.894866796040395984e-01 6.852589999999999515e-01
-7.378243427938238064e-01 2.482651153441860770e-01 6.276779999999999582e-01
-2.277799809101159478e-02 -9.895109170706333224e-01 1.426510000000000833e-01
1.910539228814369384e-01 9.813426038828712006e-01 -2.156600000000006775e-02
-1.408902554833356691e-01 -4.056064932715412047e-02 9.891940000000000177e-01
-8.361010209466239740e-01 -2.722570068207848526e-01 4.762470000000000314e-01
-2.554299741391695133e-01 -8.796479109406577512e-01 4.012169999999999348e-01
-8.472428444524253699e-01 2.468909546726309745e-01 4.703450000000000686e-01
5.804985241046360933e-01 5.650535367665078246e-01 5.862899999999999778e-01
6.014741474535427734e-01 -6.074901489283870415e-01 5.188300000000000134e-01
-7.029237503717156166e-01 5.601598010712695308e-02 7.090560000000000196e-01
-7.232609970221376416e-01 -6.006089975271293735e-01 3.408260000000000178e-01
-8.772813176440066307e-01 -4.552071648203656618e-01 -1.521970000000000545e-01
-4.687116019331200034e-01 -1.512568715407284770e-01 8.703049999999999953e-01
-1.099270811896673888e-01 8.827036519450456309e-01 -4.568920000000000203e-01
8.457104130301937861e-01 -2.908361420392917562e-01 4.474239999999999884e-01
1.329904558037560691e-01 -3.019030347249083701e-01 9.440169999999999950e-01
5.810840350693153855e-01 -4.759490287242560402e-01 6.601620000000000266e-01
-7.326120591626586465e-02 3.210629024158577205e-01 9.442199999999999482e-01
4.388038278089960165e-01 5.131607986305781743e-01 7.376430000000000486e-01
-3.042059607196144766e-01 -2.091752853796463030e-01 -9.293569999999999887e-01
-1.375286613026670095e-02 1.158028727804410324e-01 9.931769999999999765e-01
5.817641065960068580e-01 -1.206998146436070313e-02 8.132679999999999909e-01
-9.304968202911971797e-01 -2.346559546804033447e-01 2.812690000000000468e-01
5.280501359560046959e-01 8.437842172474221414e-01 9.587099999999997013e-02
8.604609809084898808e-01 2.589249942550920225e-01 4.388220000000000454e-01
6.307394130271004595e-02 -6.200964229315811815e-01 7.819859999999999589e-01
6.593690100564447709e-01 -1.705430026010568700e-01 7.322210000000000107e-01
-1.021069527510183594e-01 -7.240376649587376701e-01 6.821610000000000174e-01
5.296181982590105752e-01 7.157362679310581566e-01 4.552210000000000423e-01
-2.126630744095539260e-01 7.989322795416871070e-01 5.625670000000000393e-01
1.774174050124748825e-01 5.392851518111226039e-02 9.826570000000000027e-01
8.524419448645855768e-01 -4.315619720868402731e-01 2.951220000000000510e-01
-3.434533678752973440e-01 2.264995831283206883e-03 9.391669999999999741e-01
8.041349434555457032e-01 -5.795639592467307644e-01 1.321840000000000237e-01
2.960680075498743347e-01 -8.802040224456187945e-01 3.709240000000000315e-01
4.374191598783007118e-01 -7.650962796454846560e-01 4.725380000000000691e-01
-7.020509143201967284e-01 7.120309131022162230e-01 1.168300000000003884e-02
9.023183893661339550e-01 8.626703722573225708e-02 -4.223499999999998922e-01
-1.306268714437810174e-01 -5.642884446564628842e-01 8.151779999999999582e-01
-4.046951343695527337e-01 1.934570642328928003e-01 8.937540000000000484e-01
-2.649660164703411258e-01 3.568910221844182051e-01 8.957800000000000207e-01
7.357302824928722007e-01 4.241711628658395572e-01 5.279959999999999098e-01
8.898901525372550358e-02 9.305281595030707731e-01 3.552440000000000597e-01
2.807851460819377754e-01 9.016674691036296041e-01 3.288700000000000512e-01
-7.645457263614925669e-02 -2.602335453530613685e-01 9.625139999999999807e-01
-1.800299589039658019e-02 9.981357721522510218e-01 5.831700000000000078e-02
-4.484862204499117655e-01 3.774971855558039713e-01 8.101580000000000448e-01
9.737468515176200823e-01 -2.232539659569834356e-01 4.443799999999990119e-02
4.001121166513833538e-01 -4.929921437302524079e-01 7.725729999999999542e-01
-9.216497090336882581e-01 3.745938817401023302e-01 1.011989999999999557e-01
8.432299415591691660e-02 4.612619680318128523e-01 8.832480000000000331e-01
5.155707509412017775e-02 -1.046671825728545113e-01 9.931699999999999973e-01
7.043991389221160304e-01 6.955391371747398077e-01 -1.415879999999999361e-01
-5.838235181866333612e-01 -4.926504372637681151e-01 6.453259999999999552e-01
4.824891238548766337e-01 1.501120385337349483e-01 8.629430000000000156e-01
-8.453490575447605293e-01 -4.142180281967279276e-01 3.373549999999999605e-01
7.648172746730652616e-01 6.075152181803061824e-01 2.144289999999998975e-01
2.669807844231023575e-01 -7.812583691633805394e-01 5.642310000000000381e-01
-8.226157726585757723e-01 -5.389488510539143240e-01 1.812110000000000110e-01
-4.397421332828712059e-01 -7.788772360724312005e-01 4.471880000000000299e-01
-7.847035647337654574e-01 -1.212399327495740364e-01 6.078989999999999672e-01
-5.351080587144884104e-01 8.417220923575736702e-01 -7.185599999999997545e-02
2.061062419921373678e-01 -4.831915673217802576e-01 8.509090000000000265e-01
2.027979326103167002e-01 7.211147603738128353e-01 6.624700000000000033e-01
-5.568690730700649461e-01 7.630461001237648366e-01 3.281120000000000703e-01
3.902839442851206431e-01 -9.199838686679505662e-01 -3.616800000000010978e-02
-5.841942433327889095e-01 -7.529893136405257925e-01 3.028599999999999626e-01
-7.079815996047343907e-01 -3.115642638704280154e-01 6.337899999999999645e-01
-9.068462326137586293e-01 4.102331052282748858e-01 -9.663699999999991741e-02
8.555201031693657754e-01 6.016600725557328527e-02 5.142620000000001079e-01
1.502111427093697216e-01 8.412877992726065512e-01 5.192989999999999551e-01
3.728683910302895144e-01 1.516997522435357092e-03 9.278830000000000133e-01
-7.173502636850472014e-02 9.651493547715347399e-01 2.516759999999999553e-01
-6.627328845291720061e-01 7.273818732650980667e-01 -1.780470000000000386e-01
-9.009614734359817634e-01 3.207381685410464756e-01 2.922250000000000680e-01
6.349537093661595799e-01 1.955479104929393197e-01 7.473919999999999453e-01
8.225246328727371381e-01 -5.034377752945929929e-01 -2.645819999999999839e-01
-7.808630791298761809e-01 4.247330430409301805e-01 4.580989999999999229e-01
4.163709893994337330e-01 8.705639778359409719e-01 -2.622089999999999144e-01
6.878672445915593459e-01 7.236352573099350538e-01 5.648599999999989046e-02
9.405967743149079574e-01 8.705297911266533795e-02 3.281760000000000788e-01
-5.632200755542304121e-02 -9.392771260011216761e-01 3.385060000000000846e-01
-3.531097501399568239e-01 6.856215148550235394e-01 6.365819999999999812e-01
-2.114768312916530668e-01 -4.074046749877100471e-01 8.884250000000000203e-01
8.056513080643080693e-01 -1.370740524142674277e-01 5.763129999999999642e-01
9.159768567427786223e-01 3.801789405406607592e-01 -1.282589999999999564e-01
-2.551002630468171550e-01 1.506975646533303959e-01 -9.550990000000000313e-01
6.899111562483302151e-01 -6.115031384907947398e-01 -3.874099999999998656e-01
1.487339945377861017e-01 9.741079642261599725e-01 1.702700000000000879e-01
-9.792342112715414215e-01 6.873101482884021174e-02 -1.907260000000000622e-01
3.392325087219014712e-01 -3.288705237281764338e-01 8.813429999999999875e-01
4.912994341691854887e-03 -4.429314898746741780e-01 8.965419999999999501e-01
-4.610069016934255637e-01 -8.362248216807656176e-01 -2.969860000000000833e-01
-3.051199768796685197e-01 5.343329595111558916e-01 7.882829999999999560e-01
-9.478478937206027410e-01 -3.152049646569941022e-01 -4.722500000000006554e-02
-4.106123637824121708e-01 -4.931054368672283528e-01 7.669709999999999583e-01
3.465429355319513127e-01 7.998928511943945718e-01 4.899790000000000534e-01
6.907028065713628484e-01 5.951678333255608910e-01 4.107369999999999632e-01
-5.579148241004662223e-01 -3.253024805069058001e-01 7.634849999999999692e-01
3.987389461847555827e-01 6.688799097255579973e-01 6.273809999999999665e-01
4.229800010906402397e-02 6.299980016244286496e-01 7.754440000000000222e-01
-5.972990841177215904e-01 -6.375490897861363360e-01 4.865850000000000453e-01
-7.293531083347560839e-01 -4.658400691937410465e-01 5.010360000000001479e-01
4.648749601910819873e-01 -1.680116242000534443e-01 8.692889999999999784e-01
-2.339980699353645943e-01 9.613422873178544270e-01 1.451410000000000755e-01
3.326368511880156698e-01 -9.291795843122695464e-01 1.611769999999999037e-01
