-3.918899945507694355e-02 6.701979906808956944e-01 7.411470000000000002e-01
-3.702049648006910387e-01 -8.904619153343499294e-01 2.646240000000000259e-01
-2.535680919013340029e-01 6.405772321660493374e-01 7.248200000000000198e-01
-6.208320729012744010e-01 2.633620309253154046e-01 -7.383819999999999828e-01
-2.482045566933661629e-01 3.540627941208303597e-01 9.016840000000000410e-01
-7.934553702400167774e-01 4.018251874985911409e-01 4.571269999999998945e-01
-3.275059102206925310e-01 -9.420267417618862771e-01 -7.297599999999995757e-02
5.171827862790807639e-01 -5.910257557641686033e-01 6.190400000000000347e-01
-1.428200744015530876e-01 5.195682706670364803e-01 8.424080000000000457e-01
-1.578299387062011283e-01 -1.645239361065642947e-01 9.736639999999999739e-01
2.450162937842370325e-01 -2.328613288187554586e-01 9.411389999999999478e-01
9.162777859541066938e-01 1.865139564296471597e-01 3.544680000000000053e-01
4.658750748820679188e-01 7.165991151820017002e-01 5.190820000000000434e-01
4.598579498362398432e-01 1.175472427937390985e-01 8.801780000000000159e-01
-9.518646127680051583e-01 2.984358785920612211e-01 -6.992699999999998917e-02
-2.479319418337043168e-01 -9.626047741672428826e-01 1.091869999999998953e-01
-3.237196553424029899e-01 -2.731427091906276639e-01 9.058690000000000353e-01
-6.170382132535596753e-01 1.913200661218125431e-01 7.633219999999999450e-01
6.700809056252786666e-01 -5.824429179682816260e-01 4.601649999999998797e-01
8.997359708920545929e-01 -3.203969896346279267e-01 -2.963460000000000538e-01
-6.428339639014235551e-01 -6.491359635475323353e-01 -4.066780000000000395e-01
2.566590779973359493e-01 9.333152836295767196e-01 2.510950000000000681e-01
-9.413557021817818837e-01 -7.206597720037079269e-02 3.296299999999999231e-01
-5.072304509925871230e-01 -1.646138218281094634e-01 8.459430000000000005e-01
-6.969306945213034343e-02 -5.218085200045514682e-01 8.502110000000000500e-01
4.644753824492354327e-02 -2.023363447208293975e-01 9.782140000000000279e-01
-3.559520708513360110e-01 9.020781795563206362e-01 2.440350000000000852e-01
3.426960245309392250e-01 -5.753640411858303993e-01 7.426409999999999956e-01
-5.492862047735055375e-01 7.952012964504764359e-01 2.567869999999998765e-01
-1.921689119373349297e-01 3.029967077083043844e-02 9.808940000000000436e-01
7.592008832654598693e-01 -2.720569581685893801e-01 5.912690000000000445e-01
8.652664222270950445e-01 3.899931903063467709e-01 3.149910000000000210e-01
7.910627943135302154e-01 -4.198158908424853286e-01 4.449430000000000329e-01
-1.589470662911983967e-01 -9.453413942684522064e-01 2.847200000000000286e-01
-7.761419533551792149e-01 -5.722659656077817569e-01 -2.647930000000000561e-01
9.604257812492982271e-01 2.023579539100830993e-01 -1.913990000000000136e-01
-1.181591295811857401e-01 2.116712321327971491e-01 9.701720000000000343e-01
-5.378480910387870573e-01 -6.358421076257316784e-01 5.535560000000000480e-01
-7.110597506799268275e-02 9.942996513670464553e-01 7.944900000000004736e-02
2.865941055704289142e-01 5.028561852331995263e-01 8.154749999999999499e-01
-2.747830533989178980e-01 9.589441863527655707e-01 7.014499999999991575e-02
-6.406397560470106223e-01 5.005118094071575596e-01 5.822960000000000358e-01
9.795905486287336261e-01 5.719597364550006030e-02 1.926939999999999209e-01
1.654739762619514831e-01 7.778208884178020588e-01 -6.063110000000002664e-01
-5.537501596291301009e-01 4.028831161388040649e-01 7.287289999999999601e-01
9.338677684210620888e-02 -3.913480648310946330e-01 9.154919999999999725e-01
-6.291401811319602411e-02 -8.914052566391184040e-01 4.488190000000000235e-01
-4.710038526239371803e-01 -3.710418839018158055e-01 8.003019999999999579e-01
-8.970153755597916057e-01 -3.764611576156639550e-01 2.316040000000001153e-01
9.489912117303008765e-01 2.675950597033796008e-01 1.667589999999999351e-01
4.360054776029926860e-01 -2.635192886605957074e-01 8.604979999999999851e-01
8.823978232276273870e-01 -2.397639519676482422e-01 4.048300000000000787e-01
-8.238577548321928123e-01 5.031898502581889643e-01 2.608799999999999453e-01
-3.745301450222102840e-02 -9.928053844252137106e-01 1.137309999999999849e-01
2.779306901930761464e-01 1.530638293810802630e-01 9.483279999999999488e-01
5.202118545754063073e-01 7.880027797147776125e-01 3.292890000000000539e-01
3.827994743947475409e-01 3.195793960475315498e-01 8.667949999999999822e-01
-9.952380900096847727e-01 8.715200788205862414e-02 -4.365399999999990815e-02
3.806840553839854757e-01 6.265210911496936763e-01 6.801110000000000211e-01
9.284755641749031785e-01 -2.224001351382626918e-02 3.707269999999999732e-01
-2.684252854015324319e-01 -7.735688224922885325e-01 -5.740549999999999820e-01
-3.810900646160188532e-01 9.187201557743025493e-01 -1.035550000000000637e-01
5.653089833027398203e-01 2.774714826360046294e-01 7.768110000000000293e-01
6.421253293926665329e-01 -7.112163648344711486e-01 2.860880000000000645e-01
-1.161312132056965124e-01 -3.499476424700886934e-01 9.295430000000000081e-01
6.138140454414149350e-01 7.894400584432264001e-01 4.087999999999916353e-03
3.575062498471373584e-01 -7.216335043214360256e-01 5.928189999999999849e-01
9.058428222510623851e-01 -4.127469190087677542e-01 -9.533499999999991981e-02
2.950179831876631464e-01 -4.171379762283502490e-01 8.596279999999999477e-01
1.424849439664200856e-01 -5.627377786979351759e-01 8.142629999999999590e-01
-7.755812618570709915e-01 -1.290820435815659972e-01 6.179090000000000416e-01
-1.472300758172906121e-01 7.836724035582948167e-01 6.034739999999999549e-01
3.518470777579169595e-01 8.489871876254755367e-01 3.942389999999999506e-01
-6.379929887881264916e-01 -6.798259880529675669e-01 3.616649999999999587e-01
-4.216529285218322820e-01 -5.577669054479321709e-01 7.149159999999999959e-01
8.363886199611859917e-02 1.840866962574813082e-01 9.793450000000000211e-01
-3.337500364835624955e-01 1.587454929949846105e-01 9.291989999999999972e-01
7.210748921207988937e-01 -6.830498978096755103e-02 6.894820000000000393e-01
6.524582155502082204e-01 -4.409401456717655932e-01 6.163359999999999950e-01
-4.288590532695316648e-01 8.061631001353021242e-01 4.076529999999998766e-01
9.594483847603657578e-01 -1.661410666263017089e-01 2.277190000000000047e-01
6.036902960797263518e-02 7.950303899224177018e-01 6.035580000000000389e-01
-3.593619876945342573e-01 -7.211459753061326694e-01 5.922899999999999832e-01
-3.642611841419662877e-01 4.827472440392515107e-01 7.964099999999999513e-01
-7.171409174766834038e-01 3.054699648487569918e-01 6.264159999999999728e-01
7.920500228487671601e-02 5.312160153243241645e-01 8.435259999999999980e-01
-1.679909422709072730e-01 9.800136632241065460e-01 -1.065469999999999196e-01
-6.944958691256506444e-01 -5.268999007082910691e-01 4.899510000000000809e-01
7.828910198316142433e-01 -5.545320140469934822e-01 2.820919999999999539e-01
9.409458243135301325e-01 3.374309369973821915e-01 -2.759200000000007133e-02
-9.894315816157603916e-01 1.057999552621585217e-02 1.446139999999999370e-01
-1.618819558120222213e-01 8.696517626162064696e-01 -4.663689999999999225e-01
-8.665432871036891083e-01 3.987001320975831417e-03 4.990859999999999186e-01
6.043402717551224490e-02 -9.535934288046187257e-01 2.949700000000000655e-01
-3.508931289383836472e-01 7.364492706139580402e-01 5.783740000000000547e-01
-5.036062330038461043e-01 6.007602779541758309e-02 8.618419999999999970e-01
4.803720265436004500e-01 8.628740476792626790e-01 1.571339999999998849e-01
-5.966508821935174733e-01 -4.559859099672897154e-01 6.603670000000000373e-01
-8.628251453530070281e-01 4.968370836980290361e-01 -9.319699999999990492e-02
-8.909319164686276826e-01 3.756409647809170194e-01 -2.552139999999999409e-01
8.763728731866698984e-01 4.668609324440642361e-01 1.183699999999999752e-01
-5.537849042075746464e-01 6.803408823162160335e-01 4.800609999999999600e-01
-7.460172427481757129e-01 -3.301001074119931933e-01 5.783530000000000060e-01
-6.961089381237424156e-01 6.744409400497836105e-01 2.460929999999999229e-01
8.369520535073301515e-01 -9.727400621884174647e-02 5.385619999999999852e-01
-3.578503198692338794e-01 -6.881286921417463509e-02 9.312399999999999567e-01
-7.356417183637322665e-01 6.684577440847365715e-01 -1.095240000000000657e-01
8.132380087908669397e-01 2.999320032421779469e-01 4.986829999999999874e-01
-4.773810378570884083e-01 8.755110694294442331e-01 7.475100000000001188e-02
-1.564670377300736159e-01 9.522082296131323398e-01 2.623309999999999254e-01
1.911593148061007941e-01 -3.034020868191285997e-02 9.810900000000000176e-01
-8.229615087786888994e-01 -3.980242460701405860e-01 4.053530000000000189e-01
-6.377225357596457700e-01 -2.533268155866792992e-01 7.274169999999999803e-01
-7.571763970609598493e-01 9.515192423058857485e-02 6.462430000000000119e-01
6.687905467812016447e-01 3.865183160046897770e-01 6.350770000000000026e-01
-8.728780398102338189e-01 -2.143510097761238686e-01 4.383349999999998636e-01
-5.590770636046152875e-01 -7.996270909713106834e-01 2.191559999999999342e-01
6.569912083350616383e-01 7.280872308799513082e-01 1.955800000000000871e-01
1.761890724958501686e-01 6.658462739732436964e-01 7.249870000000000481e-01
-6.514736991377715336e-01 7.558646509281593540e-01 6.519700000000004658e-02
-2.787041756930512815e-01 -4.619272911955482064e-01 8.419900000000000162e-01
-2.063899588948883701e-02 3.771259248907103956e-01 9.259319999999999773e-01
3.769129579360456228e-01 -6.385499287370345611e-02 9.240450000000000053e-01
3.453680550290319506e-01 -8.305451323344585912e-01 4.369390000000000773e-01
-7.679300837507316846e-01 -6.382150696039654569e-01 -5.445100000000001328e-02
5.720138486799135613e-01 -8.130117849265119379e-01 1.086829999999999741e-01
3.855697618793772069e-02 -8.024295044346528849e-01 5.955000000000000293e-01
-2.642569780960322690e-01 9.242459233902808879e-01 -2.755680000000000907e-01
5.519429356035366885e-01 -9.717898866190184670e-02 8.282000000000000473e-01
-9.683359733286791560e-01 2.163889940398990852e-01 1.245039999999999480e-01
5.789168547367162798e-01 5.628688587635201079e-01 5.899440000000000239e-01
4.691072872295030116e-01 -8.384915133996149184e-01 2.772550000000000847e-01
8.491840886558524870e-01 5.206100543523233259e-01 -8.860899999999999332e-02
1.538750630353373783e-01 8.868533633018882423e-01 4.356760000000000632e-01
8.409888750771643551e-01 9.475798592438418322e-02 5.326899999999998858e-01
1.857702294401805398e-01 3.530034359857460724e-01 9.169939999999999758e-01
7.804240596555808152e-01 5.576740426285793362e-01 -2.827330000000000676e-01
-4.495137997437516630e-01 2.880228716871879313e-01 8.455650000000000110e-01
9.910443310858912946e-01 1.334410445796881117e-01 4.961999999999913528e-03
4.848901971758478036e-01 4.611701875303382825e-01 7.431039999999999868e-01
-6.513131903131170741e-01 -3.723301087945162652e-02 7.578949999999999854e-01
4.873698966538064087e-02 9.629897957991853108e-01 2.650949999999999140e-01
-2.134899306327598875e-02 -6.745427808272683734e-01 7.379269999999999996e-01
-4.678701570246643349e-01 5.916691985735914594e-01 6.565250000000000252e-01
7.295678908634541937e-01 1.871239720080006275e-01 6.578110000000000346e-01
6.256208812589679757e-01 7.896998501172547424e-02 7.761200000000000321e-01
4.662139726782006943e-01 7.809159542355437189e-01 -4.157099999999999684e-01
4.924318890369062673e-01 -4.302859030406923635e-01 7.565479999999999983e-01
1.288159852715451970e-01 9.888458869381624439e-01 7.476800000000000113e-02
-4.548648699474379664e-01 -8.876627462041540850e-01 7.178300000000001346e-02
-7.977577519255056870e-01 5.982228139738264838e-01 7.557800000000000629e-02
0.000000000000000000e+00 -0.000000000000000000e+00 1.000000000000000000e+00
-4.537602742557723251e-02 8.945125406494160991e-01 4.447340000000000737e-01
-2.278951055962666616e-01 -6.316672926860044113e-01 7.409860000000000335e-01
-2.411090873230244402e-01 8.676403142352585585e-01 4.348179999999998713e-01
-9.386490921660528564e-01 1.277880125475184259e-01 3.203249999999999709e-01
-8.473745843141164968e-01 2.089311440701895062e-01 4.881640000000000423e-01
-2.726549127484095281e-01 -8.535477268584090726e-01 4.439769999999999550e-01
-7.031677716970485825e-01 5.799338117083771005e-01 4.113780000000000769e-01
1.882277839057245605e-01 -7.129021815550432573e-01 6.755299999999999638e-01
5.230628699483068633e-01 -7.217628205445613121e-01 4.532809999999999340e-01
-7.127788146828597515e-01 -6.866358214798419235e-01 1.431000000000000050e-01
7.421271051285383002e-01 4.854740687714799163e-01 4.621279999999999832e-01
