2.043648998528884431e-01 7.235916454106686713e-01 6.592799999999999772e-01
1.565809852657816803e-01 9.528619103360134179e-01 2.598779999999999979e-01
5.020927701146852273e-01 8.452426130020669337e-01 -1.829419999999999102e-01
-4.621991777122743117e-01 1.462020562136437940e-01 8.746410000000000018e-01
-8.289507657520844841e-01 -5.575768424379126120e-01 4.414400000000009289e-02
7.595979402472308184e-01 -3.658079712241988912e-01 5.377689999999999415e-01
-4.616781168834244720e-01 -3.056970773935777097e-01 8.327080000000000037e-01
2.939460020820617858e-01 3.008540256319873207e-01 9.072390000000000176e-01
-7.448912764910621265e-01 -4.580291700126926657e-01 4.851249999999999729e-01
-5.357727673109433791e-02 -7.571604392718637999e-03 9.985349999999999504e-01
-8.016611556429413810e-01 4.602000893480848523e-03 5.977609999999999868e-01
9.066885641211762659e-01 -3.265458430173009963e-01 -2.669899999999999496e-01
-6.345522190827328490e-01 7.339922534149657674e-01 2.420720000000000927e-01
8.986606372031760159e-01 3.030618776513823720e-01 3.171160000000001200e-01
3.866927868149885872e-01 -1.579303213453889243e-01 9.085849999999999760e-01
-1.477599444825166419e-01 4.822848187923020058e-01 8.634629999999999805e-01
-2.829479154882161840e-01 9.559557144721053668e-01 7.803300000000004677e-02
7.735101637363690774e-02 9.772082068551027900e-01 -1.976890000000000591e-01
4.156439240892287890e-01 -5.658388966584988466e-01 7.120859999999999967e-01
-3.674031712898783164e-01 -7.088053304576230618e-01 6.021710000000000118e-01
8.093291242011454445e-01 -5.714280876924120456e-01 1.358539999999999193e-01
-2.471897619783804817e-02 -4.598895571675125638e-01 8.876319999999999766e-01
9.716043715853768248e-01 -1.287090492241512452e-01 1.985420000000000240e-01
6.054292925783408830e-01 4.902552369195966597e-01 6.269810000000000105e-01
-2.477872091999202830e-01 8.078816820722666270e-01 5.347230000000000594e-01
7.229104216893394996e-02 -8.166624763769481099e-01 5.725700000000000234e-01
4.745329663718987900e-01 -8.231069416699670072e-01 3.119509999999999783e-01
7.284762411483808320e-01 5.370201777704460694e-02 6.829629999999999868e-01
-6.101711792204234097e-01 4.881791433887338050e-01 6.239970000000000239e-01
9.739630721372372069e-01 1.371900101610713796e-01 -1.804850000000000343e-01
5.717177545620338863e-01 7.710666689817073927e-01 2.803480000000000971e-01
