-6.671841369357008888e-01 -2.181860447814290005e-01 7.122220000000000217e-01
2.816272409742457961e-01 1.137130972985701122e-01 9.527619999999999978e-01
-2.609299864860063767e-02 -7.962209587624053952e-01 6.044429999999999525e-01
7.934083873688503319e-01 -3.280881601837533079e-01 5.127000000000000446e-01
-9.506964204523812301e-01 -2.427471073566671855e-01 1.930029999999999524e-01
-2.949025391627852488e-01 -1.475657694024664068e-01 9.440640000000000143e-01
-8.292200209972123703e-01 5.541630140323174913e-01 7.278400000000007086e-02
-3.876886769663352994e-01 -5.656805286582635706e-01 7.278069999999999817e-01
2.214230827731227813e-01 7.899652953074880468e-01 5.717750000000000332e-01
-5.603535998703043086e-01 5.725855911358500583e-01 5.984559999999999880e-01
3.702651271711385750e-01 6.257462149185887279e-01 6.865459999999999896e-01
8.137545907816451374e-01 -9.738395102786430446e-02 5.729919999999999458e-01
-9.410256360123318009e-01 3.250678742641083807e-01 9.381700000000010864e-02
7.824138797781053922e-01 1.362559790635718415e-01 6.076700000000000434e-01
-8.539394683715031409e-01 -3.545917792453660566e-01 3.808570000000001121e-01
6.537501495842604204e-02 9.768832235201838632e-01 2.035320000000000462e-01
3.379257271272081420e-01 -1.198552578969639404e-01 9.335099999999999509e-01
9.807583001177375692e-01 -8.495002599520148565e-03 1.950409999999999366e-01
2.858999655142109297e-01 9.488288855504837249e-01 1.341080000000000882e-01
4.943671199967373253e-01 4.660410558235789785e-02 8.680029999999999690e-01
5.070698345965334308e-01 4.303918596084785331e-01 7.467549999999999466e-01
-7.532620168808956684e-01 1.513370033915212853e-01 6.400730000000000031e-01
-1.249456914484802644e-01 -3.263751940213308056e-01 9.369459999999999456e-01
-9.362762634121419847e-01 2.088960587708569017e-01 2.823989999999999001e-01
-1.203300645868610186e-02 -9.180404927559379091e-01 3.963039999999998786e-01
-2.229260486214145742e-01 -8.457191844560714156e-01 4.848330000000000695e-01
-8.967797735929206038e-02 6.189878437261481237e-01 7.802639999999999576e-01
5.212478549226143842e-01 -1.938173178887098447e-01 8.311049999999999827e-01
6.104519076899963537e-01 7.677628839020834706e-01 1.946500000000000175e-01
5.058777475174917049e-01 -8.607775703877447171e-01 5.612200000000003297e-02
-4.918214661953618783e-01 -1.866947973684444373e-01 8.504450000000000065e-01
1.075168946985090995e-02 1.347301087268314435e-01 9.908240000000000380e-01
-7.242709348897935495e-01 5.235789529315176827e-01 4.486610000000000320e-01
1.331137493689830698e-01 -4.973678543021912285e-02 9.898519999999999541e-01
1.603902934578199935e-01 3.011415509831122939e-01 9.399939999999999962e-01
-3.503031010779822929e-01 9.297942682868876041e-01 1.130060000000000786e-01
-4.762001711759115269e-02 9.828353532920559577e-01 -1.782330000000000025e-01
-5.782061147405269663e-01 -7.165671421972016342e-01 3.901400000000000423e-01
-7.330900942797415887e-01 -5.423740697525275545e-01 4.103769999999999363e-01
9.517742386609351346e-01 2.083600522470591132e-01 2.251930000000000875e-01
3.125596652452535817e-01 -3.365646395356692855e-01 8.882740000000000080e-01
6.746830836981237978e-01 -2.655090329378466119e-01 6.886999999999999789e-01
-8.972828459573271020e-01 4.305049260922799159e-01 -9.771899999999993092e-02
-6.352591663045689119e-01 -2.150000562850055952e-04 7.722989999999999577e-01
-8.957937675682479117e-01 -1.497039611562894224e-01 4.184999999999999831e-01
-4.089888407922858127e-01 7.433937106179888676e-01 5.292390000000001260e-01
5.773408138743619800e-01 5.667538172874438951e-01 5.877649999999999819e-01
7.542587900395303357e-01 4.938998625147649202e-01 4.326159999999999450e-01
6.249479819706756922e-01 -7.438129785415014128e-01 2.370280000000000720e-01
7.963000476646227288e-03 7.866310470858679516e-01 6.173720000000000319e-01
4.472369482615002334e-01 -6.156129287829651409e-01 6.488450000000000051e-01
-2.029820197792399361e-01 8.660620843919563105e-01 4.568749999999999756e-01
-3.433994364183770576e-01 -3.719194726638294091e-01 8.624110000000000387e-01
7.396302766076077173e-01 -5.458102041225995071e-01 3.937489999999999601e-01
2.907209516725379750e-01 -9.513138418600950441e-01 1.023880000000000484e-01
-1.682960190225954167e-01 -5.280750596886263359e-01 8.323540000000000383e-01
-3.434839135537291477e-01 -9.325907652903359102e-01 1.108750000000000013e-01
-3.556282722158830012e-01 2.629452012715685072e-01 8.968770000000000353e-01
7.797166217621624984e-01 -6.008777085163010678e-01 1.760340000000000515e-01
-2.071780405965147898e-01 7.409481451887094394e-01 6.388059999999999850e-01
7.020872933100650304e-01 3.611251508667689403e-01 6.137280000000000513e-01
-4.138281883369759884e-01 -7.249783299442379425e-01 5.505929999999999991e-01
-7.953446546790079452e-01 -8.622807097766703455e-02 5.999929999999999986e-01
2.252000016942530825e-01 -9.223600069392148271e-01 3.139060000000000183e-01
-5.528200600163676315e-01 -8.143940884138953784e-01 1.764999999999999902e-01
8.710023940748127247e-01 -3.804211721170953631e-01 3.108609999999999984e-01
5.578351248066425461e-01 -8.120381816804905784e-01 -1.715049999999999075e-01
-3.582429783948656854e-01 5.977089639530059895e-01 7.172209999999999974e-01
2.265551136296551915e-01 -7.033673527768075084e-01 6.737560000000000215e-01
-4.796592892298752742e-01 4.180682520910801725e-01 7.714569999999999483e-01
3.498793697995091628e-02 4.711161514285909235e-01 8.813769999999999660e-01
-5.860709900337036649e-01 -5.633079904207948241e-01 5.824129999999999585e-01
-2.218842865515366636e-01 8.807611374552978822e-02 9.710870000000000335e-01
-3.937199106873107701e-01 8.596938049842955953e-01 3.254400000000000071e-01
1.052442870734742603e-01 -2.667217275333902404e-01 9.580100000000000282e-01
6.722564841204039521e-01 -2.710401951875391138e-02 7.398219999999999796e-01
-5.440709615164694979e-01 -4.025809715244181852e-01 7.361490000000000533e-01
-7.301062877375501525e-01 -6.493932559282499239e-01 2.126809999999999257e-01
9.394378918273492696e-01 3.421339606045936677e-01 2.001999999999990940e-02
6.802190919502022759e-02 -4.675133758989837851e-01 8.813649999999999540e-01
6.134978698250566076e-01 6.808438555352599453e-01 4.000899999999999457e-01
-4.082095878998252547e-01 -2.763687209972484626e-01 -8.700489999999999613e-01
9.931012702670404257e-01 1.172370319054124449e-01 -2.312000000000007625e-03
-4.875010202348540878e-01 -8.720690361972361915e-01 -4.287600000000003214e-02
-8.652457167391182091e-01 -4.653718476483182931e-01 1.864909999999999901e-01
-4.391689677563608285e-01 4.217499690352576047e-02 8.974140000000000450e-01
-1.254770059148872241e-01 -9.917360467496557641e-01 2.674199999999996372e-02
4.313920916713599452e-01 8.531141812878325625e-01 2.934230000000000449e-01
-6.739457050609201083e-01 3.723468370497315938e-01 6.380869999999999598e-01
-9.645635241558848660e-01 2.211488909015364712e-01 -1.439110000000000111e-01
-3.938468463097694605e-01 -8.550236663454695574e-01 3.373709999999999209e-01
-7.224977862163902698e-01 6.488618080049212145e-01 2.386950000000000460e-01
8.779148538128603851e-01 4.168939305803621154e-01 2.355100000000000804e-01
7.633006634012220459e-01 6.064897325513881610e-01 2.225809999999999178e-01
1.455068542244170871e-01 6.442103545998886238e-01 7.508799999999999919e-01
-1.655079970698545289e-01 9.527969831317293359e-01 2.545289999999999497e-01
-8.847897408656663076e-01 8.004597655639529574e-02 4.590640000000000276e-01
-5.810348160481375590e-01 7.122557745044310051e-01 3.938150000000000261e-01
1.716549689390957090e-01 -8.417208476909183723e-01 5.118989999999998819e-01
2.309900733877670240e-02 -6.461722052951233142e-01 7.628420000000000201e-01
-8.358291101290709069e-01 -5.487320723010870038e-01 -1.681699999999993617e-02
-1.834960208677301752e-01 -9.478631077938995952e-01 2.605469999999999731e-01
1.701899485092399009e-02 9.060837258654766968e-01 4.227560000000000207e-01
-8.253477011459758872e-01 3.091018880758460430e-01 4.725010000000000043e-01
-6.899921959623447343e-01 -7.237692055552386039e-01 8.301000000000101700e-03
6.146073131934841616e-01 2.100721070491901599e-01 7.603469999999999951e-01
-1.157003714410817508e-01 3.072319863285651320e-01 9.445750000000000535e-01
-6.874459801224842570e-01 7.262349790008996164e-01 8.829999999999710476e-04
4.931429288029670066e-01 -4.170799397844874856e-01 7.634490000000000443e-01
1.104559556927717373e-01 -9.930506016573357186e-01 -4.061999999999996863e-02
6.377999717292262005e-01 -4.883479783537537644e-01 5.955899999999999528e-01
-8.422063591706033248e-02 -1.011787639612482803e-01 9.912969999999999837e-01
-9.138768197822881856e-01 1.609139682675537752e-01 -3.727409999999998780e-01
2.309440470195858741e-01 9.001781832738533495e-01 3.692480000000001317e-01
-5.719685328610890629e-01 2.151058243184812147e-01 7.915689999999999671e-01
-2.408178368409806536e-01 4.629536863393906021e-01 8.530419999999999670e-01
8.529852557185676476e-01 2.854690855814859263e-01 4.369479999999999476e-01
3.841801058901434529e-01 -7.818342154940766120e-01 4.910610000000000253e-01
-7.393887912017007569e-01 -3.606078981668144889e-01 5.685649999999999871e-01
-2.748398230087281124e-01 5.330176567474395055e-01 -8.002219999999998779e-01
-8.535338495766063849e-01 4.403109224013631029e-01 2.785790000000000766e-01
-9.932726662263108297e-01 1.037509651361165908e-01 5.143099999999992122e-02
-2.139010217712341566e-01 -7.004000712879904222e-01 6.809450000000000225e-01
5.753062010791611947e-01 -6.812262380999896116e-01 4.527180000000000093e-01
4.385969303236944006e-01 -8.534348644217861768e-01 2.815699999999998759e-01
4.258221654318249394e-01 7.541282929786891076e-01 4.999660000000000770e-01
-9.702549075990549721e-01 -1.833799825360491603e-02 2.413900000000000212e-01
2.803949084143792514e-01 4.719358458512045162e-01 8.358560000000000434e-01
9.068053136811199400e-01 6.420202220869454524e-02 4.166320000000000578e-01
