-4.303228129998982743e-01 6.842457026557452471e-01 5.887529999999999708e-01
8.779003451997773322e-01 -1.009300396867678605e-02 4.787370000000000791e-01
8.130208007803454429e-01 -4.250458958483023797e-01 -3.979110000000000702e-01
-1.512220678079828351e-01 8.668483886948615824e-01 4.750850000000000350e-01
-9.763610747121241606e-02 -5.762886343394860722e-01 8.113930000000000309e-01
3.588000676855831461e-01 7.314341379808717569e-01 5.798849999999999838e-01
5.659610018698000289e-01 7.485660024730832474e-01 -3.454520000000000923e-01
2.469053769841202395e-01 5.465258344555448122e-01 8.002169999999999561e-01
-3.267011168888362960e-01 9.208023294494789290e-01 2.130480000000000984e-01
9.622867054410698673e-01 -1.999239388026653186e-01 1.844850000000000934e-01
-7.219699102437950045e-02 -9.588388807959478122e-01 2.746189999999998910e-01
8.050303071189388038e-02 6.101182327600117583e-01 7.882099999999999662e-01
-5.896300481795653525e-02 9.170340749322446472e-01 -3.944259999999999988e-01
1.029060072136051551e-01 4.613120323374987897e-01 8.812499999999999778e-01
4.258567132664862198e-01 2.895344849406814025e-01 8.572140000000000315e-01
9.079688889355490566e-01 -4.010249509458787553e-01 -1.215379999999999239e-01
-4.748509920822962527e-01 1.359067115247037938e-01 8.695089999999999764e-01
7.396910205516512571e-01 -2.476220068799553364e-01 6.257319999999999549e-01
3.091178480559260700e-01 9.035865558502258477e-01 2.966100000000000403e-01
1.706179296791023869e-01 8.963586305620183659e-01 4.091829999999999079e-01
8.255231976686911999e-01 5.597911340400624214e-01 7.173100000000001697e-02
7.460822535715929682e-01 6.256252126317586315e-01 2.279349999999999432e-01
6.915566187841036827e-01 2.257218755723468251e-01 6.861479999999999801e-01
-4.072089047209923596e-01 -2.091854647601735784e-01 8.890569999999999862e-01
-3.471887144653476032e-01 -3.741946922551139254e-01 8.599059999999999482e-01
-9.374448805665589468e-01 -3.227189588845844059e-01 1.305739999999999956e-01
-6.791353527370931342e-01 -7.017753644961214343e-01 2.151429999999999731e-01
3.411801977919629580e-01 8.291264806684423005e-01 4.428830000000000822e-01
2.826215710631835298e-01 -3.708957494293751989e-01 8.846249999999999947e-01
9.244209311371431870e-01 2.245079832757344573e-01 3.082889999999999242e-01
4.931631755857988630e-01 -7.875502803993728040e-01 3.695330000000000004e-01
6.105140973401419480e-01 -3.077850490731343647e-01 7.297540000000000138e-01
6.436826015172310012e-01 5.466015107955791708e-01 5.356300000000000505e-01
-3.296428760800292901e-01 -9.438366451911508470e-01 2.253800000000001288e-02
-1.395009439122604777e-01 9.892406022659948617e-01 -4.407399999999989798e-02
3.044080725796831643e-01 -9.521412270179894222e-01 -2.761899999999991445e-02
7.927695421121303543e-01 -3.528997961721190291e-01 4.969689999999999941e-01
6.124318394622448869e-01 -6.579028275428607797e-01 4.382820000000001159e-01
9.333361745461156156e-01 -1.173830219521658780e-01 3.392709999999999337e-01
-2.769458230586491765e-01 -5.311056606753192799e-01 8.007670000000000066e-01
7.221898403112067544e-02 -6.181798633096299289e-01 7.827119999999999633e-01
-2.855698749343595078e-02 -8.440256303580477848e-01 -5.355419999999998515e-01
9.647496708100280483e-01 -2.265729226892360393e-01 -1.338759999999998840e-01
1.328609767275391318e-01 9.612668316206507413e-01 2.414829999999999199e-01
-6.104195719515730367e-01 1.888448675751038253e-01 7.692369999999999486e-01
3.962747273411496574e-01 -6.736912365243723222e-02 9.156570000000000542e-01
2.028019917950181772e-01 9.684889608167834840e-01 -1.445700000000000318e-01
-2.670249891372331041e-01 9.507439613230580511e-01 -1.574280000000001234e-01
-1.329999674622028708e-04 9.209477746946395094e-01 3.896860000000000879e-01
-6.721577587167846257e-01 -5.139678155019329342e-01 5.329549999999998455e-01
-8.752925816986361074e-01 2.421108842954742546e-01 4.186229999999999674e-01
-9.887930583954361863e-01 4.383900258901261837e-02 1.427110000000000600e-01
-4.320284591988333978e-02 3.519187449048755134e-01 9.350330000000000030e-01
4.889090513678395200e-01 8.716730915834211002e-01 -3.397000000000006958e-02
-7.855260942840196492e-01 6.138500736783318867e-01 -7.833799999999997710e-02
2.535001014134362352e-03 -9.973363989872516822e-01 -7.289500000000002922e-02
-6.293605679691735566e-02 5.134674633809382938e-01 8.557979999999999476e-01
-8.907244645535919991e-01 -1.285099227480783202e-01 4.359990000000000254e-01
-4.999152526460194923e-01 4.553122301046465537e-01 7.367329999999999712e-01
-5.538559610331320604e-01 5.579269607467143288e-01 6.180299999999999683e-01
7.392680881015338823e-01 -6.035710719299779425e-01 2.986380000000001256e-01
2.311380629412621568e-01 -1.980160539217998006e-01 9.525569999999999871e-01
-9.040942310336422816e-01 3.273590836538479154e-01 2.746809999999999530e-01
-1.129390703049430733e-01 -8.939945565145546169e-01 4.336110000000000242e-01
-7.244512791895562076e-01 6.418802473682738707e-02 6.863310000000000244e-01
-5.145134254422512043e-01 -3.211486413729335854e-01 7.950720000000000010e-01
5.754432386312423597e-01 8.100133359053954818e-01 1.128869999999999596e-01
-3.514384889909090148e-01 2.692763746706844374e-01 8.966499999999999471e-01
-7.055827560211620497e-01 7.064847557092659436e-01 5.506600000000008016e-02
9.919336190814647125e-01 -1.257039517276516694e-01 1.631600000000001799e-02
-8.187966728626945301e-01 5.669417734873500869e-01 9.027199999999994950e-02
3.035143081414204969e-01 -7.398527511318957472e-01 6.004140000000000033e-01
-4.694709112580123800e-01 8.376058416711117394e-01 2.793089999999999185e-01
4.443161704208734575e-01 7.439672853543557451e-01 -4.990949999999998443e-01
8.561082259008351292e-01 3.630320957930915915e-01 3.678130000000000566e-01
8.758594673923002227e-02 -6.574516002055152963e-01 -7.483890000000000819e-01
5.338569717948552507e-01 5.068669732208117562e-01 6.768180000000000307e-01
4.170506193442494736e-01 -6.155624381560150793e-01 6.686940000000000106e-01
2.822980388357881343e-01 2.244682357338514400e-01 9.326959999999999695e-01
-2.546468073719366232e-01 6.885514791439198978e-01 6.790079999999999449e-01
-7.747622761518141443e-01 3.373501202431385959e-01 5.347320000000000961e-01
-4.170837781656099863e-01 -8.409745527107822527e-01 3.446779999999999289e-01
-7.945272204053052123e-01 -5.570391545250831244e-01 2.417310000000000569e-01
1.687900000398607769e-01 -5.099460424931074459e-02 9.843319999999999848e-01
4.718351059031591910e-01 8.334361870643454129e-01 2.876730000000000120e-01
-2.902110896835150555e-01 -8.393031514123366899e-02 9.532749999999999835e-01
-3.827191124135677081e-01 5.807131705690605772e-01 7.185390000000000388e-01
6.716255576175600428e-01 -4.218503502415301143e-01 6.090659999999999963e-01
5.310740978007721935e-01 -1.806230332629141788e-01 8.278499999999999748e-01
7.927744086850041505e-01 1.013789243834341686e-01 6.010250000000000314e-01
-5.971666820051569902e-01 1.353299279360008212e-02 8.020030000000000214e-01
3.819194318307981284e-01 -2.297302597526943158e-01 8.951879999999999837e-01
8.347138984466270228e-01 -5.139179374754629936e-01 1.978410000000000168e-01
8.278983399281868161e-03 -4.643520688980232181e-01 8.856119999999999548e-01
9.287945156607532171e-01 3.257378301372234608e-01 1.767360000000000320e-01
-5.965999325124784480e-01 7.851319111856975841e-01 1.662420000000000564e-01
2.468832769906594282e-01 -6.308317077615497315e-01 7.355949999999999989e-01
-9.559981137051576372e-01 -4.603800547569998625e-02 2.897380000000000511e-01
1.942560805490111675e-01 -2.281850946178038964e-01 -9.540419999999999456e-01
2.678200892780612241e-01 3.908831303012337277e-01 8.806150000000000366e-01
3.840330949958183915e-01 6.038971493821879699e-01 6.984460000000000113e-01
-7.042892477140377805e-01 -1.051280369758455790e-01 7.020859999999999879e-01
3.439160251350162900e-01 -8.268170604277169655e-01 4.450789999999999469e-01
8.661101136473260409e-01 4.887190641276598635e-01 -1.049140000000000766e-01
7.916282108352211688e-01 2.753760733412157213e-01 5.454290000000000527e-01
-3.238039500729407716e-01 8.631168669167347263e-01 3.875309999999999033e-01
5.246374126337705057e-01 -4.730004704447373087e-01 7.078320000000000167e-01
7.628837381242983273e-01 5.338868167322519120e-01 3.646549999999999514e-01
-1.799820510510546923e-01 9.312652641489725935e-01 3.167829999999999258e-01
-2.249577300893929876e-01 5.545483346373225597e-01 8.011679999999999913e-01
8.926486458591257334e-01 -2.832328876328968348e-01 3.506529999999999925e-01
6.178631084689645281e-01 7.413021301393033502e-01 2.621379999999999266e-01
-5.200720708430854877e-01 -5.842110795799618783e-01 6.230750000000000455e-01
5.548925433748094216e-01 3.444803373300648341e-01 7.572499999999999787e-01
9.300587402904834100e-01 2.273539365137078327e-01 -2.886189999999999589e-01
-6.009964697060854455e-01 -4.306486200138370246e-01 6.733090000000000463e-01
1.787900466184675491e-02 -8.339482174471636311e-01 5.515529999999999600e-01
3.837328803674581179e-01 -8.837157244928337541e-01 2.679470000000000462e-01
9.848729566263404456e-01 -3.141199861662021670e-02 1.704070000000000862e-01
-6.045520246566081779e-01 7.248600295633604862e-01 3.302949999999999497e-01
5.095731755495456206e-01 6.474442230465508041e-01 5.667020000000000390e-01
-3.109580495575406389e-01 -7.425031183330949025e-01 5.932910000000000128e-01
5.307241576205324884e-01 -8.267922455502205725e-01 1.864039999999999031e-01
8.503548717706620463e-01 -1.838779722721049503e-01 4.930370000000000030e-01
1.484389775676045742e-01 7.999878791042300819e-01 -5.813649999999999096e-01
9.120096339833524413e-01 -3.612708550112386230e-01 1.942210000000000325e-01
-2.026141019404152366e-01 3.963931994357105526e-01 8.954440000000000177e-01
9.543114742397105221e-01 -2.975001478410223554e-01 2.798699999999992860e-02
4.780083323963893460e-02 -1.790393753943423372e-01 9.826799999999999979e-01
-7.152576210154517611e-01 5.205647241749254972e-01 -4.662820000000000298e-01
-1.999839229120383144e-01 -6.721267409147710925e-01 7.129180000000000517e-01
-7.925940135445500578e-01 -2.000900034193154597e-01 5.759849999999999692e-01
-3.394398934806922702e-02 -7.203977739326644647e-01 6.927299999999999569e-01
-6.627072163218933332e-01 -2.707750883868145220e-01 6.982120000000000548e-01
7.825003870798644678e-01 -7.230203576568480783e-02 6.184380000000000432e-01
1.023009490273004002e-01 -9.690145171766589849e-01 2.248230000000000506e-01
-7.166528163773036031e-01 2.385019388903970305e-01 6.553820000000000201e-01
9.794867825848329046e-01 1.437879680836069984e-01 -1.411759999999999404e-01
-4.620939525069991949e-01 7.685759210074559755e-01 4.424480000000000079e-01
2.264390216345339990e-01 -9.131340872430483424e-01 3.389859999999999540e-01
-7.243401271974656552e-01 6.528491146433142989e-01 2.216289999999999094e-01
-7.869539953763234896e-01 -4.624249972830637989e-01 4.084929999999998840e-01
-3.239032515869968987e-01 9.367778354749149716e-02 9.414409999999999723e-01
6.829752832997253442e-01 4.811601995863623582e-02 7.288550000000000306e-01
-6.987799144595301382e-01 -6.124609250261863203e-01 3.695919999999999206e-01
9.473688111388460786e-01 -1.434419714043612681e-01 -2.862109999999999377e-01
-8.867011727834497314e-01 4.608200897958495412e-01 -3.749500000000009076e-02
-6.906718629768371365e-01 4.912469025409779699e-01 5.307060000000000111e-01
8.528236675081776186e-01 4.726838157139520158e-01 2.219499999999999529e-01
-5.022634944296520132e-01 3.069383021509616838e-01 8.084059999999999580e-01
-2.834039941595383749e-01 -8.435769826153510786e-01 4.561360000000000414e-01
4.595368698067545665e-01 -3.577298986500985767e-01 8.129300000000000415e-01
7.671757707504810453e-01 6.368668096897538433e-01 -7.643300000000004257e-02
2.219619584208342156e-01 6.863998714197051543e-01 6.925229999999999997e-01
9.452706647925465111e-01 5.184498161497556878e-02 3.221420000000000394e-01
1.971200981114941408e-01 8.050904007131837181e-01 5.594400000000000484e-01
1.783271149313006565e-01 -5.006883226921500230e-01 8.470600000000000351e-01
-5.336868698258464550e-01 -8.227997993069090521e-01 1.953940000000000399e-01
5.575800466491321467e-02 7.396100618784113845e-01 6.707220000000000404e-01
-2.383078003734055705e-01 -2.581757003596370503e-01 9.362449999999999939e-01
4.379595945205774776e-01 1.165621582305822190e-01 8.914060000000000317e-01
1.170908629357528818e-01 -3.380356043022106349e-01 9.338210000000000122e-01
1.838570810762784891e-01 -8.426213715745113353e-01 5.061480000000000423e-01
6.661224812964499087e-01 3.916516950243681960e-01 6.347359999999999669e-01
6.771637326097128540e-01 -7.251937136442105913e-01 1.246729999999999644e-01
-7.202498010051190391e-01 5.799808397594582443e-01 3.806080000000000574e-01
-6.360410787099769481e-01 -7.694590952204339862e-01 5.817600000000001936e-02
9.711201583057427200e-01 2.380950388127170969e-01 1.537500000000005182e-02
-3.107201177192171412e-02 9.717223681460901430e-01 2.340729999999999755e-01
-5.653973925049917693e-01 -1.569108314061082865e-01 8.097560000000000313e-01
-4.499831212828679372e-01 -3.805201025606676224e-02 8.922259999999999636e-01
4.079232748735773240e-01 4.544603062319259035e-01 7.918739999999999668e-01
-7.421825856625432483e-01 -3.621497978230301951e-01 5.639260000000000383e-01
5.758708648942161279e-01 -5.741808652907092192e-01 5.819699999999999873e-01
-2.666260788813627491e-01 -9.533252820414181983e-01 -1.417089999999999461e-01
2.914627170588254268e-01 5.254412926947225199e-02 9.551380000000000425e-01
4.267738521534678586e-01 8.943856901595027553e-01 1.339340000000000253e-01
-2.467481091282211769e-01 -9.195584066891278052e-01 3.058230000000000670e-01
-3.774799228176879407e-01 -9.072018145068672101e-01 1.857250000000000012e-01
-5.898666479254075501e-01 6.479516132561468078e-01 4.818880000000000385e-01
9.765562323376729692e-01 1.438220342174629796e-01 1.601660000000000306e-01
-4.477572591154262982e-01 -4.770182760486657569e-01 7.562849999999999850e-01
-7.090459258424590683e-01 -7.002279267647142369e-01 -8.327499999999997404e-02
-0.000000000000000000e+00 -0.000000000000000000e+00 1.000000000000000000e+00
4.237711096235729502e-01 -9.022012333866572531e-01 8.031800000000004214e-02
5.724871364443653299e-01 1.737377379291289159e-01 8.012949999999999795e-01
9.985347476250530097e-01 5.356998646043863860e-02 7.655999999999942365e-03
5.751518286815270331e-01 -8.179757563524089337e-01 1.077199999999990145e-02
8.279378749851179498e-01 -5.025799241126999162e-01 -2.488620000000001109e-01
1.753569152320640923e-01 -9.751675286017754685e-01 -1.352709999999999468e-01
1.200484153333473830e-01 2.985460328842977629e-01 9.468149999999999622e-01
-1.232439014793141469e-01 -1.313598949914210889e-01 9.836439999999999628e-01
-3.549986523529005122e-01 4.320535768936817345e-01 8.290389999999999704e-01
9.110797219726024521e-01 4.106628746810761510e-01 3.591299999999992415e-02
-1.644929827646173515e-01 4.890788685068474251e-02 9.851649999999999574e-01
-1.533410183938760107e-01 -9.877871184890643086e-01 -2.762499999999991004e-02
-8.210974311103643730e-01 -3.045501599015240299e-02 5.699750000000000094e-01
-6.362069630938901321e-01 3.840159777233878025e-01 6.691580000000000306e-01
6.648228148673133164e-01 -1.269309646536340430e-01 7.361379999999999590e-01
-1.167750576458845280e-01 7.769853835580179391e-01 6.185929999999999485e-01
4.988199465821138157e-01 7.511309195625068824e-01 4.324130000000000473e-01
6.399908577700350598e-01 6.537318547162702664e-01 4.037900000000000378e-01
4.571331754412264470e-01 -8.835973391121211273e-01 -1.014149999999999080e-01
5.510056303780735965e-01 -7.700008809196226892e-03 8.344660000000000410e-01
-1.726013671615547473e-01 -4.250549041864617461e-01 8.885589999999999877e-01
-3.754449642904860163e-01 -6.236419406838477064e-01 6.856470000000000065e-01
1.304605228415037510e-01 1.278245122772679598e-01 9.831790000000000251e-01
-2.951409139261299552e-01 7.872067704217543538e-01 5.414769999999999861e-01
-5.805341408352120425e-01 -6.531271584459814594e-01 4.862149999999999528e-01
4.638772604887065332e-01 -7.113063994317025962e-01 5.280729999999999036e-01
-6.433377986541627402e-02 -3.065189511665277200e-01 9.496879999999999766e-01
8.239227252896056397e-01 -4.434328521516522348e-01 3.528719999999999635e-01
-3.279415763483464752e-02 1.810878704525004657e-01 9.829200000000000159e-01
-8.507012819525516800e-01 -3.003540995479922482e-01 4.313870000000000759e-01
3.558961495320147050e-01 -5.019362108916688436e-01 7.882879999999999887e-01
9.025205680645961293e-01 -5.192397514981489381e-02 -4.275049999999999684e-01
1.357519552054633205e-01 -7.431927547661466571e-01 6.551609999999999934e-01
6.297197706687092111e-01 -7.236047364776907465e-01 2.825759999999999939e-01
-8.755816247368594096e-01 -3.985272843534825027e-01 2.730069999999999442e-01
-8.214879957239290542e-01 1.468549992355792921e-01 5.509910000000000085e-01
8.749753997217383228e-01 1.660380758524506173e-01 4.548069999999999613e-01
-2.864500827656568660e-02 -9.938982871727043422e-01 1.065159999999999857e-01
7.589539620424843314e-01 4.276359786126693319e-01 4.910359999999999170e-01
