-5.061905949209674072e-01 -1.824342144131881338e-01 8.429050000000000153e-01
-3.530379615008970573e-01 -6.821389256121447309e-01 6.403520000000000323e-01
4.162619748527580099e-01 8.043019514104648993e-01 4.240570000000000728e-01
-3.642658837168467056e-01 -9.167007073652690963e-01 1.642260000000001219e-01
2.658931169556797980e-01 -8.758183852372553035e-01 4.027940000000000409e-01
-7.889370300710945028e-01 -2.968290113139233632e-01 -5.380249999999998645e-01
-6.351119122944776096e-01 7.427498974302533252e-01 2.120269999999999933e-01
-8.533407053864014991e-01 -3.075488938195660160e-01 4.209790000000000476e-01
0.000000000000000000e+00 0.000000000000000000e+00 1.000000000000000000e+00
-1.703832316104391675e-01 5.271227165442439189e-01 -8.325330000000000785e-01
6.179953731453723398e-01 -1.954858017118173141e-01 7.614900000000000002e-01
-1.268320516435155476e-01 9.824904000507570512e-01 1.364780000000000160e-01
7.553129384004946267e-01 -5.655229538788063559e-01 3.311890000000000667e-01
-8.908590439877310807e-01 2.674590132062589221e-01 3.672000000000000264e-01
9.872145131099852033e-01 -6.241796921572206197e-02 1.466679999999999928e-01
3.178162295089868028e-01 4.012182897372589263e-01 8.590790000000000370e-01
-5.003029857710953321e-01 3.745909893464167695e-01 7.806269999999999598e-01
1.318529154619677846e-01 -7.378965268946446887e-01 -6.619090000000000806e-01
-8.139345609210787424e-01 -5.800216871059310497e-01 -3.294500000000004369e-02
