4.258026755311262179e-01 4.444317050858708207e-01 7.881449999999999845e-01
6.307635296028291094e-01 -5.000004198112676171e-03 7.759589999999999543e-01
-4.917819079919311109e-01 -7.679728563190341140e-01 4.103270000000000528e-01
-3.447800769576524899e-02 7.335651637375718570e-01 6.787440000000000140e-01
-9.877603895665604261e-02 9.759493849083737960e-01 1.943350000000000077e-01
-8.717603699026993391e-01 4.846272056355367397e-01 7.190500000000001057e-02
4.299109301019219398e-01 -8.873738557242377700e-01 1.665659999999999363e-01
1.378104795689770734e-01 -1.141737403476326962e-01 9.838559999999999528e-01
-5.143916919796871490e-01 -1.804728919319314451e-01 8.383500000000000396e-01
2.691387491294237044e-01 -6.243504180282488658e-01 7.333150000000000501e-01
9.190242778742421237e-01 1.250730378168198875e-01 3.738330000000000819e-01
-3.929031713433179251e-01 -9.149193989922628223e-01 9.246400000000001840e-02
6.973558875718102179e-01 7.117458852518451229e-01 -8.433599999999995267e-02
4.277118886904658357e-01 -2.052324667513271139e-01 8.803079999999999794e-01
1.387039337109555459e-01 5.071757576118035571e-01 8.506080000000000307e-01
4.898742657512420995e-01 8.688394713355749310e-01 7.170200000000009899e-02
-9.398296615602040882e-01 2.411369131647668751e-01 2.420189999999999564e-01
9.473626389885408949e-01 2.239859146456926464e-01 2.287670000000001092e-01
4.509900455429708549e-02 9.954801005279871884e-01 8.357899999999998664e-02
-4.634198146511729899e-01 -8.491706603667324993e-01 2.532809999999999784e-01
-6.335959893209517357e-01 -6.609389888600948337e-01 4.021390000000000797e-01
9.435100352901043541e-01 3.214740120240919818e-01 8.026999999999998026e-02
-6.921933698500067900e-01 2.592921385439437287e-01 6.735250000000000403e-01
-4.496883924615850958e-01 1.762021537788782399e-01 8.756329999999999947e-01
4.836559548937159336e-01 -3.685307275991794168e-02 8.744819999999999816e-01
1.313209476853776370e-01 -9.912806051013075548e-01 -1.084300000000004878e-02
1.942350273886644940e-01 9.803951382434149542e-01 -3.313800000000008406e-02
-9.245906202367182303e-01 -2.708698887438009892e-02 3.799980000000001135e-01
3.351000500173512229e-03 -9.566231427864622106e-01 2.913089999999999291e-01
-3.329802277969547836e-02 -7.885745394761124460e-01 6.140370000000000550e-01
-9.691228566363103702e-01 -1.194989823223498032e-01 2.156869999999998788e-01
-5.577124350300904920e-02 -1.692727039369549824e-01 9.839900000000000313e-01
2.416171358783371637e-01 -9.232975192352403937e-01 -2.985680000000000556e-01
-5.172123030787724174e-01 5.954703489368317060e-01 6.147409999999999819e-01
-3.629449955106706094e-01 -1.283039984129855926e-01 9.229349999999999499e-01
6.760329455743077087e-01 -7.035689433574545681e-01 -2.190209999999999380e-01
5.622479085975521373e-01 6.224148988164395213e-01 5.444970000000000088e-01
8.065056225861012840e-02 -2.771424957731492000e-01 9.574380000000000113e-01
2.854659959318786577e-01 -9.550769863893804335e-01 7.960599999999995458e-02
-7.829884279966488059e-01 4.827592638855692786e-01 3.922660000000000591e-01
8.666704602879153896e-01 4.916472611134257709e-01 8.464800000000000102e-02
-9.419492876185630026e-01 3.265530997110294709e-01 7.806799999999997075e-02
6.749117273702899267e-01 3.372548637663386195e-01 6.563179999999999570e-01
9.108693854665354805e-02 8.890294002012522068e-01 4.486980000000000413e-01
-7.352768866015410021e-01 8.564398679151187521e-02 6.723339999999999872e-01
3.291338764053229338e-01 9.422866461573174979e-01 6.137399999999990780e-02
-6.026678947419004118e-01 1.315579770229295398e-01 7.870730000000000226e-01
-2.765072150817337593e-01 2.143583915029777520e-01 9.367999999999999661e-01
9.074974975547972500e-01 -3.347471835322604061e-01 2.537569999999999548e-01
5.841783579072609145e-01 -1.795981100339763825e-01 7.915050000000000141e-01
-8.466503082876127850e-01 -3.562211297094688978e-01 3.953350000000001030e-01
6.059401362717220518e-02 9.586242155879175497e-01 2.781509999999999261e-01
-2.226805602838240472e-01 -2.425175211127686137e-01 9.442450000000000010e-01
-3.010210296829274879e-01 -9.247630911885650340e-01 2.328079999999999039e-01
-5.501146992717586004e-01 3.049458332969030017e-01 7.774199999999999999e-01
5.618729475359085512e-01 4.777139553941354144e-01 6.753430000000000266e-01
7.181362722079519534e-01 -5.579322114829600165e-01 4.159229999999999872e-01
1.422299979750907273e-01 6.654539905260210553e-01 7.327630000000000532e-01
-2.673199476128749197e-01 9.564558125617983464e-01 1.171849999999999281e-01
-3.214647929580740637e-01 5.061836739884274516e-01 8.002740000000000409e-01
4.236850235241895746e-01 7.323590406626430127e-01 5.330489999999999950e-01
-6.487273618867012148e-01 -2.250361255343706623e-01 7.269879999999999676e-01
-6.111259579900855110e-01 -7.510599483707677271e-01 2.498679999999999790e-01
1.513629482810736893e-01 -9.133516879185481496e-01 3.779919999999999392e-01
1.450490124754785226e-01 9.700260834306922986e-01 -1.949619999999999964e-01
7.557522817659874104e-01 2.474300922489894305e-02 6.543900000000000272e-01
-5.362983164024116567e-01 8.314894905577212558e-01 1.449459999999999360e-01
9.723701141010239191e-01 2.905800340975920465e-02 2.316290000000000016e-01
-7.917464076836598919e-01 5.645102906759271733e-01 2.333789999999999754e-01
8.838817647400670774e-01 -2.363029371040162585e-01 4.036259999999999293e-01
6.884113052744414984e-01 6.083782697839722475e-01 3.949249999999999705e-01
7.189642185635410909e-01 -6.423821952827745152e-01 2.653970000000001050e-01
-7.246000616490702942e-03 -9.955760847037586903e-01 9.367899999999992899e-02
-3.800280968761062250e-01 -4.795061222348728780e-01 7.909819999999999629e-01
-5.587798474134065413e-02 -6.658558181740598103e-01 7.439850000000000074e-01
-5.828248198955404691e-01 7.799427589821773532e-01 -2.280449999999999700e-01
4.082370073915485564e-01 -5.078360091948903587e-01 7.585809999999999498e-01
-1.646539880364297215e-01 -9.152469334992056060e-01 3.677120000000000388e-01
9.086191469450610736e-01 4.112400665071794803e-01 -7.275200000000006662e-02
-3.600812478134015060e-01 6.348204368930979724e-01 6.836259999999999559e-01
-1.864168986033238051e-01 -8.319225474971322365e-01 5.226409999999999112e-01
-7.621227998816140214e-01 -6.430078311588508511e-01 -7.556299999999992190e-02
6.695947263263962723e-01 1.707409302155709352e-01 7.228350000000000053e-01
1.210620903115642716e-01 -7.213705381379216242e-01 6.818859999999999921e-01
3.041899204157628711e-01 -8.408217800184839552e-01 4.477580000000000449e-01
2.344259409594949828e-01 9.100527708019219286e-01 3.418310000000000515e-01
-6.401241316563599515e-01 -3.946640811718128972e-01 6.591519999999999602e-01
-5.169809523821212727e-01 -3.555439672516956806e-01 7.786650000000000515e-01
9.040582280052534836e-01 -4.168971051422653562e-01 9.421000000000008534e-02
8.186236113917378932e-01 5.684307301606317253e-01 -8.210900000000008470e-02
-8.138131008846026526e-02 -3.532673460600141979e-01 9.319760000000000266e-01
6.596764792328523308e-01 -3.210282332162517349e-01 6.795350000000000001e-01
-2.052299124898749119e-02 4.319208158287743959e-01 9.016779999999999795e-01
-6.970097632768167129e-02 -5.182798239782907546e-01 8.523659999999999570e-01
-1.396430823606362726e-01 1.079140636470550113e-01 9.843039999999999567e-01
5.487777254270214122e-01 3.110554111828705559e-01 7.759430000000000494e-01
5.765619354835945648e-02 1.669036654765680139e-01 9.842859999999999943e-01
6.811759771237699823e-01 4.960509833409034175e-01 5.384539999999999882e-01
-8.442436515744643488e-01 3.018302329480030896e-02 5.351090000000000568e-01
3.737289430291222958e-01 8.994958628817228963e-01 2.263490000000000224e-01
1.943346240055720542e-01 5.241370771671186729e-02 9.795340000000000158e-01
-7.535238407992084220e-01 3.773299202795999396e-01 5.383529999999999704e-01
2.390632491189957631e-01 -4.794364996030954784e-01 8.443869999999999987e-01
-3.339471586412707804e-01 -8.544244058934773456e-01 3.980429999999999802e-01
-9.850419457088971376e-01 1.544919914850928222e-01 7.631900000000001183e-02
4.364102973724748313e-01 -6.335584317103419849e-01 6.388660000000000450e-01
8.277428456022918324e-01 -4.958209075152239520e-01 2.626850000000001129e-01
9.569604589597470179e-01 -1.604130769343649621e-01 2.418559999999999877e-01
4.318730338325143525e-01 6.013770471112943605e-01 6.721840000000000037e-01
-4.785186854153280489e-01 4.733596888069221964e-01 7.395610000000000239e-01
4.499597636043980442e-01 -8.260295660284043828e-01 3.394280000000000630e-01
6.733650643824745652e-01 6.993550668674575199e-01 2.397539999999999394e-01
5.188286735185932974e-01 -3.488627804724042103e-01 7.804560000000000386e-01
5.626890441317716762e-01 -4.870110381963362323e-01 6.679829999999999934e-01
-2.153089270783118403e-01 7.636207413738748118e-01 6.087080000000000268e-01
2.928969387298099303e-01 -7.438688443924144078e-01 6.007249999999999535e-01
5.330001805990072228e-01 8.117992750658414858e-01 2.385220000000000395e-01
-6.578218359481220467e-01 7.512758126419630811e-01 5.343299999999993194e-02
-3.679346461264117463e-01 -6.319673921839893405e-01 6.820859999999999701e-01
6.342641786700913276e-01 7.692552166966138971e-01 7.717100000000008675e-02
-8.061579042616943969e-02 2.722062923555659819e-01 9.588560000000000416e-01
2.465868983440288598e-01 -2.680468894971020366e-01 9.313139999999999752e-01
-8.798834987055909052e-01 4.095212321108741560e-01 2.410340000000000260e-01
-6.595884965052627447e-01 5.408835871182698929e-01 5.219080000000001496e-01
-8.599543579267403537e-01 3.187621326738915295e-01 3.985839999999999939e-01
-9.718384235236611213e-01 -2.253990982281097455e-01 6.874099999999995492e-02
1.413169291464992650e-01 -8.291835842638247689e-01 5.408180000000000209e-01
7.195933935514130519e-01 -1.505908730871864665e-01 6.778699999999999726e-01
3.614427801716007527e-01 -3.656447776159587049e-01 8.577080000000000259e-01
-3.764342364883815351e-01 -3.067793777674915900e-01 8.741759999999999531e-01
-4.909369585303488548e-01 -4.179999646914092822e-04 8.711950000000000527e-01
8.154329858552266108e-01 -5.696489901186780891e-01 1.028059999999999946e-01
2.897376404954255524e-01 5.639523002516645400e-01 7.733109999999999706e-01
5.576437175453859973e-01 7.296886304021474867e-01 3.957120000000000082e-01
-3.289282905012979041e-01 4.839589560999732476e-02 9.431140000000000079e-01
8.816882814314735972e-02 -4.331211557692191683e-01 8.970129999999999493e-01
5.942970043601384367e-01 -7.043030051672120040e-01 3.882889999999999953e-01
-5.442451405605720494e-01 7.768862006440859780e-01 3.166150000000000353e-01
3.124912423891099134e-01 -8.743634762563351481e-02 9.458879999999999511e-01
8.736031799632628658e-01 2.846940586473045709e-01 3.946729999999998850e-01
-3.955021664605751219e-01 8.287373488023763723e-01 3.959449999999999914e-01
-7.413566165196500135e-01 -6.276686753268292396e-01 2.375339999999999396e-01
-7.474938893045488530e-01 -4.172979382028611517e-01 5.168319999999999581e-01
8.326424193553128017e-01 -1.168889184873026649e-01 5.413350000000000106e-01
-1.539237955670403613e-01 5.210133080193209976e-01 8.395550000000000512e-01
-2.070600667112746374e-01 -7.204762321253369572e-01 6.618460000000000454e-01
4.048539648919963763e-01 8.297329280474712299e-01 3.842350000000000487e-01
2.859140732086060122e-01 7.096211816992668009e-01 6.439650000000000096e-01
4.052334971699662058e-01 2.694473305776082239e-01 8.736040000000000472e-01
5.291335606685915183e-01 1.384101466590436924e-01 8.371739999999999737e-01
-8.477191436914816025e-01 -4.724640800843817878e-01 2.411429999999999685e-01
-4.523249946016447698e-01 7.398729911698509465e-01 -4.979859999999998732e-01
6.991621676515461514e-01 -7.067271694655520298e-01 1.082079999999999015e-01
8.164262788506986279e-01 -4.029751376363079340e-01 4.135929999999999884e-01
-9.108484778391531256e-01 -2.058901080117685745e-01 3.577210000000001222e-01
-9.705509277890382869e-01 6.440099520843516057e-02 2.321280000000000565e-01
-0.000000000000000000e+00 0.000000000000000000e+00 1.000000000000000000e+00
-8.125501164189269376e-01 2.066720296111408950e-01 5.450220000000000065e-01
9.204360088333241041e-01 -6.166300059177309140e-02 3.859989999999999255e-01
1.966690302035221938e-01 9.656481482997864019e-01 1.698379999999999057e-01
2.766534424189681096e-01 3.970501997653882453e-01 8.751079999999999970e-01
7.908849661274779397e-01 1.979219915232716398e-01 5.790750000000000064e-01
-8.564995152335147521e-01 -5.884896669232576871e-02 -5.127819999999999601e-01
7.919107364750558320e-01 5.635778124576361625e-01 2.350690000000000834e-01
-2.338420792955997751e-01 -4.231001434728074995e-01 8.753880000000000550e-01
3.699001093176687571e-01 9.036978239863566187e-02 9.246659999999999879e-01
9.694400692442610434e-02 -5.903790421690432444e-01 8.012829999999999675e-01
7.984132490567703577e-01 4.657221452772151715e-01 3.816269999999999940e-01
-8.071398795173119478e-02 9.219328623820326474e-01 3.788469999999998783e-01
-5.259999254127585740e-03 6.022569145994477458e-01 7.982850000000000223e-01
-9.060933340231538402e-01 1.475060543767796051e-01 3.965310000000000779e-01
1.169750166511223100e-01 7.910111125985965774e-01 6.005150000000000210e-01
5.865790788396741950e-01 -6.065100815185180405e-01 5.367219999999999214e-01
-1.298199954046932829e-02 -8.859939686380101653e-01 4.635150000000000103e-01
-3.912088949535805216e-01 3.448899073910374202e-01 8.532330000000000192e-01
-6.331346345423345401e-01 -4.669397304732769705e-02 7.726319999999999855e-01
2.456639229588066520e-01 2.204628282783505366e-01 9.439520000000000133e-01
-2.171566352805582023e-01 3.722323748273739241e-01 9.023780000000000134e-01
-1.935557436527418906e-01 -6.141723596869334834e-02 9.791649999999999521e-01
-2.230700264088237850e-01 -5.824360689534660018e-01 7.816699999999999759e-01
1.136463783048845821e-01 3.325841071025240070e-01 9.362009999999999499e-01
-6.236070369848224493e-01 4.277290253677092369e-01 6.543409999999999505e-01
-7.559815418806004050e-01 -5.301933800377272021e-01 3.839100000000000290e-01
7.799048126585929053e-01 3.537899150159103945e-01 5.163149999999999684e-01
-5.140980573255110597e-01 -5.226370582776689311e-01 6.801129999999999676e-01
-5.972997024984853104e-02 8.402795814756848225e-01 5.388530000000000264e-01
7.826725601568578217e-01 -2.870568386809653205e-01 5.522880000000000011e-01
-2.337669699740418106e-01 8.547798902086756190e-01 4.633619999999999406e-01
-1.889821579490131298e-01 6.519695449082988370e-01 7.343169999999999975e-01
-5.378011273454422758e-01 6.975881651812703144e-01 4.734350000000000502e-01
-9.941565809761157002e-01 6.727397164490860060e-02 -8.442099999999991278e-02
-5.020792954422820253e-01 -6.631233902066655528e-01 5.551430000000000531e-01
-3.516317866592406083e-01 -7.586255397294705549e-01 5.484909999999999508e-01
6.990532773429931623e-01 -4.507261788214883547e-01 5.551310000000000411e-01
-6.349800652636568010e-01 -5.496570564941034576e-01 5.428420000000000467e-01
-7.638986198060818689e-01 -2.663468674386150203e-01 5.878079999999999972e-01
2.955458648224330021e-01 -9.150035814931875011e-01 2.746290000000001230e-01
-7.550290378462929386e-01 -9.131300457712043794e-02 6.493020000000000458e-01
-9.644740140212356705e-01 2.496250036289738017e-01 -8.647100000000008946e-02
9.882657254880282682e-01 1.290459641547195835e-01 8.171899999999999997e-02
5.559732267478767476e-01 8.261813369494338533e-01 -9.120399999999992402e-02
-9.241488407245314063e-01 -3.126889461085963218e-01 2.194870000000000709e-01
2.626719387507909231e-01 8.249468076408931205e-01 5.004659999999999664e-01
8.859779854270330990e-01 3.959839934866760114e-01 2.413290000000000990e-01
5.517553025934140987e-01 -8.320174562946680563e-01 5.755900000000006150e-02
-3.981959196635905252e-01 8.885408207360353527e-01 2.278930000000000400e-01
-3.838811567815461068e-01 7.428003033683158174e-01 5.485280000000000156e-01
-8.503320762200425875e-01 -1.514380135742403599e-01 5.039860000000000451e-01
4.163851380519441037e-01 -9.086273012541848937e-01 -3.193499999999990790e-02
-6.758197279811638536e-01 6.339267448431763485e-01 3.760380000000000389e-01
-9.972633164279405271e-01 -2.976300944369230164e-02 6.767600000000005556e-02
1.468929777253972224e-01 -9.712858527158552135e-01 1.871529999999999305e-01
-7.766753135857470403e-01 6.267172530395836993e-01 6.325299999999989264e-02
