5.250526896551278577e-01 -2.651958432496934193e-01 8.086969999999999992e-01
5.197606991474990057e-01 -6.117666458918001871e-01 -5.963139999999998997e-01
1.308840134478800321e-01 7.390450759343268894e-01 6.608190000000000452e-01
7.148348841036328283e-01 6.937708875187440505e-01 8.771000000000009345e-02
-5.562586122113261089e-01 -4.550176827901630805e-01 6.953669999999999574e-01
7.380335533383519664e-01 -4.482853361005308401e-01 5.043279999999999985e-01
8.214116053586896504e-02 -3.890387603334923838e-01 9.175520000000000342e-01
-3.097429551465120112e-01 8.918638708503140444e-01 -3.296030000000000904e-01
1.870400135514678763e-01 -7.166720519244954568e-01 6.718610000000000415e-01
9.375049857991637481e-01 -2.117439967926123823e-01 2.761319999999999331e-01
3.995287213605261956e-01 -6.301305605341031013e-01 6.658169999999999922e-01
-4.093939435789246128e-01 -9.084838747962984407e-01 8.398599999999996346e-02
2.149936343498582980e-01 -5.394420825445854772e-01 8.141129999999999756e-01
-7.159278617774909037e-01 5.112109013017132053e-01 4.755109999999999615e-01
-9.191344736393965986e-01 -6.422103309375531976e-02 3.886740000000000750e-01
-6.909198070215339937e-01 2.036549431178291958e-01 6.936529999999999641e-01
-2.129220350525592165e-01 -9.755051605937699044e-01 5.526199999999992230e-02
3.237342053440315226e-01 2.579553668084235696e-01 9.103050000000000308e-01
-7.966551355167380555e-01 3.055650519788016273e-01 5.215080000000000826e-01
-4.901279923031638952e-01 -8.305279869576157603e-01 2.645710000000000561e-01
-3.963200183031574397e-01 7.882840364051431070e-01 4.706790000000000140e-01
9.097570101599488090e-01 1.910010021330535435e-01 3.685930000000000040e-01
-8.061299888893014298e-02 -8.879639877614031729e-01 4.527930000000000565e-01
-2.632359779599895977e-01 9.159639233089084120e-01 3.028480000000000616e-01
-1.484869336335263579e-01 9.823595609328148459e-01 1.136720000000000785e-01
4.586298622068481906e-02 8.620897409892552821e-01 5.046760000000000135e-01
8.751855480120303010e-01 -4.762567540380736042e-01 -8.502800000000003411e-02
-3.375147511577796244e-01 -4.835986434533312561e-01 8.075989999999999558e-01
9.397802367245013111e-02 -9.508082395023828015e-01 2.951809999999999712e-01
1.439260026414143911e-01 -8.550520156924160675e-01 4.981679999999999442e-01
9.526089232666491435e-01 -2.703669782217406614e-01 -1.394200000000000439e-01
-7.510509192582142113e-01 6.596799290810592131e-01 2.729300000000008802e-02
-8.691514342453978692e-01 -2.996488049503416295e-01 3.934289999999999177e-01
6.944311100484882315e-01 3.578580567107919053e-01 6.242619999999999836e-01
-9.800634108709020964e-01 4.823902022319100785e-02 1.927399999999999669e-01
-9.576696104855277891e-01 -1.971709198043606059e-01 2.097440000000000415e-01
-4.265750213316925055e-01 4.911470245607378327e-01 7.594790000000000152e-01
9.307291788116744957e-01 -3.533050678769638075e-01 9.443900000000010619e-02
-8.717701030868117706e-02 -9.868001166891094966e-01 -1.364760000000000695e-01
4.201249117970125568e-01 8.477448220204900631e-01 3.237650000000000250e-01
-9.460590376591068718e-02 7.313552560579811290e-01 6.754029999999999756e-01
3.645232420722627209e-01 -7.781715167674325695e-01 5.114409999999999235e-01
5.725800265720424331e-01 -6.358510295082954178e-01 5.175379999999999425e-01
-7.284105165097780610e-01 -3.777922678893232966e-01 5.715689999999999937e-01
8.214259365272127411e-01 -5.511069574151568062e-01 1.467669999999999531e-01
6.115912238806759937e-01 -6.738591448616598756e-02 7.882989999999999720e-01
-2.018781034117401174e-01 -6.483393321108005258e-01 7.340989999999999460e-01
-2.183706171497003523e-01 5.487500379240616288e-01 8.069619999999999571e-01
-6.187807517175915040e-01 -7.802856869146149732e-01 9.091000000000001857e-02
7.730219365533345099e-01 5.723069530272478778e-01 2.736819999999998698e-01
-8.321909025289628836e-01 7.540599116801172119e-02 5.493379999999999930e-01
-5.278812274165020080e-01 -8.420653627701636390e-01 -1.107579999999999953e-01
7.133773805008636337e-01 -6.110493259211779993e-01 3.430909999999999793e-01
-3.237601927440896671e-02 -7.694184580577353438e-01 6.379240000000000466e-01
-3.639998266578854946e-01 9.285415578147427906e-01 7.290200000000009173e-02
-7.552201134603722665e-02 3.847930578093231579e-01 9.199079999999999480e-01
-1.267070362466067024e-01 -9.607992748522455884e-01 2.465969999999999274e-01
6.701952713267403938e-01 1.382970559891885665e-01 7.291860000000000008e-01
3.835173047594887530e-01 4.529973599713548738e-01 8.048030000000000461e-01
-3.009189249590644710e-01 -8.906557778948502868e-01 3.408519999999999883e-01
7.776614781869924942e-01 -5.130896557154188131e-02 6.265859999999999763e-01
5.061087893728841713e-01 7.092247048422055666e-01 4.907690000000000108e-01
-8.406646133002153576e-01 2.410991758919958372e-01 -4.849269999999998859e-01
-8.661467081350643360e-01 3.864168697893397564e-01 3.169730000000000603e-01
-9.967906950521693288e-01 -7.812597609894714190e-02 1.745400000000005974e-02
-7.728378287295384341e-01 -5.075178875277328583e-01 3.809820000000000428e-01
5.454139078579098854e-01 5.208309120109552159e-01 6.567030000000000367e-01
9.890058978898178532e-01 -1.420369853353529166e-01 4.114400000000000002e-02
8.513978601496441367e-01 5.231769140631178372e-01 3.751800000000006519e-02
5.899599667441315365e-01 -4.610119740128916233e-01 6.628840000000000288e-01
-3.128870101024262551e-01 6.885030222302325198e-01 6.542670000000000430e-01
7.018418645034233405e-01 -2.612229495686745895e-01 6.627070000000000460e-01
-5.056877194343205595e-01 2.837594037002403313e-01 8.147149999999999670e-01
-7.737899813849683506e-01 5.753809861580849727e-01 2.649259999999999393e-01
-9.153647080305612471e-01 1.736929445980043285e-01 3.632329999999999726e-01
-4.427234989391063413e-01 -1.019891149393651053e-01 8.908390000000000475e-01
6.158909126112480648e-01 7.303468963710902928e-01 2.954180000000000139e-01
1.927760905604260777e-01 9.234594338135478919e-01 3.317530000000000756e-01
2.860427662175094032e-01 8.135503350860568972e-01 5.062759999999998373e-01
-8.800376370129302517e-01 -4.304828224397553860e-01 2.005450000000000288e-01
-2.684835419326093708e-01 -2.718665487611908183e-01 9.241239999999999455e-01
3.215121325280481668e-01 9.364403860029033577e-01 1.403900000000000980e-01
-4.272000798818863243e-02 9.463361769548330749e-01 3.203480000000000216e-01
-6.148657422737564548e-01 -5.875237537343852567e-01 5.260759999999998771e-01
-6.441699538754115384e-01 7.378079471706375791e-01 2.017040000000000222e-01
-5.949867815422305029e-01 6.918057459937855258e-01 4.091400000000000592e-01
4.513181443183338359e-01 -8.783372808665561582e-01 1.575930000000000664e-01
-7.067699004585136224e-01 -2.757199611675959297e-02 7.069060000000000343e-01
-6.503184593459632179e-01 -6.878134858302014099e-01 3.224880000000001079e-01
4.129943863083851419e-01 -4.519784227734333082e-01 7.906649999999999512e-01
6.556983453122186001e-01 -7.365333878825987002e-01 1.660670000000000479e-01
-2.962314579004663995e-01 3.435743712635798142e-01 8.911810000000000009e-01
-1.810319869246269919e-01 8.448619389782698885e-01 5.034239999999999826e-01
-0.000000000000000000e+00 -0.000000000000000000e+00 1.000000000000000000e+00
-2.107710500883454297e-01 -5.808051380244980688e-01 -7.862829999999999542e-01
-3.629476858505661374e-01 1.247798919967423592e-01 9.234170000000000433e-01
-9.450401563218386869e-01 -3.262750539701047559e-01 2.106399999999995776e-02
-5.889786790276011624e-02 -2.237514981659543267e-01 9.728649999999999798e-01
2.941812446835763151e-01 -3.098022045764390886e-01 9.041460000000000052e-01
-4.643400252779559811e-01 8.467320460947885818e-01 2.596789999999999932e-01
8.108587917689502600e-01 1.689129566226294510e-01 5.603359999999999452e-01
-2.256811942003453253e-01 -5.153804434887025027e-02 9.728369999999999518e-01
-5.585169187253241629e-01 6.070299116657736777e-02 8.272690000000000321e-01
2.469164449214396040e-01 5.376687912979277728e-02 9.675439999999999596e-01
-6.256876358597337484e-01 4.164757576177237630e-01 6.595929999999999849e-01
3.684799970262955249e-01 6.600819946730112076e-01 6.546100000000000252e-01
-2.569500930854939913e-01 -7.906872864428490244e-01 5.556889999999999885e-01
8.124556396416213744e-01 3.865988285270971492e-01 4.364139999999999686e-01
-4.152430197624391583e-01 -6.340200301745763101e-01 6.523740000000000094e-01
5.264981574129887765e-01 -7.756662319095292135e-01 3.480539999999999745e-01
8.989188130048865188e-01 -2.752099427502087067e-02 4.372500000000001386e-01
-7.710066396767881747e-01 -6.194317105140060287e-01 1.478279999999999039e-01
2.416500165625018182e-01 -9.637120660520664961e-01 1.134210000000000773e-01
-8.085439603964593713e-01 -1.664339918478453806e-01 5.644080000000000208e-01
7.918011927977416237e-03 -6.037109094517909558e-01 7.971639999999999837e-01
8.312092029561239659e-02 2.076278009063583785e-01 9.746700000000000363e-01
8.533930747608766687e-01 -4.136630362386479742e-01 3.171800000000000175e-01
1.518679769815914349e-01 4.032139388854493189e-01 9.024159999999999959e-01
-6.396183472670086134e-01 -2.246701219798049320e-01 7.351269999999999749e-01
-1.305739068367597622e-01 -4.496976791449843192e-01 8.835849999999999538e-01
-4.669048744752753444e-01 -3.043599181745639259e-01 8.302800000000000180e-01
-5.613750639854073743e-01 8.272710942921791544e-01 2.192199999999988949e-02
6.755615877962023452e-01 5.620706570443561034e-01 4.771719999999998740e-01
3.970324600701241047e-01 -1.060248558153475962e-01 9.116600000000000259e-01
-1.478618984921513113e-01 1.742038804082640391e-01 9.735449999999999937e-01
2.175600749956433863e-02 -9.971763437389993268e-01 7.187499999999995282e-02
4.619691380751034804e-01 7.524372248913165917e-01 -4.694920000000001314e-01
8.904417402962435668e-01 3.972658841345393932e-01 2.220209999999999961e-01
-9.749268549983796106e-01 4.502999330265236751e-03 -2.224799999999999556e-01
1.600464223416008525e-01 -1.545853738089539020e-01 9.749299999999999633e-01
-4.403005433328843060e-03 5.786177140169096456e-01 8.155869999999999509e-01
4.765914701747359650e-01 9.953509819497713407e-02 8.734720000000000262e-01
5.377405458848534270e-01 3.048633094805929256e-01 7.860620000000000385e-01
9.661648778848300756e-01 2.039939742168656867e-01 1.578350000000001141e-01
