4.806667293877091574e-01 5.842276710835621056e-01 6.539399999999999658e-01
6.835999841535228549e-01 4.542559894699277900e-01 5.712639999999999940e-01
-3.865812854200930127e-01 2.903382143620585332e-01 8.753619999999999735e-01
9.944375241217479067e-01 -5.802497223272282123e-02 8.790400000000005154e-02
6.817731531728957739e-01 -7.305121641230124530e-01 3.920900000000000774e-02
9.764690175900151425e-01 1.980250035672025954e-01 8.540700000000009395e-02
-3.306432522663826368e-01 9.001826868001346904e-01 2.834539999999999282e-01
5.710502043689856533e-02 3.389741213129718322e-01 9.390610000000000346e-01
-6.265752231700264518e-01 -1.077110383639096336e-01 7.718819999999999570e-01
-7.935766934608645684e-01 4.976204348417720413e-02 6.064319999999999711e-01
9.264779108083960324e-01 -1.809729825778138845e-01 3.299810000000000798e-01
9.435748604548609419e-01 9.469698599527749672e-02 3.173309999999999742e-01
6.363821513756273696e-02 7.567144490562678627e-02 9.950999999999999845e-01
-3.622469420482715696e-01 5.799859072147152128e-01 7.296529999999999960e-01
-1.605940678704307345e-01 -3.588091516402940884e-01 9.194919999999999760e-01
-2.045489387953641214e-01 -8.811007363591806252e-01 4.264049999999999230e-01
5.163568736846744223e-01 -8.485607924183095063e-01 -1.154129999999999323e-01
7.991520989192875124e-01 5.977440739889416932e-01 6.370200000000007801e-02
9.481254650391319760e-01 -3.066151503894249397e-01 8.393599999999994121e-02
7.169118126212825626e-01 1.866379512185748490e-01 6.717170000000000085e-01
-9.179802135072600011e-01 -3.902870907744264151e-01 7.062799999999998246e-02
-5.862420131950449864e-01 5.949130133902105211e-01 5.499079999999999524e-01
-3.690798112655468977e-01 7.677976073752693642e-01 5.237049999999999761e-01
-1.839201328346819764e-01 4.521743265788903399e-01 8.727610000000000090e-01
-1.714312610367203782e-01 1.812872185521079427e-01 9.683730000000000393e-01
-5.720709798235112942e-01 7.441779737534346406e-01 3.448680000000000634e-01
1.841669925790790086e-01 -6.632729732737324690e-01 7.253629999999999800e-01
2.884330077992451891e-01 -9.574410258892610548e-01 -1.063400000000009650e-02
5.335501917129557015e-01 8.367587323755983075e-02 8.416190000000000060e-01
1.285899631380526542e-01 9.296507335038004527e-01 3.452740000000000253e-01
-4.496500544417652429e-02 9.949941204697669850e-01 -8.924599999999993649e-02
6.187583206476338082e-01 7.654733966770628228e-01 1.766030000000000100e-01
8.425108338792342000e-01 -5.345208946066724032e-01 6.680500000000005878e-02
2.664611189620904041e-01 -9.271464139263392301e-01 2.634349999999999192e-01
6.919941494114709712e-01 -6.623741430160863253e-01 2.870620000000000394e-01
8.479233797698034758e-01 -4.696002103255833907e-03 5.300979999999999581e-01
2.736402518641827680e-02 5.818355355335363965e-01 8.128459999999999575e-01
-8.990718811655226128e-01 4.026939467740835443e-01 1.717770000000001240e-01
-7.463380004478170626e-01 3.143120001885933434e-01 5.866749999999999465e-01
8.912934381374302273e-01 3.949951941696998037e-01 2.226539999999999353e-01
4.830968510250479575e-01 -7.765997605161120143e-01 4.043640000000000012e-01
-8.899990895872135210e-01 -3.102010312248028034e-01 3.341810000000000058e-01
-7.739517447499834057e-01 4.914938379048679473e-01 3.992899999999998673e-01
8.409535658853646289e-01 -4.363722936389172191e-01 3.199629999999999974e-01
3.087710031238269925e-01 2.228550022546173515e-01 9.246600000000000374e-01
2.426789232226827520e-01 6.689067883752407573e-01 7.026170000000000471e-01
9.795358100020705727e-01 1.203769766508012429e-01 -1.613040000000000862e-01
7.497922040153671697e-01 5.681851546008378495e-01 3.390829999999999678e-01
3.160799788870358173e-02 -9.339169376178310111e-01 3.560900000000000731e-01
5.595488996754656164e-01 7.071178732170300130e-01 4.323069999999999968e-01
4.441473972236882339e-01 -6.477495793155122472e-01 6.189940000000000442e-01
3.024125845525455492e-01 -2.839796098753422440e-02 9.527539999999999898e-01
-5.323039157093267804e-01 -5.817019078871222826e-01 6.150409999999999489e-01
1.769359174535048151e-01 9.802065427010200338e-01 8.881899999999988415e-02
3.882961289371765212e-01 8.835132933784322073e-01 2.619739999999999291e-01
4.217340560864528409e-02 -1.884648125867762758e-01 9.811739999999999906e-01
-1.931865635219955635e-01 -8.692435365628020660e-02 9.773039999999999505e-01
-3.546835139109069668e-01 -4.916193262421763022e-01 7.953050000000000397e-01
-9.173492830543761301e-01 -3.866601193066172143e-02 3.962009999999999699e-01
-8.152595130582755700e-02 9.797344148199960134e-01 1.829590000000001215e-01
2.030140357113674743e-01 9.637801695346213116e-01 -1.729539999999999689e-01
-8.706399946855798710e-02 -6.022179963240378298e-01 7.935699999999999976e-01
-8.916087867750663865e-01 2.292799451685516854e-01 3.904669999999999530e-01
-6.477537885459624389e-01 -7.563867530836010378e-01 9.107199999999998630e-02
-7.502043121610441068e-01 6.336522636635765204e-01 1.888869999999999438e-01
-4.171295269590025168e-01 2.467597201649446986e-02 9.085119999999999862e-01
-1.326610137990957561e-01 8.869890922625802698e-01 4.423250000000000237e-01
4.889270260484034347e-01 -8.577250456967336900e-01 1.589280000000000137e-01
6.652980804243459056e-01 -5.441460657789234379e-01 5.111590000000000300e-01
2.754458019765314569e-01 -2.814527976579827562e-01 9.191920000000000091e-01
-9.763163754673047645e-01 1.449730557530773956e-01 1.605899999999999272e-01
-8.027637730157758389e-01 -5.545238432064719669e-01 2.192570000000000907e-01
8.410383960566938377e-01 2.880007931888103889e-01 4.579409999999998759e-01
-6.122038527159018306e-01 1.534659630791347651e-01 7.756640000000000201e-01
-7.384211113371441648e-01 -4.660470702693205736e-01 4.873749999999999472e-01
2.879893614848324512e-01 4.591845763694143989e-01 8.403639999999999999e-01
9.550313625288583963e-02 -4.578266531743893641e-01 8.838970000000000438e-01
-7.901553153304133881e-01 -2.171330866521613001e-01 5.731559999999999988e-01
-5.989128085646010513e-01 -3.573078857907582839e-01 7.166829999999999590e-01
6.973796926104354199e-01 -9.828295667904360378e-02 7.099309999999999787e-01
3.749778020357841246e-01 -4.793797469182570770e-01 7.934649999999999759e-01
5.262026160871311475e-01 3.452647480978317529e-01 7.771120000000000250e-01
2.420478586257880649e-01 -8.228375194008051841e-01 5.141510000000001357e-01
-6.380790234097292180e-01 -6.827860250499317996e-01 3.558910000000000129e-01
5.025923718075515634e-01 -1.910691413490406831e-01 8.431450000000000333e-01
-4.297930318098502900e-01 -7.699440569851143668e-01 4.716609999999999414e-01
-4.289558704999875127e-01 -9.032247273201713389e-01 -1.348899999999995242e-02
3.283881855254357496e-01 8.032594538076175406e-01 4.969259999999999233e-01
-4.070410942770404938e-01 -2.426640562047651106e-01 8.805859999999999799e-01
6.019900545069933884e-01 -3.841650347840979141e-01 7.000180000000000291e-01
-5.538221142522026241e-01 4.107410847349218797e-01 7.242739999999999734e-01
-1.535670286978351173e-01 7.162891338565163801e-01 6.806959999999999678e-01
-1.164899370114018742e-02 -7.987765680844367555e-01 6.015150000000000219e-01
6.639201336059426251e-02 8.097261629476515399e-01 5.830400000000000027e-01
7.918462806719942515e-01 -2.871821017924503505e-01 5.389859999999999651e-01
-2.655971202811783782e-01 -7.076083204551407713e-01 6.547889999999999544e-01
-4.427679499852711364e-01 -8.652259022647440512e-01 2.352459999999999829e-01
