-5.258203513020418551e-01 -4.498753005629419488e-01 7.218900000000000317e-01
-3.789667392069060586e-02 2.106161877675808702e-01 9.768339999999999801e-01
4.309940987895742315e-01 -6.135941406439300305e-01 6.616239999999999899e-01
8.383789146971498685e-01 4.004089592594413105e-01 3.698560000000000181e-01
7.651197163870118167e-01 5.841757834589332843e-01 2.707960000000000367e-01
7.928301488062029778e-02 9.819331842989315051e-01 1.718179999999999430e-01
2.643230165985799851e-01 9.642230605499055862e-01 2.017999999999996880e-02
3.099830626106476750e-01 -9.294981877408493576e-01 1.998589999999999256e-01
-4.193978887502506359e-01 7.475858016949173956e-01 5.149960000000001203e-01
-3.772918657365733064e-01 6.795279571154883014e-02 9.235980000000000301e-01
3.221081135938793638e-01 7.251962557459824543e-01 6.085530000000000106e-01
-5.516051046558199111e-01 6.000161138408217631e-01 5.794070000000000054e-01
-9.418470837730695822e-01 -1.774760157856949683e-01 2.853530000000000788e-01
8.213829532389008703e-01 -2.258439871427657120e-01 5.237600000000001144e-01
8.094762813200931939e-01 5.383251870860151778e-01 -2.344229999999998815e-01
4.825170789260727622e-01 -8.683911420440963980e-01 -1.143420000000000686e-01
-2.250972107241820397e-01 -6.699806272006625374e-01 7.074300000000000033e-01
-8.733861082532063946e-01 -3.703800459073336993e-01 3.162519999999999776e-01
3.158848769470854467e-01 2.944658852908509372e-01 9.019460000000000255e-01
-8.795731140902849354e-01 4.503920584207925515e-01 1.532909999999999828e-01
-1.869700982518832447e-02 7.256053813021212662e-01 6.878570000000000517e-01
-9.437404075515142265e-01 2.430598474152031452e-01 2.242230000000000889e-01
-8.621172319859066180e-01 -5.054401360081712813e-01 3.583499999999994329e-02
3.362319112897168005e-01 -7.583067999309144325e-01 5.584970000000000212e-01
5.024896594949667117e-01 1.794838783752803202e-01 8.457480000000000553e-01
4.237646759215067949e-01 -8.382673589262200631e-01 3.431199999999999806e-01
-8.928656364036208215e-01 -6.270597446461763369e-02 4.459359999999999435e-01
-8.693631226066255158e-01 4.914480693091156094e-01 -5.183199999999994062e-02
-8.537078181545845190e-01 3.861489177477247514e-01 3.493879999999998653e-01
-2.282263150746537128e-01 -3.547374897278899875e-01 9.066830000000000167e-01
-3.335789021018222278e-01 -5.040068520849124711e-01 7.966820000000000013e-01
7.405080738933255136e-01 -1.028420102623298915e-01 6.641319999999999446e-01
-4.054637743380547499e-01 2.836008421611948549e-01 8.690050000000000274e-01
1.958710503968961736e-01 -2.854900734555390618e-02 9.802140000000000297e-01
-9.942470691574087915e-01 8.757400609143477233e-02 6.167299999999999172e-02
7.600838305946600038e-01 3.291859266319693278e-01 5.602759999999999962e-01
-9.328859989017588283e-01 -3.367059996036122493e-01 1.278780000000000194e-01
9.251898690437122819e-02 9.228558693740799290e-01 3.738680000000000336e-01
-4.639719646386777363e-01 8.250989371156198793e-01 3.224000000000000754e-01
-6.702709714245100869e-01 -2.570899890395498058e-02 7.416709999999999692e-01
4.476459033324353132e-01 8.900388077992374969e-01 8.627899999999995295e-02
-8.966260667350589575e-01 1.612640120027329926e-01 4.123780000000000223e-01
-1.165540062298182772e-01 -1.852810099032805025e-01 9.757489999999999775e-01
8.067000680839936030e-03 -8.942880754762502216e-01 4.474190000000000111e-01
4.293484121541902288e-01 -3.131743006325320433e-01 8.471020000000000216e-01
8.695093256146563254e-01 -3.378711265262918650e-01 3.602730000000000654e-01
-7.719139586340207915e-01 6.319239661359230542e-01 6.943299999999999472e-02
6.858611349265301138e-01 -6.282111235852897435e-01 3.673489999999999256e-01
4.010580172387368525e-01 5.666030243543825895e-01 7.198010000000000241e-01
-9.909019495351190088e-01 -8.034399590822249859e-02 -1.079730000000000412e-01
-9.561070064189677309e-01 -2.868140019255686068e-01 -5.997600000000005011e-02
8.771238900916318304e-01 4.522589433295079453e-01 1.616029999999999966e-01
-9.881873128411232665e-01 -1.224320387596319337e-01 9.217499999999992366e-02
-6.024030154162719475e-01 -5.680800145379018007e-01 5.607100000000000417e-01
6.229288452619144989e-01 6.875758292033380403e-01 3.730939999999999812e-01
-5.054551008889528463e-01 -7.292471455578956041e-01 4.612089999999999801e-01
1.205229448652248153e-01 -9.858545490081253027e-01 -1.164690000000001002e-01
3.267935383687864959e-01 -4.991428223018021804e-01 8.025349999999999984e-01
3.143493787076752088e-01 -1.790502157080481882e-01 9.322690000000000143e-01
-3.025180233824519282e-01 9.259350715680739752e-01 2.261130000000000639e-01
-6.690103198582514343e-02 -9.677664626955366778e-01 2.428009999999998780e-01
2.102649945624872896e-01 -3.663189905268864344e-01 9.064210000000000322e-01
-2.149109216945484790e-01 7.615297225272298354e-01 6.114619999999999500e-01
5.991582721481737428e-01 -2.111850959239667536e-01 7.722759999999999625e-01
5.319986992472922616e-01 -4.349777540957571742e-01 7.264789999999999859e-01
9.324489899948591454e-01 2.535339972795901953e-01 2.574089999999999434e-01
-6.093005451156853214e-01 -2.439462182484670172e-01 7.544819999999999860e-01
-0.000000000000000000e+00 -0.000000000000000000e+00 1.000000000000000000e+00
-5.679067204743469821e-01 -7.851686135372911712e-01 2.469660000000001021e-01
4.599019286230391912e-01 8.427518692045772308e-01 2.797490000000001364e-01
4.658032482901000582e-01 3.853492054051643190e-01 7.965759999999999508e-01
2.362570767717446230e-01 -8.708502829828270730e-01 4.310480000000000422e-01
-8.347371685546857156e-01 -2.668570538852331753e-01 4.816650000000000098e-01
-6.348970832601265046e-01 7.461360978479624206e-01 2.004660000000000053e-01
-3.527016410373107758e-01 6.348793538504682310e-01 6.874080000000000190e-01
-1.636829918543779572e-01 6.067429698056663323e-01 7.778629999999999711e-01
-5.496629239931244415e-01 1.111659846280714514e-01 8.279570000000000540e-01
6.059583288287234693e-01 4.457262418773440538e-01 6.588950000000000085e-01
-6.067730735410779008e-01 6.876840833475162951e-01 3.986440000000000539e-01
-3.162857062003499031e-01 -7.812602742827425839e-01 5.381409999999998695e-01
-8.121400805008471835e-01 5.695500564548706957e-02 5.806759999999999700e-01
7.601673767343023469e-01 6.457473200284220560e-01 7.180500000000002159e-02
-6.715862971815069749e-01 -6.482382868498531847e-01 3.588299999999999823e-01
-4.716986331818711076e-01 4.823056474201339872e-01 7.381609999999999561e-01
7.069841559363302386e-01 5.215261150306805815e-01 4.776859999999998885e-01
9.012255929660746567e-02 -2.092422985484281850e-01 9.737019999999999564e-01
-4.369707731525160899e-01 -8.910735374111905527e-01 1.226559999999999040e-01
-6.947425233580067916e-01 -3.701222788176218859e-01 6.167190000000000172e-01
5.389700349818679070e-01 6.161840399934455093e-01 5.743070000000000119e-01
-6.377501266335383612e-02 8.583081704281911861e-01 5.091560000000000530e-01
4.548861973981646600e-01 7.612663303520247338e-01 4.621169999999999445e-01
-1.964880628150717512e-01 -8.940632858221951862e-01 4.025460000000001259e-01
1.623331104060920793e-01 1.755191193741683919e-01 9.709999999999999742e-01
-1.102219440717234628e-01 -8.002225939549881817e-01 5.894869999999999832e-01
8.662681206294783332e-01 -1.857300258632582635e-02 4.992340000000000111e-01
-2.295870306801400529e-01 2.431910324980679772e-01 9.424160000000000315e-01
8.708311301048731190e-01 1.922010287154301278e-01 4.524510000000001031e-01
-1.651795039287719605e-02 -3.807778564383944020e-01 9.245189999999999797e-01
-1.051409521105282213e-01 9.428925705324501250e-01 3.160680000000000711e-01
-7.206097821915961876e-02 -9.967776987182738191e-01 3.523399999999989735e-02
6.328457945527916628e-01 -7.741907486665323690e-01 1.161400000000005657e-02
-9.652587219692809750e-01 3.180599083868155402e-02 2.593529999999999447e-01
6.448464130173789943e-01 2.507107717861758456e-01 7.220229999999999704e-01
-7.636898689652251715e-01 5.860908994378578596e-01 2.706940000000000457e-01
7.540250299920487898e-01 -4.546720180850036264e-01 4.740460000000000229e-01
6.917571983240169420e-01 -3.382380969715070851e-01 6.380179999999999740e-01
-7.648826779696316081e-01 -1.539699351756858570e-01 6.254979999999999984e-01
-2.560720534677127791e-01 -9.476601978709610075e-01 1.907019999999999271e-01
-6.610473992627499129e-01 4.217722547441385417e-01 6.205840000000000245e-01
7.405323459586281576e-01 -6.565383067186640886e-01 1.434199999999999642e-01
1.158509604202063448e-01 -7.942117286622729644e-01 5.964949999999999974e-01
-7.538912587611908966e-01 -4.790631644308162018e-01 4.496069999999999234e-01
4.794001443730224743e-01 -8.711252623424056152e-01 1.063779999999999171e-01
-1.048419374637755141e-01 4.143887528249792784e-01 9.040409999999999835e-01
6.086308751219450253e-01 -5.523578866679602628e-01 5.696219999999999617e-01
-4.275167146283662123e-01 -3.112637922283413294e-01 8.487310000000000132e-01
2.727920908000730504e-01 9.346823111132064321e-01 2.279329999999999690e-01
7.694445866201192752e-01 1.135949389717425401e-01 6.285309999999999508e-01
-5.011503962840535564e-01 -1.016100803480448483e-01 8.593739999999999712e-01
-1.926278083725110057e-01 2.897542244045951329e-02 9.808440000000000492e-01
-6.253758211446091009e-01 -7.593117828393722846e-01 -1.798629999999999673e-01
1.259029464306614110e-01 -9.883465794770972535e-01 8.555399999999994953e-02
3.132730549006099707e-01 -9.495341664043687180e-01 -1.564800000000001606e-02
9.824186810652530966e-01 -1.243199596404714058e-01 1.392769999999999286e-01
1.265830075500824492e-01 -9.500520566661470045e-01 2.852680000000000771e-01
-4.567994710909310287e-03 -6.816072107954265213e-01 7.317040000000000211e-01
-4.244431417177564891e-01 -6.324922111834740956e-01 6.479209999999999692e-01
-7.076766560261581462e-01 1.869869091130036964e-01 6.813439999999999497e-01
5.927053381166781376e-01 -7.671054376055447266e-01 2.454579999999999262e-01
1.024229510062373560e-01 -5.349147441248689461e-01 8.386749999999999483e-01
1.313680438344420054e-01 8.113712707356059983e-01 5.695780000000000287e-01
-5.710096900576924206e-01 3.081868327171328747e-01 7.609000000000000208e-01
8.211126845388043716e-01 -5.092558043503068177e-01 2.577450000000001129e-01
3.151896859931311301e-01 1.499218506407633544e-01 -9.371120000000000561e-01
-2.929416160948036807e-01 4.576554002344610517e-01 8.394859999999999545e-01
4.841087138055438777e-01 -7.506595562265304389e-02 8.717819999999999458e-01
3.328695624974812445e-02 5.554042700120582765e-01 8.309140000000000414e-01
-3.902671917082534137e-01 -8.562334206016215532e-01 3.384609999999999563e-01
-6.026418267856582522e-01 -7.977107707179618146e-01 2.191699999999991572e-02
3.591282979491391969e-01 7.633727589555627802e-02 9.301610000000000156e-01
5.222218328802871179e-01 -7.127727719008025709e-01 4.682300000000000351e-01
2.531811074962276864e-01 4.863642065016540728e-01 8.362709999999999866e-01
-2.694088409081355495e-01 8.629784903921620121e-01 4.274190000000001044e-01
9.501736383445321676e-01 5.175298030176007230e-02 3.073950000000000848e-01
1.021571809258229602e-01 3.730476606873292522e-01 9.221709999999999630e-01
6.312292262855462299e-01 2.994601073516420936e-02 7.750179999999999847e-01
-7.965752375140149333e-01 2.966500884518502579e-01 5.267510000000000803e-01
9.297567857999518015e-01 -1.466479662148188756e-01 3.377079999999998972e-01
7.203359269758812244e-01 6.807159309923618284e-01 -1.331990000000000951e-01
1.799538747438122199e-01 6.567905428435220072e-01 7.322859999999999925e-01
-7.252178241449286356e-01 5.157898749282459061e-01 4.560919999999999974e-01
2.198019271157700683e-01 -6.612007807521053104e-01 7.172870000000000079e-01
-1.229030489672515020e-01 -5.360932135912124252e-01 8.351640000000000175e-01
-9.305308192086029218e-01 3.247409369065844542e-01 -1.692800000000000415e-01
-9.554770480703494995e-01 2.938060147814728351e-01 2.723300000000006618e-02
2.789870516872108297e-01 8.609461595052722016e-01 4.253680000000000239e-01
