-5.539597961762270373e-01 -4.379248388700884287e-01 7.080610000000000515e-01
9.122459911362899021e-01 3.347229967477109436e-01 2.361520000000000841e-01
5.882569047800958462e-01 -3.029979509543608285e-01 7.497639999999999860e-01
-5.169620090051630923e-01 6.759970117754557917e-01 5.251460000000000017e-01
7.793569588171856966e-01 -6.118409676690729215e-01 1.351049999999999751e-01
-2.484879735775070431e-01 7.375229215769122382e-01 6.279439999999999467e-01
7.605957113854561191e-01 -3.426888699637791746e-01 5.514149999999999885e-01
-7.313033596623592647e-01 7.352293562247122494e-02 6.780779999999999585e-01
9.949235226799272303e-01 9.407204942045375995e-02 3.574400000000002575e-02
-8.417309983895481240e-01 -5.336839989789226024e-01 -8.167200000000009175e-02
-8.845770109221309241e-01 3.857730047632520476e-01 2.621120000000001227e-01
3.475999354311201661e-01 -2.569459522706691867e-01 9.017500000000000515e-01
1.425689478808850330e-01 5.237358085372219030e-01 8.398660000000000014e-01
-3.377995127068436632e-01 3.381005122726362111e-01 8.783959999999999546e-01
-5.949626312446019138e-01 7.559135314878943079e-01 2.731560000000000099e-01
-2.007890362306147258e-01 9.792831767030315548e-01 -2.623400000000006282e-02
4.037690782344727225e-01 8.340591616076669101e-01 3.759199999999999764e-01
-7.501569902827087688e-01 -2.908109962329282761e-01 5.938799999999999635e-01
-2.304796679301012174e-01 1.194643462076875606e-01 9.657160000000000188e-01
7.861759438646080955e-01 4.038539711635784624e-01 4.677919999999999856e-01
-2.319680639175096537e-01 -7.577852088034987554e-01 6.098789999999999489e-01
-7.797308565990542784e-01 6.100428878065090599e-01 1.409519999999999107e-01
-3.926727578824989462e-01 -2.927688194821169154e-01 8.718339999999999979e-01
-6.213690789881078924e-01 -7.214080917050145203e-01 3.057299999999999462e-01
3.480109562854182825e-01 6.602229170676435777e-01 6.655780000000000030e-01
9.143059311847638870e-01 -4.048519695288164688e-01 1.181299999999994160e-02
-2.411700766712921440e-01 -9.578143045023723712e-01 1.562969999999999915e-01
1.369351323099564921e-01 -4.665454507872247580e-01 8.738329999999999709e-01
-1.327380861470824347e-01 -9.038355865897346186e-01 4.067699999999999094e-01
1.444069347962923799e-01 -9.608955661291914696e-01 -2.362760000000000971e-01
-4.049500742864173830e-01 5.444130998703329283e-01 7.345949999999999980e-01
3.050599153484644804e-02 7.154828014595990826e-01 6.979640000000000288e-01
5.672940611286341195e-01 -5.579720601241442424e-01 6.056770000000000209e-01
-9.526444975411044735e-01 -8.476204426898083233e-02 -2.920340000000000158e-01
-6.208941277656112590e-01 4.265730877788480035e-01 6.576670000000000016e-01
-4.261499537797053261e-02 9.721948945555800581e-01 -2.302629999999999122e-01
-3.423901861458041873e-01 -9.321895067994713235e-01 -1.174380000000000840e-01
-8.151015237112271272e-01 -5.407336840327553462e-01 2.078859999999999320e-01
-5.551303227241491944e-01 2.126077406121002211e-01 8.041319999999999579e-01
-7.280279365651480816e-01 5.436309526321074781e-01 4.176610000000000045e-01
-4.882901060903026558e-01 -8.670091883742183647e-01 9.933699999999993924e-02
-3.923281849475120930e-01 -8.411033965047286509e-01 3.723219999999999863e-01
-6.138636735670991440e-01 7.893055802727521053e-01 -1.296500000000000430e-02
-4.871309245872016414e-01 -6.656828969455487188e-01 5.653049999999999464e-01
-7.069960238404997543e-01 -5.268060177643412167e-01 4.718390000000000639e-01
5.807792308206186638e-01 7.917173146542966222e-01 1.894180000000000585e-01
1.360449995462460482e-01 9.451969968474623895e-01 2.968069999999999320e-01
7.342948893978958891e-01 6.056139087802820953e-01 3.066640000000000477e-01
3.960723016085990755e-01 4.435353377516462192e-01 8.039920000000000400e-01
5.765201318773457428e-01 -7.614401741772809373e-01 2.963670000000000471e-01
9.411352520126810006e-01 3.318270888550652886e-01 -6.446099999999997665e-02
-3.493699411538090382e-01 8.508568566857671600e-01 3.924070000000000058e-01
5.623607212807207878e-01 6.607866724984905460e-01 4.971030000000001281e-01
6.756199598875459733e-01 2.001839881148108624e-01 7.095519999999999605e-01
-8.789459400899759522e-01 -3.235929779435093301e-01 3.503450000000000730e-01
-7.955310475918273561e-01 2.887010172712417555e-01 5.327119999999999633e-01
9.671107932195265322e-01 9.973597867519105875e-02 -2.339859999999999718e-01
2.342378106817874783e-01 -6.842434469733729152e-01 6.906109999999999749e-01
-6.199478842277693635e-01 -1.508539718287598141e-01 7.700050000000000505e-01
9.727083390048728573e-01 -1.637460570681971428e-01 1.643949999999999856e-01
3.873431520340760992e-01 -4.932421935999663498e-01 7.788950000000000040e-01
2.406938939289093027e-01 -8.916636070538815906e-01 3.834089999999999443e-01
-1.443170259972211544e-01 5.498430990485534409e-01 8.227060000000000484e-01
-9.205513747556711701e-01 1.373570559179390638e-01 3.656749999999999168e-01
2.892111560315855923e-01 -2.524001361717645529e-03 9.572619999999999463e-01
-5.117802401782467481e-02 3.299131548281016846e-01 9.426229999999999887e-01
-4.009579417437874049e-01 9.000428692304525136e-01 -1.707500000000000406e-01
2.855828720558060627e-02 5.389765475309320902e-02 9.981379999999999697e-01
-3.137555579831598496e-01 -5.525872215186268255e-01 7.721430000000000238e-01
4.176500438391845260e-01 -7.519600789304756727e-01 5.100240000000001439e-01
-6.797301947460829274e-02 -9.968262855956921964e-01 -4.143700000000000855e-02
4.648210062996693259e-01 1.993840027022300565e-01 8.626629999999999576e-01
-7.251696614050585910e-02 8.744285917133407526e-01 4.797040000000000748e-01
-4.437650314375817251e-01 -1.176097433047466542e-02 8.960660000000000291e-01
2.089115086221344508e-01 2.677036517592240594e-01 9.405799999999999716e-01
6.068556805451575942e-01 4.531957614332614015e-01 6.529470000000000551e-01
8.431346790573981398e-01 1.503451210873770205e-01 5.162560000000000482e-01
7.192926156081324018e-01 -5.699354877805131725e-01 3.972299999999999720e-01
5.436318336984035104e-01 -5.232798399242512277e-02 8.376909999999999634e-01
-3.944904126097478758e-02 -6.431266726661163391e-01 7.647429999999999506e-01
-6.961530937245687944e-01 -7.171810965556132400e-01 3.197100000000006881e-02
-9.819648996809086094e-01 1.584579838116810524e-01 1.031310000000000976e-01
8.780574787037243034e-01 -3.816942080939385029e-01 2.886599999999999722e-01
5.797401009388679360e-02 -8.234001433626508826e-01 5.644919999999999938e-01
8.253946334474315805e-02 -2.159385960099810542e-01 9.729119999999999990e-01
-1.287329449936989167e-01 -4.065158262998492811e-01 9.045290000000000274e-01
1.980630291810822063e-01 8.236981213573416616e-01 5.313120000000000065e-01
8.892538137773284834e-01 -1.357439715732396968e-01 4.368080000000000296e-01
-4.112559106624862904e-01 9.024488039601853417e-01 1.282759999999999179e-01
-8.601097480842726517e-01 -7.425197825249502115e-02 5.046760000000000135e-01
7.463534295723350809e-01 -7.264794447617486939e-02 6.615729999999999666e-01
-1.857884128695738435e-01 -1.472615346226051336e-01 9.714920000000000222e-01
