-2.909278517755970461e-01 -7.738446057350507612e-01 5.626060000000000505e-01
1.525802877936045104e-02 2.191494133548347323e-01 9.755719999999999947e-01
2.009942778875572489e-01 3.236244474316786190e-01 9.245910000000000517e-01
-8.182500727536737850e-01 -2.396570213088018986e-01 5.225240000000000995e-01
7.355907686100722209e-01 4.227468670193112454e-01 5.293310000000001070e-01
8.447409141701899271e-01 -5.256809465882438248e-01 1.003609999999998947e-01
7.872005842516500637e-03 -4.107323048410184696e-01 9.117220000000000324e-01
-1.167290596286996301e-01 9.831965022462190174e-01 1.403529999999999500e-01
1.037700496816582399e-02 -9.991314783510180098e-01 4.035600000000006543e-02
3.618895453613741875e-01 2.043843080036671367e-01 9.095400000000000151e-01
-8.056533921942101717e-01 1.405100684006743428e-01 5.754820000000000491e-01
-9.501567818296378087e-01 -2.985999314369412461e-01 8.966699999999998283e-02
8.338359459152230313e-01 -1.643109893423601586e-01 5.269909999999999872e-01
2.096189735243180752e-01 9.773848765525335880e-01 -2.790500000000004782e-02
9.332374161601997287e-01 2.010398742280602724e-01 2.977429999999999799e-01
-3.696000472739475323e-02 9.466111210769452278e-01 3.202519999999998701e-01
-6.814031209145658165e-03 -2.153869865003010808e-01 9.765049999999999564e-01
9.328722616114077937e-01 -3.599081009313588320e-01 1.467999999999995177e-02
2.488989544100890516e-01 8.152228506786129980e-01 5.229350000000001497e-01
-5.337159162945426250e-01 -9.464416248705896650e-02 8.403509999999999591e-01
9.280772830822259234e-01 -3.009440917939970594e-01 -2.193289999999999129e-01
-5.344643730619200728e-01 -3.050396421820101844e-01 7.882249999999999535e-01
-4.737749953185905194e-01 -6.805989932749456628e-01 5.588579999999999659e-01
3.303462110222736281e-01 -7.587624846908467280e-01 -5.613830000000000764e-01
-4.886261195035919713e-01 8.496492077992313652e-01 1.983450000000000490e-01
-2.344050644768209402e-01 9.031342484213614741e-01 3.597259999999999347e-01
6.336345448368422284e-01 -6.872055063548367926e-01 3.553250000000000020e-01
9.983895912118206928e-02 9.835705972794219765e-01 1.504029999999999256e-01
-3.626048855354223610e-01 6.542979890179028563e-03 9.319199999999999706e-01
5.965072864979249490e-01 8.025793854727908405e-01 6.737000000000064985e-03
5.618834283796274587e-01 7.334315591678313151e-01 3.825769999999999449e-01
-3.698335035359227030e-01 -2.111912875412823298e-01 9.047770000000000534e-01
-7.941774443378586401e-01 -4.199472349581401254e-01 4.392340000000000688e-01
-3.441076246067751310e-01 2.237027559586216852e-01 9.118920000000000359e-01
-6.096612677748676212e-01 7.926613481519968474e-01 -1.061000000000028500e-03
9.735796860948789933e-01 -1.816489414320843487e-01 1.383700000000000485e-01
-5.077949670296793006e-01 6.490109578607491381e-01 5.665059999999999540e-01
1.985060348088068249e-01 -3.259460571559114062e-01 9.243130000000000512e-01
-5.217565360252979234e-01 1.209841242927435084e-01 8.444720000000000004e-01
-2.349290908209940021e-01 9.714083755357584282e-01 -3.426500000000007318e-02
-8.810096006364497301e-01 -4.003168185355237552e-01 2.521279999999999077e-01
-7.563961977620790034e-01 5.891931540463364314e-01 2.841060000000000252e-01
2.151399531284297062e-01 -6.761688526861445725e-01 7.046350000000000113e-01
-5.762857405632132446e-01 -7.248946736612904562e-01 3.773889999999999745e-01
-8.348754606070284412e-01 4.163357310154894853e-01 3.600660000000000527e-01
-1.448929727585530070e-01 8.356098428963061320e-01 5.298699999999998411e-01
-1.561997888977432747e-01 3.300595539282274449e-01 9.309469999999999690e-01
-2.031091231428870658e-01 -9.004295459207941610e-01 3.846730000000000427e-01
1.783891821026651892e-01 -1.244354294754596441e-01 9.760600000000000387e-01
-6.394800685634062232e-01 -5.592140599574916271e-01 5.275840000000001639e-01
1.425089620617818187e-01 -8.305247789007103032e-01 5.384419999999999762e-01
-1.673370609208296167e-01 -6.841772490819747476e-01 7.098590000000000177e-01
-7.641760401647469392e-01 6.431460338034644675e-01 4.897099999999995901e-02
4.047577918993198187e-01 3.941987712408384636e-01 8.250929999999999653e-01
2.508598444248533524e-02 -7.368515430285474954e-01 6.755889999999999951e-01
3.519170509195618246e-01 -2.922000422789918644e-02 9.355750000000000455e-01
5.931404857947648601e-01 5.905134880721610857e-01 5.472460000000000102e-01
-7.733551810036838337e-01 3.404220796757452261e-01 5.348219999999999086e-01
-8.087730539624751191e-01 -5.658080377515074533e-01 1.604600000000000748e-01
-4.344361382931094528e-01 9.006672867074556610e-01 -7.980000000000037411e-03
-1.334050220665187747e-01 9.672131599866865548e-01 -2.161059999999999925e-01
2.531169317336183777e-01 -8.896747600520983346e-01 3.800140000000001295e-01
4.861899525969389652e-02 8.737379148113797456e-01 4.839609999999999190e-01
-5.017216383224073484e-01 3.257827651519941692e-01 8.013369999999999660e-01
-3.509449929120007083e-01 -6.030709878198384777e-01 7.163399999999999768e-01
8.817327335102601582e-01 4.717468574219914057e-01 -1.513000000000015634e-03
-1.398412175597499307e-01 5.374578361568530527e-01 8.316149999999999931e-01
8.447754456303198101e-01 2.271641198321042998e-01 4.845110000000000250e-01
3.862739620125046902e-01 8.474919166547619787e-01 3.640739999999998977e-01
8.443977381032975460e-01 4.011738755727183858e-01 3.550380000000000758e-01
-5.864616077012259066e-01 7.103795248094453285e-01 3.891320000000000334e-01
7.075766591018569640e-01 -1.442529305014438878e-01 6.917560000000000375e-01
-3.542931585802894801e-01 9.125794084671217110e-01 -2.041449999999999931e-01
3.996326934476548409e-01 -4.210086770504530840e-01 8.142759999999999998e-01
3.798634233778994118e-01 -2.330642597624584256e-01 8.952010000000000245e-01
-8.942122046418238268e-01 1.980100453149003514e-01 4.014679999999999360e-01
0.000000000000000000e+00 0.000000000000000000e+00 1.000000000000000000e+00
8.064207926134053794e-01 5.549898572736992886e-02 -5.887320000000001441e-01
-9.149698391142319087e-02 -8.355338530820355381e-01 5.417669999999999986e-01
-9.498396822133582662e-02 -9.717736748749310483e-01 2.159489999999999743e-01
6.720109847504819323e-01 5.849899867251942553e-02 7.382269999999999666e-01
5.687093071643853914e-01 -3.094406230209677533e-01 7.621130000000000404e-01
-4.517439663668892935e-01 8.058369400040623631e-01 -3.828240000000001086e-01
7.193222556806414536e-01 -3.387301204004655175e-01 6.064960000000000351e-01
5.597613131066956349e-01 2.579186835032850622e-01 7.874929999999999986e-01
5.277529728160242906e-01 -6.603719659849656143e-01 5.342149999999999954e-01
-9.791545351021044841e-01 -1.871181022589249732e-01 -7.901400000000002866e-02
-6.870701379860598701e-01 5.457971096138349854e-01 4.796250000000000235e-01
-4.643803581845372674e-01 5.187814001449944090e-01 7.177860000000000351e-01
6.947427194081443602e-01 -5.244117882011963827e-01 4.922650000000000636e-01
-3.640556539798873170e-01 -4.177126029811364938e-01 8.324540000000000273e-01
-4.163970689838990547e-01 -9.090831506064876999e-01 1.346500000000006893e-02
-1.904945141601030734e-01 -3.198371842827320566e-01 9.281249999999999778e-01
-6.832502388824888140e-01 -3.749171310810187618e-01 6.265830000000000011e-01
-6.663585535917332381e-01 2.380931978010568384e-01 7.065960000000000019e-01
-7.201404194782168311e-01 -2.462741434534652663e-01 -6.486499999999999488e-01
-5.223496813270280814e-01 -4.960416973768960736e-01 6.936090000000000311e-01
-1.209029928781422542e-01 7.104679581494917073e-01 6.932660000000000489e-01
2.151112105514136619e-01 -5.096794988756222500e-01 8.330389999999999739e-01
2.572591400298024356e-01 6.746133672016340066e-01 6.918919999999999515e-01
-3.126939819769062323e-01 -9.353209460898576078e-01 -1.655209999999998904e-01
9.817220512461467541e-01 -1.770350092412736331e-01 -6.986000000000001930e-02
9.101078221140932456e-01 2.062299596911458879e-02 4.138579999999999481e-01
5.083411410344460535e-01 7.452502067626275151e-02 8.579250000000000487e-01
-6.674327805779048939e-01 -7.232807622175819739e-01 1.771959999999999369e-01
2.422900813939995318e-02 -9.221483097829659137e-01 3.860770000000000035e-01
9.017952501268036158e-01 -3.646411011388261958e-01 2.319529999999999093e-01
5.691504150418862790e-02 6.100204448455612827e-01 7.903390000000000137e-01
5.454684830621107094e-01 -1.215541076472530096e-01 8.292699999999999516e-01
9.770588588238572347e-01 1.038699849917293187e-02 2.127160000000000439e-01
9.999461722053020196e-01 8.848001523754794179e-03 -5.418999999999996736e-03
-1.786557135213074909e-01 -5.140721756730202152e-01 8.389349999999999863e-01
-7.311850236800182534e-01 -5.892020190817841563e-01 3.438159999999998995e-01
6.695656083802979941e-01 7.138755824640045100e-01 2.050939999999999430e-01
-3.015171834575675058e-01 6.279283820618524192e-01 7.174909999999999899e-01
9.233249165752662746e-01 -1.775059839618869095e-01 3.405329999999999746e-01
2.358968510546665953e-01 5.109276774001311194e-01 8.266229999999999967e-01
3.987089553965665889e-01 -5.948689334522174743e-01 6.979699999999999793e-01
3.408411837460934568e-01 -7.599964097109681571e-01 5.533829999999999583e-01
-9.094919301946974288e-01 -2.543099804812077799e-02 4.149430000000000063e-01
-9.136920217459396643e-01 -2.206660052518679416e-01 3.412820000000000298e-01
-8.642924517917067728e-01 4.840292530166748763e-01 1.368000000000000049e-01
4.304741111198168158e-01 5.649541458336274635e-01 7.039309999999999734e-01
2.973101837708723785e-02 4.308932663401243701e-01 9.019129999999999647e-01
4.165130507206505350e-01 -8.210910999879227345e-01 -3.902900000000000258e-01
-5.015366916632647554e-01 -8.418984824142798917e-01 1.991679999999999284e-01
-8.129751742384596636e-01 -5.490281176688004416e-01 -1.940089999999999038e-01
-1.764456040580383023e-01 1.135060318775794747e-01 9.777439999999999465e-01
-3.998600502969391624e-01 -8.291641042975325115e-01 3.906389999999999585e-01
-6.276297859060609996e-01 4.394078501113879431e-01 6.426520000000000010e-01
7.863964061970322161e-01 -5.369902773713807198e-01 3.053230000000000666e-01
5.704876385335532207e-01 -4.882025464337623744e-01 6.604560000000000430e-01
-9.179709869148584556e-01 -3.620739948388462803e-01 -1.619619999999999393e-01
5.894373224300826219e-01 4.302422353482452944e-01 6.837069999999999537e-01
-6.837026078353477532e-01 -1.829498950618571040e-01 7.064559999999999729e-01
7.114116388013451697e-01 -6.842916525707326558e-01 1.601199999999999846e-01
-5.024340983776854896e-01 -8.435771651742371979e-01 -1.895720000000000460e-01
5.427567992061479440e-01 -8.164736979440899711e-01 1.969410000000000882e-01
2.078798271956551827e-02 -5.851785135584277597e-01 8.106379999999999697e-01
1.893850427242175505e-01 9.231422082557736442e-01 3.345769999999999023e-01
1.875015808350382340e-01 1.006987748851079639e-01 9.770889999999999853e-01
-6.494479783826946351e-01 7.349169755378026636e-01 1.952289999999999026e-01
-3.111401641809099505e-01 -9.277574895545044331e-01 2.060529999999999584e-01
-3.111300092178732601e-01 9.344820276859723274e-01 1.730359999999999676e-01
-3.180083605827968563e-01 4.310454887531497414e-01 8.444350000000000467e-01
-9.666738621448124347e-01 7.200998973081708388e-02 2.456749999999999767e-01
4.274016747867552257e-01 7.177724538413803312e-01 5.496640000000000414e-01
8.285707698575540681e-01 -3.599109000317440299e-01 4.288759999999999795e-01
-1.903109973630257024e-01 -1.059768848083879333e-01 9.759870000000000489e-01
8.070947724229750042e-01 4.044498859570090643e-02 5.890349999999999753e-01
-7.524993750929765968e-01 -6.582643281203074404e-01 -2.080300000000010613e-02
-9.765976578356516669e-01 -1.192819582079344409e-01 1.789659999999999307e-01
7.193603869414925966e-02 7.592254083847523871e-01 6.468399999999999705e-01
-6.772246283286424973e-01 3.111798292196946147e-02 7.351180000000000492e-01
7.194108216278390922e-01 5.824388555889429275e-01 3.784350000000000214e-01
