7.588270018348786117e-01 2.978100007201182550e-02 6.506110000000000504e-01
-6.606099488112814055e-02 9.371109273860356303e-01 3.427229999999999444e-01
6.232804340996891956e-02 -1.584077348758776774e-02 9.979299999999999837e-01
-7.211700035109726292e-02 8.199550039919017985e-01 5.678670000000000107e-01
1.149639481482452458e-01 -9.686095631316922194e-01 2.204059999999999631e-01
3.141548600700166394e-01 -5.266377654264724484e-01 7.899110000000000298e-01
3.408501086623894755e-02 6.605942105962239186e-01 7.499689999999999968e-01
1.777099133418416355e-01 8.257845973158104425e-01 5.352559999999999540e-01
-8.471192845215759215e-01 -2.337100784960998989e-01 4.772510000000000918e-01
-1.043340232966041559e-01 9.930402217346201432e-01 5.463999999999991086e-02
4.639338346163064397e-01 7.216267427536272594e-01 5.138289999999998692e-01
-8.779925475657627265e-01 4.923003070262876174e-02 4.761360000000000592e-01
1.403019658316466411e-01 9.877837594406861932e-01 -6.781299999999991501e-02
4.592889755367034477e-01 -3.032389838484579325e-01 8.349250000000000282e-01
-9.523496915987412770e-01 1.889469388129441652e-01 2.394350000000000089e-01
2.138658226936780149e-01 2.107518107147748898e-01 9.538579999999999837e-01
5.611489491696088905e-01 7.874449286711062701e-01 2.550339999999999829e-01
7.523672083568950786e-01 6.422121778510996304e-01 1.466530000000000333e-01
-3.167971258789141764e-01 8.294593295845550385e-01 4.600399999999999490e-01
7.598707885680685559e-01 -5.890418361007490056e-01 2.750020000000001352e-01
-7.281058692291404455e-01 -8.494498474352552009e-02 6.801810000000000356e-01
-7.322989392603076464e-01 1.705949858501952243e-01 6.592689999999999939e-01
-3.334337776111696017e-01 -2.104832283554798067e-01 9.189770000000000438e-01
-9.991378420609112743e-01 4.067799356981073589e-02 8.299000000000047658e-03
4.587454372994048124e-01 1.741141659744488979e-01 8.713419999999999499e-01
-5.877170951445356284e-01 -7.523611217984810251e-01 2.975590000000000734e-01
8.567005342739079099e-01 -1.689221053468157874e-01 4.873699999999999699e-01
1.638489966599319947e-01 -8.741849821797064157e-01 4.571150000000000491e-01
-5.449616593080851557e-01 2.552313087851459383e-01 7.986699999999999910e-01
-6.492042863446396972e-02 -2.430016044081138027e-01 9.678510000000000169e-01
-7.165692381491015617e-01 5.803291928702332125e-01 3.869710000000000094e-01
-4.857062854961625986e-02 2.429861417309537586e-01 9.688130000000000353e-01
3.395968374088578767e-01 -9.363155517136848571e-01 8.937099999999996436e-02
-7.712262549262256517e-01 -6.208232052110072008e-01 1.406720000000000192e-01
3.798470271055270353e-01 9.217670657764319708e-01 7.785699999999989851e-02
-4.125103819615942302e-01 4.818852780215429621e-01 7.730599999999999694e-01
2.980951482179531875e-01 6.429283196748424301e-01 7.055369999999999697e-01
6.432848608610204355e-01 2.579109442152803799e-01 7.208790000000000475e-01
-2.507800214473790423e-01 6.730410575602739920e-01 6.957910000000000483e-01
9.638464857929205376e-01 -8.873495266036497686e-02 2.512490000000000556e-01
-3.249147746466589104e-01 -6.818335270961020100e-01 6.553879999999999706e-01
-8.955784536417272790e-01 3.484831765188849406e-01 -2.765840000000001075e-01
-3.565498078496806000e-01 -8.252565552562159956e-01 4.379769999999999497e-01
-3.111014636662898236e-01 2.525663764254700294e-01 9.162019999999999609e-01
6.853996695950285156e-01 -2.577788757346612392e-01 6.810119999999999507e-01
9.589669181937253706e-01 8.722199255938224705e-02 -2.697680000000000078e-01
-5.004179821219769675e-01 6.542429766263974100e-01 5.670520000000000005e-01
-5.593771119745990505e-01 -2.325230465458353601e-01 7.956320000000000059e-01
-3.095439793614933044e-01 9.275309381578877854e-01 2.094489999999999130e-01
-9.749651011075330942e-01 -2.180060226080410002e-01 4.377700000000011443e-02
6.309294221617708920e-02 -4.810625594176979325e-01 8.744129999999999958e-01
5.862677917652159287e-01 -6.810137581126665118e-01 4.387599999999999834e-01
3.765378819910701891e-01 -7.227917734733004806e-01 5.794749999999999623e-01
-2.146635371356239441e-01 1.376897031090633557e-02 9.765909999999999869e-01
5.750684210006296038e-01 -5.564094397871565539e-02 8.162110000000000198e-01
-4.962500920792543013e-01 1.627800302038516153e-02 8.680269999999999930e-01
-5.570228477822933844e-01 -6.318178273430593572e-01 5.390099999999999891e-01
-8.326131831138323669e-01 3.262760717568049529e-01 4.475480000000000014e-01
3.906867526085628373e-01 4.222408133934658081e-01 8.179710000000000036e-01
1.304861212488063749e-01 4.550064227958126595e-01 8.808759999999999923e-01
-2.242734799136020807e-01 -4.457429538270268887e-01 8.666110000000000202e-01
-7.190020901020416355e-01 6.844570857730202240e-01 1.206419999999999437e-01
8.882963236570722287e-01 1.148990418642816813e-01 4.446660000000000612e-01
8.920750144086904143e-01 4.510040072845635795e-01 2.824099999999992242e-02
-8.790498610247220179e-02 -8.283988690324993742e-01 5.531979999999999675e-01
5.700482202493966088e-01 5.105971972793187375e-01 6.436889999999999556e-01
-5.983992816359174904e-01 -8.007653768792816207e-01 2.632700000000007604e-02
-4.588733336478906244e-01 -4.717693430246094888e-01 7.529069999999999929e-01
-6.873267868426169436e-01 -3.865228801294999794e-01 6.149649999999999839e-01
-5.228690416906660587e-01 8.497610677552158709e-01 6.718699999999998285e-02
-7.515921204741827788e-01 -5.278890846163819539e-01 3.955279999999999907e-01
-5.421020366766994281e-01 7.756370524768492203e-01 3.232840000000000713e-01
1.340950086330674473e-01 9.701760624601585281e-01 2.019330000000000569e-01
2.084351498874979225e-01 -2.788028628894910765e-01 9.374559999999999560e-01
6.137159004362814363e-01 -7.732688745518496720e-01 1.593990000000000407e-01
9.609286519891437894e-01 1.819629341001266221e-01 2.085799999999999876e-01
3.813580133189523047e-01 9.053750316202793247e-01 -1.867139999999999911e-01
-7.789143731115024671e-01 -3.447561651433011520e-01 -5.238660000000000538e-01
-1.476419977469924372e-01 4.782199927023933483e-01 8.657409999999999828e-01
-6.521506014642101112e-01 4.408037306204077299e-01 6.167589999999999462e-01
-9.546610786383418201e-01 2.969590244614194186e-01 -2.091799999999991583e-02
8.404657973588050002e-01 -5.398118698482166078e-01 4.712100000000008643e-02
-8.691972116134640824e-01 4.495381094438812286e-01 2.059410000000000962e-01
-9.630688975251715245e-02 -6.480372581581991254e-01 7.554950000000000276e-01
3.292795278450542651e-01 -5.417625137583944456e-02 9.426769999999999872e-01
3.261698665341390968e-01 8.804576397244230357e-01 3.441040000000000210e-01
1.435831478292398655e-01 -7.140497351658682268e-01 6.852129999999999610e-01
6.910725453710304667e-01 5.927684677927842483e-01 4.135750000000000814e-01
5.496907985561962917e-01 -5.103128129869475282e-01 6.613780000000000214e-01
8.629568089466894687e-01 4.138729083710928625e-01 2.898529999999999718e-01
-8.938640830430025774e-01 -3.732710346781441535e-01 2.483459999999999279e-01
-1.271320422108776216e-01 -9.370723111304118946e-01 3.251659999999999551e-01
7.504809923082721435e-01 -4.366929955243054606e-01 4.960620000000000029e-01
4.021560709800892641e-01 -8.551701509365592369e-01 3.270389999999999131e-01
