2.989558083701237545e-01 -2.154335825278080596e-01 9.296309999999999851e-01
-2.974421578090957197e-01 -8.737704635823237975e-01 3.847770000000000357e-01
6.320522030659574408e-01 -7.738922486363780662e-01 -4.001000000000006634e-02
9.685543041359617744e-01 1.338690420362489142e-01 -2.097179999999999045e-01
7.219700993280867007e-02 7.877481083777745363e-01 6.117519999999999625e-01
-8.370442803151237898e-01 2.901100971540572226e-01 -4.638889999999999958e-01
1.986508735487714505e-02 7.605133442868167171e-02 9.969059999999999588e-01
-5.877412557705835594e-01 -5.982922603621222413e-01 5.446159999999999890e-01
4.473000127113391233e-02 -8.639750245523792893e-01 5.015440000000001008e-01
-1.115900476508819780e-02 -9.931844241069492929e-01 1.160180000000000239e-01
-3.217581230620655264e-01 -3.797613255159956736e-02 9.460600000000000120e-01
9.846298101903697697e-01 -6.221898800588506612e-02 1.631960000000000632e-01
3.590321091831405464e-01 -9.120252773506365429e-01 1.982569999999998778e-01
-7.733054159701265862e-01 5.468412941523979054e-01 3.208790000000000253e-01
-8.740973646724897739e-02 -3.370619837874423430e-01 9.374160000000000270e-01
7.281355096928373571e-01 5.200336498231168392e-01 4.465239999999999765e-01
-2.552191893027694891e-01 6.761215014970586301e-01 6.911749999999999838e-01
1.623320619663347619e-01 -5.768202201871549528e-01 8.005790000000000406e-01
4.352701885939205262e-01 8.044463485506120337e-01 4.042349999999999555e-01
6.770121004162826805e-01 -6.484090961738069314e-01 3.481670000000000598e-01
-7.930361959836705887e-01 -2.466940609657010952e-01 5.569880000000000386e-01
9.298347691561451578e-01 3.406899154191949108e-01 1.390600000000001002e-01
-8.485635933044675117e-01 1.553919255244954334e-01 5.057599999999999874e-01
3.535140043531618259e-01 1.898024654349692864e-01 9.159709999999999797e-01
3.859739395113014337e-01 -7.453298831940968761e-01 5.436060000000000336e-01
6.385120865464238848e-01 2.894120392280390419e-01 7.131220000000000336e-01
-6.054678669116915213e-01 4.496239011678608288e-01 6.566940000000000000e-01
-5.866498842880426418e-02 -9.528118120655558743e-01 -2.978390000000000759e-01
-4.863010394553837212e-01 -3.484813116777045749e-01 8.012939999999999507e-01
-4.711061580296570517e-01 7.721952590281397910e-01 4.263490000000000335e-01
-5.988243074873176308e-01 -7.735213971916578002e-01 2.075429999999999775e-01
5.512875887292086885e-01 -4.442116686098360190e-01 7.062279999999999669e-01
-6.285668004227878969e-01 5.748898174658483018e-02 7.756279999999999841e-01
6.439802329819167559e-01 -8.770689553596297539e-02 7.599979999999999514e-01
7.143461625989190322e-01 6.882391566564626251e-01 1.266350000000000531e-01
8.746957733799521906e-01 -4.741498771551537206e-01 1.004450000000001036e-01
2.771148578119903005e-01 -9.431995160430481917e-01 -1.832540000000000557e-01
-9.549241806070685179e-01 2.437970461099119579e-01 1.693600000000000383e-01
5.417295017024309489e-02 4.685075690539612370e-01 8.817970000000000530e-01
-2.277491990171570946e-01 -6.531335707365250043e-01 7.221819999999999906e-01
3.869328436695685380e-01 5.800547656435391941e-01 7.168120000000000047e-01
3.580339290970622201e-01 9.325528153227139461e-01 4.644299999999997736e-02
8.442048234467183221e-01 4.841608987447202361e-01 -2.300139999999999962e-01
-3.122731073377241207e-01 3.416720232981363958e-01 8.864229999999999610e-01
8.744331392214421683e-01 1.154380183792753090e-01 4.712120000000001308e-01
