-5.213293919471178040e-01 -4.190363150408905613e-01 7.433870000000000200e-01
-2.692267110293176113e-01 -6.448133078987562383e-01 7.153549999999999631e-01
-9.976589044651854588e-01 2.026799805915683109e-02 6.531400000000008033e-02
1.682695336007731524e-01 -2.415607660151469771e-02 9.854450000000000154e-01
-7.960485431043582416e-01 -5.371476917016665409e-01 2.788890000000000535e-01
8.416617798696257591e-01 4.791518746813933083e-01 2.490359999999999796e-01
9.136456858643009493e-01 -3.094398936063303546e-02 4.053320000000000811e-01
-5.720638398334469965e-01 7.683717848711080212e-01 -2.869630000000000791e-01
7.420603528273126415e-01 -4.070596449912956827e-02 6.690960000000000241e-01
6.005918008273014586e-01 -5.896868044436970324e-01 5.399620000000000530e-01
-8.082812641495806805e-01 5.273451723385317313e-01 -2.618940000000000157e-01
-5.808518342956650038e-01 -7.763367785280826938e-01 2.447700000000000986e-01
-7.905382504363229756e-01 5.233671657986171954e-01 3.180189999999999961e-01
-7.799420208991141301e-01 -3.531540094630187254e-01 5.166939999999999866e-01
9.684965012454588296e-01 1.743760902483625364e-01 1.777849999999999431e-01
3.187391906090032978e-01 -7.790214658620887578e-01 5.399359999999999715e-01
-3.032769039228432328e-01 -8.272527379289683624e-01 4.729440000000000865e-01
3.784303137511520199e-02 -6.343745259508314360e-01 7.720989999999999798e-01
7.426272529871441597e-01 -3.513411196896372157e-01 -5.701440000000000952e-01
-1.777711202890352171e-01 5.288713578614192556e-01 8.298750000000000293e-01
4.275695213696860120e-01 4.963164444129346542e-01 7.555490000000000261e-01
-1.151198328117043236e-02 2.650316150951316785e-01 9.641710000000000003e-01
-5.692511551743051346e-01 -6.325131724191356275e-01 5.252430000000001264e-01
7.470339547910886946e-01 6.645449597831478705e-01 1.789600000000003341e-02
-1.418300369160019059e-01 -9.867892568448470847e-01 -7.830199999999995497e-02
8.222999009425168912e-03 -8.428708984644628366e-01 5.380530000000001145e-01
4.851489959106800032e-01 8.718159926514648106e-01 6.758199999999990604e-02
8.333403446651761470e-01 2.604421077174836618e-01 4.875590000000000757e-01
-6.068348372214588116e-01 1.578749576513184816e-01 7.789909999999999890e-01
-4.682620101968918425e-01 4.496700097920317551e-01 7.606100000000000083e-01
7.322110418352082428e-01 -6.810720389133582131e-01 2.805000000000060483e-03
1.270700484255620107e-02 9.690103692834929339e-01 -2.466929999999999956e-01
2.969849026073344000e-01 8.937857068936111427e-01 3.360759999999999859e-01
-5.891457723891561082e-01 7.636367049762502468e-01 2.641329999999999512e-01
-9.359394656899436837e-01 -1.701649028560904275e-01 3.083199999999999830e-01
-3.155128999595803729e-01 2.121986052689691926e-01 9.248910000000000187e-01
1.288319924952974760e-01 5.416729684465448891e-01 8.306580000000000075e-01
-1.326093001130433380e-01 -6.520916409929458646e-02 9.890210000000000390e-01
9.293837427920431660e-01 -2.139449407905060774e-01 -3.007879999999999998e-01
3.413108202925919654e-01 -5.606987047802035606e-01 7.544030000000000458e-01
6.253225033189965254e-01 2.519527998789923839e-01 7.385739999999999528e-01
-3.184569037660201496e-01 8.870487319441697771e-01 3.342600000000000016e-01
6.611591995323800042e-01 5.262781588263971688e-01 5.346959999999999491e-01
-6.809251389740601512e-01 -1.450500296041230819e-01 7.178449999999999553e-01
2.837708490201769629e-01 -9.207795101007449912e-01 2.676549999999999208e-01
-4.613960157619874658e-01 8.871940303078936774e-01 6.850000000000577415e-04
5.996622586483780770e-01 -3.276815948931612876e-01 7.300889999999999880e-01
-1.661449502708106096e-01 9.846347052869454108e-01 5.376199999999992096e-02
6.042930019132887187e-01 7.307710023137384825e-01 3.174960000000000560e-01
3.383198049374699923e-01 -2.840098362505641405e-01 8.971500000000000030e-01
-4.269963226251729527e-01 -1.053968328014608380e-01 8.980900000000000549e-01
-2.559690224289840610e-01 7.470190654566656319e-01 6.135490000000000110e-01
-9.106363556037033735e-01 4.101961601816936365e-01 4.980500000000005756e-02
3.684930408835838667e-01 7.304040810369076819e-01 5.750849999999999573e-01
-9.583688063136780455e-01 2.234579548391503190e-01 -1.777520000000000489e-01
-3.102629538700140133e-01 -9.322788613885084619e-01 1.859920000000000739e-01
4.835783827947878755e-02 -3.584438012756474556e-01 9.322979999999999601e-01
3.085075427297953032e-01 2.552944491167473684e-01 9.163229999999999986e-01
-1.828599277534809567e-02 9.280706333265911212e-01 3.719550000000000356e-01
-2.463057925144469529e-01 -3.797826800748425047e-01 8.916830000000000034e-01
-5.464659636932825970e-01 6.396959574991637476e-01 5.405219999999999470e-01
9.288787319996214542e-01 3.656758944950779799e-01 -5.886799999999996896e-02
5.727199238033562484e-02 7.726438972047774412e-01 6.322510000000000074e-01
8.097623778064688693e-01 -3.251161516876908686e-01 4.884510000000000796e-01
4.918852893073012988e-01 -1.047500616098067695e-02 8.705969999999999542e-01
-8.448605412399448067e-01 3.570198061379149107e-02 5.337939999999999907e-01
