-2.005350257201637676e-01 1.767580226705796898e-01 9.636090000000000488e-01
-7.897055363035740960e-01 9.377294493874309411e-02 -6.062769999999999548e-01
-6.347688314315512725e-01 4.340298847395450688e-01 6.392860000000000209e-01
3.718159604581041111e-01 -7.910579158725470350e-01 4.857779999999999876e-01
2.958431853300883541e-01 5.162283233897060342e-01 8.037320000000000020e-01
5.585540803098976159e-01 7.218721037920529104e-01 4.085560000000000302e-01
7.579309171431494185e-01 3.484749619047894376e-01 5.514580000000000037e-01
-7.697182373543824951e-01 5.209161606324594906e-01 -3.690260000000001317e-01
-7.298099869647614590e-02 -9.229679835147397426e-01 3.778940000000000077e-01
-8.141829483561940917e-01 -3.679039766637689501e-01 4.491690000000000405e-01
8.369842790250239251e-01 -5.119741706765693623e-01 -1.932349999999999901e-01
-5.675322123442673172e-01 8.221133075967212989e-01 -4.513199999999989442e-02
-9.366151040750418932e-01 6.411300712412608405e-02 3.444440000000000834e-01
-9.514941177655218407e-01 -2.926600362222544494e-01 -9.491600000000011139e-02
9.778596818367088495e-02 8.715547164248392820e-01 4.804479999999999862e-01
7.444048262081450762e-01 6.653148446728219811e-01 -5.672400000000010073e-02
4.140482986820818723e-01 9.913007150947419910e-02 9.048410000000000064e-01
-1.074000394714112218e-02 -6.362902338478999553e-01 7.713750000000000329e-01
4.597232425498483654e-01 -4.055792139834747401e-01 7.900380000000000180e-01
4.834053429528759049e-02 -1.947951530198998304e-01 9.796519999999999673e-01
-4.188819929742386705e-01 8.038859865167011787e-01 4.222619999999999707e-01
-1.735710048537798811e-01 5.882450164498201906e-01 7.898359999999999825e-01
-4.875107720837518199e-01 -7.211836628392966908e-01 4.921659999999999369e-01
-4.063980267952895797e-01 -3.718020245142501512e-01 8.346280000000000365e-01
3.574598672205573369e-01 9.337846531431438502e-01 1.639100000000001667e-02
-1.328349820416581673e-01 9.896598662050473116e-01 5.411299999999991811e-02
-9.773289175496950865e-01 1.565829867902046313e-01 -1.425130000000000563e-01
-6.414757379404103510e-01 4.167998297263900143e-03 7.671320000000000361e-01
