6.410592285212329822e-01 -1.301418433816028397e-01 7.563769999999999660e-01
7.673306067049354140e-02 8.716266891686705875e-01 4.841270000000000295e-01
1.611000031038269413e-03 -8.085480155778629330e-01 5.884279999999999511e-01
5.382742963989037843e-01 -5.746053164044560013e-01 6.165140000000000065e-01
-3.004609151024113523e-01 -5.075088565993912670e-01 8.075630000000000308e-01
-8.709515668151012191e-01 -2.305368853379438088e-01 4.339309999999999001e-01
-5.290353236973381890e-01 7.945834861765330714e-01 2.979239999999999111e-01
-8.548577253012101806e-01 5.178068336086737444e-01 3.308099999999990215e-02
-7.302884611007053328e-01 1.065270672606899310e-01 6.747819999999999929e-01
4.473477542838470988e-01 3.049798324827375784e-01 8.407540000000000013e-01
-2.705866295721670034e-01 4.933973245486591441e-01 8.266449999999999632e-01
9.349196419497736166e-01 -2.655898982858858060e-01 2.353449999999999986e-01
-9.361361381409503135e-01 -2.918060430603651723e-01 1.962100000000000233e-01
-2.351771726163865428e-01 6.194724546831458234e-01 -7.489630000000001564e-01
2.196440231758844674e-01 8.904130939525269905e-01 3.986489999999999756e-01
-8.574589325499782921e-01 4.781689623859454730e-01 1.900490000000000512e-01
-3.462027406991801670e-01 1.829818629492448168e-01 9.201420000000000154e-01
3.698051945589254652e-01 9.190414835186904163e-01 1.364069999999998895e-01
-9.507463398558473056e-02 -1.478924306498037300e-01 9.844230000000000480e-01
2.817748905126728487e-01 -7.277347172291365185e-01 6.253039999999999710e-01
-8.384325697569510183e-01 4.215217836954048836e-01 3.454709999999999170e-01
-5.495270120814069736e-01 -5.109630112335735719e-01 6.610120000000000440e-01
7.154089144188268135e-01 -6.695479199049727548e-01 1.997389999999999999e-01
-4.452589992818922759e-01 -8.375139986492690092e-01 3.167249999999999233e-01
9.527931404233158652e-01 -1.583630233396525477e-01 -2.590490000000000848e-01
5.865551855856346863e-01 5.999751898317142729e-01 5.440430000000000543e-01
6.344936608473872308e-01 7.681955893803874558e-01 8.540099999999989366e-02
3.435919523867876912e-01 7.096029016668655709e-01 6.151489999999999458e-01
-3.485540638082943454e-01 -9.157211676371380671e-01 1.999120000000000619e-01
2.021261456154860858e-01 6.836494925139834367e-01 7.012620000000000520e-01
-6.847501126295871265e-02 1.780148298703491949e-02 9.974939999999999918e-01
-3.404041856413385081e-01 -7.098433871170860554e-01 6.166420000000000234e-01
9.298903691849780273e-02 -9.931153942865704742e-01 -7.123800000000002353e-02
-9.809049833684563291e-01 -1.264329978562899193e-01 1.477839999999999154e-01
-7.266243645661826234e-01 -6.909193957902173833e-02 6.835520000000000485e-01
5.996691786683734371e-01 -7.415382209375309674e-01 3.008620000000000738e-01
7.489001864568289868e-01 6.451571606274915105e-01 1.513960000000000028e-01
5.289587740459400500e-01 -8.374056422874258665e-01 -1.376749999999999086e-01
7.878952433042694103e-01 -5.486261694173055758e-01 2.796970000000000844e-01
8.322458655301406827e-01 -5.403599126915199502e-01 1.240079999999999238e-01
-5.019059762358817345e-01 -8.001599621142260754e-02 8.612130000000000063e-01
-7.507198454548266731e-02 7.110218536271601941e-01 6.991509999999999669e-01
4.813519561664048041e-02 -2.261089188841248765e-01 9.729119999999999990e-01
8.755095508624263778e-02 -9.569525090820790725e-01 2.767249999999999432e-01
8.247481760494361769e-01 -2.080450444089648743e-01 5.258399999999998631e-01
1.828329413373956380e-01 -4.953898410523943641e-01 8.492119999999999669e-01
9.412944069042401551e-01 1.798000777242629317e-03 3.375820000000000487e-01
8.002959104485545261e-01 2.225239751000306632e-01 5.567849999999999744e-01
-7.533279920357196513e-01 -4.813249949113703186e-01 4.481330000000000591e-01
-2.351599878577424474e-01 -6.784370799673704322e-02 9.695859999999999479e-01
-2.193997093690237907e-03 3.364885542655988715e-01 9.416849999999999943e-01
3.870110984596953907e-01 -9.205242341910504500e-01 -5.345600000000000351e-02
6.959771813655013517e-01 3.436760895589510145e-01 6.304779999999999829e-01
-8.400297739719043699e-01 -5.408368544762007790e-01 -4.295900000000010821e-02
9.140431681142979770e-01 -3.938460724376684485e-01 9.700700000000003764e-02
5.070718596327151717e-01 -1.614789552995062605e-01 8.466420000000000057e-01
6.680965488194746671e-01 -5.270956440405357712e-01 5.251829999999999554e-01
-2.133689332837429287e-01 9.008227183305035357e-01 -3.781429999999999514e-01
5.450767672721120727e-01 5.202007322555986073e-03 8.383699999999999486e-01
4.760500695382594571e-01 7.167091046921466591e-01 5.096119999999999539e-01
7.399936813415552983e-01 5.952337436785423153e-01 3.132190000000000252e-01
8.208225146717639253e-01 4.474472805581925505e-01 3.550230000000000330e-01
-6.140547763350315824e-01 1.876652372607518215e-01 7.666279999999999761e-01
-9.742392813881661784e-01 2.043920590342721000e-01 9.529800000000002158e-02
7.737733138056435145e-01 3.864961567444534785e-01 5.018920000000000048e-01
7.820890883908585556e-01 -4.623280522518137814e-01 4.178390000000000160e-01
9.832969723732680745e-01 5.191299854145132314e-02 1.744479999999999087e-01
-7.660113301834391430e-01 6.296492714055961226e-01 1.294929999999999970e-01
5.863200576265132496e-02 9.982690981149564546e-01 -4.593000000000079658e-03
3.625788731116058594e-01 -1.868789345996977047e-01 9.130239999999999467e-01
-2.331389528667691391e-01 -6.453448695319320416e-01 7.274450000000000083e-01
9.657276132634724508e-01 2.578158967547129476e-01 -3.001899999999994156e-02
-3.679031992027694264e-01 -1.666100902117498839e-01 9.148159999999999625e-01
-4.863594716117558558e-01 6.432516237465194520e-01 5.913389999999999480e-01
3.318719336483334503e-01 5.785548843286314469e-01 7.450740000000000141e-01
6.349883468263415320e-01 7.318123997109845513e-01 2.474680000000000213e-01
-2.837588795612045467e-01 -8.843626246405769109e-01 3.706529999999999547e-01
-8.195499484921823230e-01 1.906029880208107430e-01 5.403780000000000250e-01
2.140620256796821885e-01 8.014660961468743627e-01 5.584170000000000522e-01
7.509141860605510477e-01 -6.595461634214999647e-01 3.356699999999988859e-02
8.614310707995561645e-01 -3.137020257826365066e-01 3.994090000000001250e-01
-2.624322284838860875e-01 -8.169957113088058831e-01 5.134659999999998670e-01
8.669851466538861517e-01 -4.852300820785424018e-02 4.959660000000000735e-01
2.446620938984086779e-01 -9.692743719960030813e-01 2.544899999999997164e-02
6.332505471160877475e-01 -4.192283622051057868e-01 6.505699999999999816e-01
-6.231378928696412745e-01 -7.773608663555063858e-01 8.607700000000004237e-02
6.477768368769835083e-01 -6.633278329609351154e-01 -3.746749999999999248e-01
2.213199714222879588e-01 9.456338778960056146e-01 2.383149999999999158e-01
7.072545300288344272e-01 5.264006502063731663e-01 4.719039999999999901e-01
5.042301292634877863e-02 6.912951772191308075e-01 -7.208109999999998685e-01
1.163379452948084536e-01 -7.244436593473518871e-01 6.794459999999999944e-01
6.927502511853626810e-02 9.431123419645329742e-01 3.251770000000000493e-01
5.799772114807884016e-01 3.267411191416975114e-01 7.462349999999999817e-01
-9.915608253221589452e-01 4.027699290462277010e-02 1.232270000000000171e-01
7.558203919841127716e-01 -3.640551888065626795e-01 5.442420000000000035e-01
-6.753735038161255977e-01 -4.262263179569391602e-01 6.018320000000000336e-01
-5.038198318681888499e-02 -9.837816716981279130e-01 1.721490000000000797e-01
-3.946318321755132308e-01 5.565437633194694200e-01 7.311119999999999841e-01
1.873912361387977676e-01 5.438356853079552300e-01 8.180020000000000069e-01
-2.242351671481193354e-01 -2.500030714412423416e-01 9.419220000000000370e-01
3.269351785563828217e-01 4.337122368729132704e-01 8.396470000000000322e-01
7.930926542733579554e-01 6.510105370606419917e-02 6.056120000000000392e-01
4.376918438605226225e-01 -3.287518827230895835e-01 8.368679999999999453e-01
6.997799655619658943e-02 7.674269622328765417e-01 6.373060000000000391e-01
-3.636060168953996752e-01 -9.310360432617322823e-01 3.102499999999995539e-02
-8.972668868431055156e-01 -6.188999219487593961e-02 4.371289999999999343e-01
-5.909959822341429581e-01 -3.450459896276154570e-01 7.291549999999999976e-01
-2.839535366832974250e-01 3.506394278743436566e-01 -8.924250000000001348e-01
8.732822700178899389e-01 -4.120571274075976453e-01 2.599749999999999561e-01
2.739905450478905546e-01 1.169348058336773244e-01 9.545970000000000288e-01
-4.974652785336074468e-01 9.740505453763781407e-02 8.619980000000000420e-01
4.698000117990587809e-01 -7.907050198586096368e-01 3.925219999999999820e-01
9.869996955518284265e-02 -9.900026946255278126e-01 1.007620000000001015e-01
6.848169453106522919e-01 -6.203149504617689880e-01 3.824070000000000524e-01
-8.834819236981888979e-01 2.633069772595243996e-01 3.874650000000000039e-01
-1.970180188948346400e-01 -9.471030908310640317e-01 2.533369999999999789e-01
-7.851927955150816985e-01 -5.432648585194989055e-01 2.972129999999999495e-01
-4.745410640318446505e-01 2.620330353572323800e-01 8.403270000000000461e-01
9.962363781136723828e-01 -7.657402906306974566e-02 4.061399999999999733e-02
3.458897392706821727e-01 -4.843106349299585722e-01 8.036189999999999722e-01
-1.163520545908098280e-01 -8.705744084617335066e-01 4.780819999999999514e-01
2.090170928876188827e-01 -2.078040923485589553e-01 9.555780000000000385e-01
-8.098860616911374155e-01 -1.505820114702253743e-01 5.669300000000000450e-01
-5.795315942894011529e-01 2.973427918403013237e-01 -7.587690000000001378e-01
3.679770752952160606e-01 8.798511800345435452e-01 3.007570000000001076e-01
-3.775949015558323352e-02 1.795933312993286124e-01 9.830160000000000009e-01
-1.885825186044481072e-01 -4.231669197796573134e-01 8.862090000000000245e-01
-4.548370242686770037e-01 -4.288330228811849110e-01 7.805290000000000283e-01
-7.117105887556729460e-01 -6.747266101259481452e-01 1.954790000000000416e-01
-3.444069349297197435e-01 -3.436369328394661138e-01 8.736690000000000289e-01
7.088199740041155605e-01 -2.539989906846185641e-01 6.580719999999999903e-01
-9.958473890826949892e-01 -9.019003523771053354e-02 -1.239900000000003152e-02
-3.674579304740170360e-01 7.749558533721468967e-01 5.142160000000000064e-01
6.443601986018356043e-02 -6.023791856626340424e-01 7.956050000000000066e-01
-3.702101557482003202e-01 1.370004276976065360e-02 9.288469999999999782e-01
5.789198472809915091e-02 -8.935577642795353714e-01 4.451999999999999846e-01
-2.106367226968546835e-01 1.013829038967044155e-01 9.722929999999999628e-01
9.664819368528551058e-01 2.190799856859450001e-01 1.338530000000001108e-01
5.876058246368700555e-01 7.661247713602686860e-01 -2.603310000000000346e-01
-7.374637431152308853e-01 5.104858221796885198e-01 4.422119999999999940e-01
6.809896545330489104e-02 9.369405246888351524e-01 -3.427899999999999281e-01
-6.193861400361603264e-01 5.848861322361010862e-01 5.237070000000000336e-01
-2.370159153741266123e-01 9.207546712471051942e-01 3.098940000000001138e-01
-5.445586404100649647e-01 5.028056679809224105e-01 6.712989999999999791e-01
2.368719361019912817e-01 -9.500557437152276075e-01 2.031890000000000918e-01
1.076087995434331507e-01 8.671945021055728342e-02 9.904039999999999511e-01
4.004580696857766853e-01 -2.075495178364900051e-02 9.160800000000000054e-01
1.170421356446529337e-01 -3.655744236783237677e-01 9.233940000000000481e-01
6.948840720378196556e-01 1.887680195693600127e-01 6.939039999999999653e-01
-3.005325854751655923e-01 -2.765006186224765461e-01 -9.128129999999999855e-01
-3.129869754808997651e-01 3.431549731175677631e-01 8.855979999999999963e-01
9.686125681448061187e-01 -2.386838935829634079e-01 6.942400000000006899e-02
5.479897787671733633e-02 6.359127432711716432e-01 7.698129999999999695e-01
5.654267401567049101e-01 -6.741466901941757239e-01 4.752039999999999043e-01
9.067378655385811559e-01 3.359169501864083807e-01 2.549239999999999284e-01
-3.292998126747906547e-03 -4.731867308234004588e-01 8.809559999999999613e-01
-4.050383489963223504e-01 -5.824265018406471484e-01 7.047860000000000236e-01
-1.782544299048489933e-01 2.644121543543286323e-01 9.477929999999999966e-01
9.145194620042638167e-01 -1.587480801976261513e-01 3.720930000000000626e-01
-6.777576974008306943e-01 -6.388177147864045891e-01 3.640829999999999345e-01
-4.958277967565287714e-01 -6.541207318710868801e-01 5.712099999999999955e-01
-8.736604980969941980e-02 9.669845513035092432e-01 2.393909999999999372e-01
8.836336264462564261e-01 1.129499522507108750e-01 4.543499999999999206e-01
5.089190417945608225e-01 8.386190688709063146e-01 1.942150000000000820e-01
-9.288735947734279019e-01 3.645788409503349925e-01 6.539200000000000568e-02
3.264209249451033301e-01 -8.186388117680367671e-01 4.725249999999999728e-01
-7.847401854938369781e-02 6.968024059022065453e-02 -9.944779999999999731e-01
3.800438422633047875e-01 -9.168176194760571107e-01 1.225240000000000357e-01
-7.899187857292330195e-01 3.532659041742550188e-01 5.012299999999999534e-01
4.658443705911274879e-01 5.961454742489926684e-01 6.539110000000000200e-01
-7.136930665901340953e-01 2.746490256257435036e-01 6.443680000000000518e-01
5.059212241620636430e-01 8.621793820118636154e-01 2.627599999999999381e-02
4.282690390728700058e-01 1.432673475974223509e-01 8.922219999999999596e-01
-4.136551230651470124e-01 -7.800042320564408715e-01 4.695560000000000289e-01
3.611499915463242671e-01 -8.825949793405182264e-01 3.009930000000001216e-01
-9.645599311820007848e-02 5.664569595852642081e-01 8.184270000000000156e-01
-1.714753502616996883e-01 -3.945358058929856471e-01 -9.027389999999998471e-01
-6.568895740179951925e-01 7.217945319282051964e-01 2.179649999999999643e-01
-7.881901684388542551e-02 9.127191950511193141e-01 4.009130000000000749e-01
-5.154232399697550315e-01 8.563653987049454352e-01 -3.126000000000000306e-02
-7.620553031000958377e-01 5.797652305959897223e-01 2.883470000000000200e-01
-9.073082491990743792e-01 -4.164921143927101110e-01 5.767199999999998716e-02
7.640660060075368243e-01 -9.391300073839929652e-02 6.382660000000000000e-01
4.989898732428288963e-01 -8.400177866123464954e-01 2.130240000000000189e-01
-3.836718195444685509e-01 8.456306022675837974e-01 3.710860000000000825e-01
-1.398081041190179230e-01 4.195223124300373474e-01 8.969139999999999890e-01
-6.550003890156248787e-02 8.304034931904452632e-01 5.532989999999999853e-01
8.731237550135798609e-01 4.375918772177862515e-01 -2.148680000000000867e-01
4.307558165457589516e-01 -7.103466974710281878e-01 5.566480000000000317e-01
-6.764641239767132941e-01 4.347090796698614423e-01 5.944949999999999957e-01
-9.402002583411683823e-01 -1.683940462700520002e-01 -2.960859999999999048e-01
-6.495699356788255940e-01 7.583689249054224035e-01 5.418000000000001981e-02
3.896348456348118217e-01 -8.949936454222099380e-01 -2.171889999999999654e-01
-5.532222203687249262e-01 -7.187592863082172823e-01 4.211059999999999248e-01
-7.174907205541203314e-02 -3.295783309854993792e-01 9.413979999999999571e-01
4.919039163758298083e-01 8.585698540422443958e-01 -1.445279999999999343e-01
-5.869838471183952411e-01 3.505589086959398637e-01 7.297660000000000258e-01
-7.382128026532968068e-01 -6.743768197185937563e-01 1.605499999999995125e-02
-2.416689484397110121e-01 9.592337953466008038e-01 1.465149999999999786e-01
-1.592901004157062372e-01 -7.630684810346671787e-01 6.263809999999999656e-01
-8.414722960102994920e-01 -5.012121763147369125e-01 -2.017690000000000594e-01
-1.210290613869439147e-01 -5.657172869365009182e-01 8.156689999999999774e-01
5.689666436598087573e-01 1.677091897258234376e-01 8.050779999999999603e-01
-9.587739123208698366e-01 -6.215999431551619790e-03 2.841019999999999657e-01
-7.832512007200465032e-01 -3.318690850465064734e-01 5.257189999999999364e-01
-9.369998875412051120e-01 -1.741169791024673730e-01 3.028439999999998911e-01
-7.097284944158819275e-01 -2.517891754030848195e-01 6.579420000000000268e-01
6.062141726163617905e-01 4.733761347914149931e-01 6.390770000000000062e-01
-6.493197739425449200e-02 -9.846756571900576738e-01 -1.618570000000000841e-01
6.249243667940520552e-01 -7.720434531443507442e-01 1.158379999999999133e-01
9.186049049046655091e-01 3.825519603976568761e-01 9.909099999999997077e-02
-3.394490151037904968e-01 6.841030304391777506e-01 6.455830000000000179e-01
3.537771062249136511e-01 8.138422443638116954e-01 4.609799999999999454e-01
9.722788754751070517e-01 -1.106319858307770188e-01 2.059960000000000679e-01
-8.250998071552788637e-01 2.306499460918267838e-02 5.645160000000000178e-01
1.376117576588943570e-01 2.421393331638413415e-01 9.604329999999999812e-01
8.693231597824363499e-01 2.791870513148497213e-01 4.078379999999999783e-01
-6.330510183814890279e-01 -5.761350167288563640e-01 5.170249999999999568e-01
2.179798829775452251e-01 9.730574776142957294e-01 7.512599999999991507e-02
4.962427938813758765e-01 -4.586168095096453956e-01 7.371659999999999879e-01
5.002100234863141592e-01 7.894350370662688299e-01 3.557839999999998781e-01
-2.249058998891500794e-01 8.568716185865019597e-01 4.638839999999999630e-01
3.941522007558970753e-01 -6.047403080159969857e-01 6.920500000000000540e-01
-2.046610722601416299e-01 7.675752710095140596e-01 6.074060000000000015e-01
-8.565760605002297190e-01 -3.707390261854109359e-01 3.589289999999999980e-01
-9.028434748784227581e-01 1.018920535932740234e-01 4.177220000000000377e-01
6.774245044303910390e-01 3.101897730808030051e-02 7.349379999999999802e-01
2.445775681089724096e-01 -4.465328629452581383e-02 9.686010000000000453e-01
-8.155846078881240357e-01 -5.658477279551230588e-01 1.209879999999999983e-01
-6.155817275247095210e-01 -1.674669258740194289e-01 7.700740000000000363e-01
4.713707114316830760e-01 4.591877188899861628e-01 7.529649999999999954e-01
2.097140217064776269e-01 9.736851007814051329e-01 -8.920400000000007490e-02
-4.873045940466184112e-01 -2.584467846986309159e-01 8.341100000000000181e-01
-9.199961820404904955e-01 3.196640632522222969e-01 2.267640000000000489e-01
-2.204550003835857030e-01 6.328860011012040765e-01 7.421959999999999669e-01
6.195619866478082605e-01 6.749589854539467249e-01 4.007160000000000166e-01
1.713929488249587574e-01 -8.227047543542488350e-01 5.420160000000000533e-01
-6.224893296351353689e-01 1.389098504066203429e-02 7.825050000000000061e-01
3.352394096735990953e-02 4.863441435917748579e-01 8.731240000000000112e-01
-5.160188642886109900e-01 7.293128081929537432e-01 4.492519999999998737e-01
-4.399552864873809144e-01 4.154022704990989467e-01 7.961660000000000403e-01
