1.597790045460406316e-01 6.946860197652434676e-01 7.013430000000000497e-01
-6.778549094550685439e-01 3.882859481344398955e-01 6.242969999999999908e-01
7.335111543673554502e-02 4.909257725972295261e-01 8.681079999999999908e-01
4.900698936510992088e-01 8.715638108640125781e-01 1.442300000000010761e-02
5.770120265650630076e-02 -2.662189350064955717e-01 9.621840000000000392e-01
-2.425901192806885487e-01 -8.428024144029140352e-01 -4.804519999999999902e-01
-6.791517957545336603e-01 -5.785108260209069764e-01 -4.517499999999998739e-01
-9.452552188944598477e-01 -5.098201180599645083e-02 3.223250000000000282e-01
-3.305179768479045155e-01 7.735829458121268321e-01 5.406729999999999592e-01
-2.301519146498439694e-01 9.284606556871490834e-01 2.915320000000000134e-01
-5.872198107955959451e-02 9.981946783779663823e-01 -1.261400000000002450e-02
9.001022655168114950e-01 -2.066470609578165141e-01 3.835529999999998663e-01
-5.682519538801715786e-01 8.217579333054031432e-01 4.246899999999996511e-02
-4.339857205165150167e-01 -3.663677640619619758e-01 8.230619999999999603e-01
7.353942126636069387e-01 -6.660701926162690967e-01 1.246829999999999883e-01
3.382682746266230112e-01 -3.566682895648668472e-01 8.708399999999999475e-01
3.722069527694771285e-01 -7.977598987697114286e-01 4.743850000000000566e-01
7.399970872139898237e-01 -4.252140501145402207e-01 5.211500000000000021e-01
-2.923113436739034898e-01 1.097045042810780163e-01 9.500100000000000211e-01
8.352496986671121837e-01 5.461078029807834300e-01 -6.421999999999999931e-02
-3.622377927749552140e-01 -6.235056433116933361e-01 6.928379999999999539e-01
2.869511667425884704e-01 -6.956504042309720470e-02 9.554160000000000430e-01
-8.880588638283435365e-01 4.578049298018880275e-01 4.202499999999998598e-02
4.741777475600995606e-01 2.037318915384395968e-01 8.565329999999999888e-01
-4.777501990028001355e-01 2.885591201968583097e-01 8.297520000000000451e-01
-2.122100061304634799e-01 9.412150271904442533e-01 -2.628329999999999833e-01
-4.918746069710503432e-01 -6.434694858402273399e-02 8.682849999999999735e-01
2.148710561215080583e-01 9.757062548417058112e-01 -4.275200000000007466e-02
-4.897970233407779594e-01 8.421470401316586418e-01 -2.255820000000000880e-01
-8.532643261246214417e-01 2.032970777018098252e-01 4.802190000000000070e-01
1.351619725694186425e-01 -6.709258638382810114e-01 -7.291020000000001389e-01
6.366353396423305444e-01 -6.580253510538135453e-01 4.021170000000000577e-01
1.109749043022604659e-01 -5.137505569740085098e-01 8.507320000000000437e-01
-5.198769772036836434e-01 -7.209759683856048484e-01 4.581719999999999127e-01
-7.594009988457031679e-02 -6.980589181620140415e-01 7.120020000000000238e-01
3.812872634060365806e-01 8.852876115863903550e-01 -2.662439999999999807e-01
7.529455528618920201e-01 -1.470811079965733681e-01 6.414360000000000062e-01
3.540729810330632277e-01 4.652529750773872763e-01 8.112780000000000546e-01
-6.274495938665601569e-02 2.672978269843712673e-01 9.615690000000000071e-01
-4.881822626644183316e-01 8.166494393948048325e-01 3.078339999999998855e-01
-5.160401447882805304e-01 -7.819242193888680248e-01 -3.497099999999999653e-01
3.235950486450018260e-01 -9.459521422019397940e-01 -2.146600000000006142e-02
-6.596764734468784086e-01 -2.340748131617109984e-01 7.141680000000000250e-01
8.335958289354954420e-01 3.237849335551986618e-01 4.475279999999999259e-01
7.493599369172106173e-02 -8.535849281433185443e-01 5.155360000000001053e-01
-7.333348858441488538e-01 6.523568984497284395e-01 1.914429999999999743e-01
5.372435694113231186e-01 -7.376794087664911848e-02 8.401950000000000252e-01
7.569062505978569888e-01 5.529731830793371827e-01 -3.483010000000000828e-01
4.408039693648967972e-01 6.558719544180486860e-01 6.128000000000000114e-01
8.008796474017497447e-02 9.521875807863576791e-01 -2.948299999999998700e-01
-2.328350019990737818e-01 -1.847470015862000270e-01 9.548069999999999613e-01
9.501616734650875085e-01 2.951688985615257277e-01 1.003399999999999848e-01
-9.554737622754208015e-01 2.195319453798299236e-01 1.971690000000001219e-01
2.375079976550183436e-01 -6.807179932790845545e-01 6.929739999999999789e-01
6.418561282555574898e-01 7.448351488328039949e-01 -1.823220000000000951e-01
2.185012894050210319e-01 2.194982861626562365e-01 9.508299999999999530e-01
-6.183580440816622836e-01 6.276850447465679439e-01 4.729110000000000813e-01
8.704458855411506546e-01 6.293099172492050419e-02 4.882250000000000201e-01
-3.104439314653363868e-01 -9.245777958870446955e-01 -2.208629999999999205e-01
6.157019475913932949e-01 4.122179649119687705e-01 6.715560000000000418e-01
-8.244734398223806382e-01 4.447646978104842219e-01 3.498970000000000136e-01
-9.717669168723104267e-01 2.132129817611585765e-01 -1.010409999999999781e-01
6.884430556015577185e-01 7.131430575964338159e-01 1.321859999999999702e-01
8.536857948920335559e-01 -4.545448907902899238e-01 2.541840000000000765e-01
-8.272918204361302541e-01 -3.161129313876192559e-01 4.643930000000000557e-01
-1.718998625941444147e-01 -4.619306307619295837e-01 8.700980000000000381e-01
4.891032763019957375e-01 -5.797303274986167487e-01 6.516830000000000123e-01
-8.172623789952986328e-01 -5.633002612235146062e-02 5.735059999999999603e-01
-6.693822412944204769e-01 1.134220408856163737e-01 7.342090000000000005e-01
-2.445489298896242059e-01 4.472488717770449762e-01 8.603279999999999816e-01
4.032901954488402052e-02 9.658404680808049259e-01 2.559799999999999298e-01
9.691527776023169949e-01 6.091998602030138793e-02 2.388130000000000253e-01
7.023629881509667605e-01 1.475289975111502006e-01 6.963629999999999542e-01
5.737985872521346176e-01 -3.394787558043276254e-01 7.453250000000000153e-01
-4.453169914288520603e-01 5.633609891568245320e-01 6.959290000000000198e-01
-4.502901060977178294e-02 8.533282010618803426e-01 5.194260000000000543e-01
-6.181877087795006886e-01 -4.971337658064993725e-01 6.088529999999999776e-01
-2.373569701545701072e-01 -8.259788961408411900e-01 5.112929999999998865e-01
-9.300453309495405607e-01 -3.127371112851167756e-01 1.929020000000000734e-01
8.361948458124818240e-01 4.976419082388858217e-01 2.305010000000000669e-01
0.000000000000000000e+00 -0.000000000000000000e+00 1.000000000000000000e+00
-9.979895426747977805e-01 -4.136598104418446470e-02 4.801800000000003288e-02
