-6.003515566348214261e-01 -3.197577638559332969e-01 7.330299999999999594e-01
-8.469430820336657506e-01 -4.458720431865126343e-01 2.896300000000000541e-01
-7.388784530206996548e-01 4.394222694183098632e-01 5.108490000000001086e-01
7.812402014886790091e-01 5.191061338820108784e-01 3.466879999999999962e-01
-7.712475281619809442e-01 5.649133868612377096e-01 2.933430000000001314e-01
7.176587064545159045e-01 -4.209178278310756749e-01 5.547919999999999519e-01
8.592299982721401941e-02 9.913129980065289448e-01 -9.957800000000008311e-02
-1.704078146625399304e-01 4.366515250928792446e-01 8.833440000000000181e-01
-4.221258465164365870e-01 8.052277072218652076e-01 4.164349999999999441e-01
-4.991589713245203064e-01 -8.644479503395485764e-01 5.974999999999997674e-02
-1.021658689011234883e-01 6.267507918366349573e-02 9.927909999999999791e-01
9.949597086033270532e-01 1.116499673007572725e-02 -9.965199999999992120e-02
-6.004901018352049036e-02 9.529001615993039076e-01 -2.972799999999998777e-01
8.903967395973337862e-01 -4.471118692390507743e-01 -8.534999999999988429e-02
-9.376768465910171324e-01 1.466479760076013217e-01 3.150500000000001077e-01
6.191279761068375631e-01 7.502379710470880037e-01 -2.319990000000000663e-01
3.659220468391287118e-01 -6.871510879574173059e-01 6.276340000000000252e-01
4.451060959453815857e-01 7.970011717985493460e-01 4.082520000000000593e-01
6.012898349288113564e-02 9.887197285682696180e-01 1.371779999999999111e-01
-3.486208810482228637e-01 -6.560767761422139355e-01 6.693480000000000540e-01
-4.944673296735643819e-01 8.503125669243601914e-01 -1.801960000000000228e-01
-9.489019116080613658e-01 -2.635809754469526922e-01 1.735230000000001216e-01
2.892599260680731588e-01 9.539957561682823606e-01 7.887199999999999767e-02
6.395880144182827243e-01 -2.688350060603685865e-01 7.201769999999999561e-01
-2.503600875208968762e-02 -8.565712994402540081e-01 5.154210000000000180e-01
7.201822181993858818e-01 -4.675101416452992487e-02 6.922080000000000455e-01
-2.729759551294261288e-01 2.239959631805394091e-01 9.355799999999999672e-01
8.781762890911269936e-01 -3.637561197466476215e-01 -3.106250000000000955e-01
7.625719794970564624e-01 1.794209951759851707e-01 6.215239999999999654e-01
4.847160921902395336e-01 8.557011627494865991e-01 1.811790000000000622e-01
2.046502805940695335e-01 -3.472414760995128358e-01 9.151730000000000143e-01
2.606770700465497193e-01 9.173452464998912426e-01 3.008739999999999193e-01
7.163842015267654073e-01 4.325491216808314832e-01 5.474440000000000417e-01
-2.265661136493378192e-01 7.650623837680398109e-01 6.027829999999999577e-01
-6.525772710111432673e-01 2.892981201436486405e-01 7.003209999999999713e-01
-1.741329255419436783e-01 -5.538747631669128646e-01 8.141869999999999941e-01
8.675340847034034297e-01 -3.510210342726318156e-01 3.523760000000000225e-01
9.791810488925691836e-01 1.950850097410048722e-01 5.609199999999997521e-02
4.219914261856403392e-01 3.247213279487650150e-01 8.464509999999999534e-01
-7.497478170112152895e-01 -1.747479573497704719e-01 6.382330000000000503e-01
-4.211540422301127129e-01 -8.482960850606564573e-01 3.209719999999999240e-01
-9.696040095295738181e-01 2.263590022247277955e-01 9.289599999999996471e-02
3.723619568138299418e-01 6.935429195635808286e-01 6.167209999999999637e-01
2.012448864871563825e-01 -8.514275197494920455e-01 4.843259999999999788e-01
-7.193083484412371442e-01 7.099203438935802746e-02 6.910539999999999461e-01
5.806265049482260965e-01 1.127799038419862315e-01 8.063209999999999544e-01
-1.995206416716584913e-02 2.774668923519871266e-01 9.605280000000000484e-01
9.080266097839755357e-01 3.634608438060690783e-01 2.082880000000000842e-01
-5.058937943587724639e-01 -5.223487876699669519e-01 -6.864569999999998728e-01
-3.576501774058531424e-01 4.662002312501282823e-03 9.338440000000000074e-01
-1.691789184324266337e-01 9.685045330472307201e-01 1.826949999999999130e-01
-1.011010283269006410e-01 -7.224402024162576152e-01 6.840019999999999989e-01
-6.181661393563590012e-01 6.361901434196025606e-01 4.616630000000000456e-01
-3.521081693860415585e-01 9.359144502333590632e-01 -9.163999999999955168e-03
3.704325758862405671e-01 1.024601592878158912e-01 9.231909999999999838e-01
5.156325456495257642e-01 -4.799135078511436170e-01 7.097930000000000073e-01
-7.369270925387326754e-01 -4.103470515288370479e-01 5.371720000000000939e-01
5.756568655791043376e-01 -6.155788562569713962e-01 5.382209999999999495e-01
9.914932448525908271e-01 -5.904101458037708944e-02 1.159970000000000168e-01
-8.130998250960540935e-03 8.188878238510101104e-01 5.738959999999999617e-01
6.677890565432027525e-01 7.436620629675411154e-01 3.200799999999989764e-02
2.093813285683726877e-01 3.096494859126092680e-01 9.275109999999999744e-01
9.526488143555794652e-01 1.189129768272102622e-01 2.798569999999999669e-01
8.055428914222384496e-01 5.798219218467853819e-01 1.220949999999998842e-01
-3.032461025782741126e-01 -9.412163183828077262e-01 1.488409999999999456e-01
6.063779325916687224e-01 -7.200709199529262694e-01 3.373479999999999812e-01
-8.240198990314902272e-02 6.479809206018346535e-01 7.571860000000000257e-01
7.033936681685164505e-01 -6.984916704810723020e-01 1.317070000000001018e-01
2.826820168486020024e-01 -9.254050551566089799e-01 2.524210000000000620e-01
6.634396457141752967e-02 4.970307345788050335e-01 8.651929999999999898e-01
5.175319465436489796e-01 -1.020469894594725341e-01 8.495570000000000066e-01
-2.474083300242763961e-01 -3.558250364344794914e-01 9.012090000000000378e-01
2.153158631582955673e-01 8.316264714686504300e-01 5.118949999999999889e-01
-8.230413241236596011e-01 2.269280893670348742e-01 5.206790000000001140e-01
2.936871456418168047e-01 5.230562593878045341e-01 8.001000000000000334e-01
6.363900032441921484e-02 -5.581900028455440976e-01 8.272690000000000321e-01
8.153656194876552910e-01 -2.044521553359416877e-01 5.416440000000000143e-01
-6.057377830790783291e-01 7.530287303326769210e-01 2.569620000000000237e-01
-4.239793901147685395e-01 3.681753387679692069e-01 8.274589999999999446e-01
9.350557810656628943e-01 -1.299619695706521194e-01 3.298189999999999178e-01
-8.641172032342505638e-01 -2.564870603239412516e-01 4.330309999999999437e-01
-3.959908772930667564e-01 8.936757230739053037e-01 2.110330000000000261e-01
-9.021609888315047510e-01 -4.305359946700874629e-01 2.728200000000007702e-02
-7.808639974764790548e-01 -6.099889980286966606e-01 1.347769999999999246e-01
-6.997321929888922210e-01 -5.978071648775681313e-01 3.911539999999999462e-01
-5.862342770054249641e-01 -7.429203510421961143e-02 8.067280000000000006e-01
-4.267786976381490738e-01 -2.163338467329726511e-01 8.780999999999999917e-01
-4.179540305838745362e-01 -4.610530337376533283e-01 7.827800000000000313e-01
8.595939122725479997e-01 2.816269712580368179e-01 4.263619999999999632e-01
-4.347551022423805089e-01 6.709061577785802033e-01 6.007270000000000110e-01
-5.691057375944816865e-01 -5.429037496757975756e-01 6.175549999999999651e-01
-3.102318098314699735e-01 5.679896518288785057e-01 7.623280000000000056e-01
-5.155311165118328098e-01 1.526890345082549394e-01 8.431570000000000453e-01
9.462024985440763425e-01 -2.961331560294239162e-01 1.304070000000001062e-01
-2.011598953643036758e-01 8.930165354868980776e-01 4.025620000000000864e-01
-5.714009940469371163e-01 8.196549914605365528e-01 4.082400000000005469e-02
1.419162671640772644e-01 8.285498831823157051e-02 9.864049999999999763e-01
6.156322932805184667e-02 -1.410112347676657774e-01 9.880919999999999703e-01
5.960052672336116908e-01 6.337872841741076790e-01 4.930430000000000090e-01
-5.090638751668006279e-01 -7.147768247216468307e-01 4.795290000000000941e-01
-5.557508614945905201e-01 4.904818777610652769e-01 6.712439999999999518e-01
4.136252211391679978e-01 -8.046264301827117382e-01 4.260170000000000901e-01
1.393229411719047184e-01 -7.222106950518041302e-01 6.774959999999999871e-01
4.248726537062478270e-01 -3.168294874717486054e-01 8.479989999999999473e-01
1.474029653252734162e-01 6.879598381659471906e-01 7.106219999999999759e-01
2.951773518043104283e-01 -1.219021452879087419e-01 9.476339999999999764e-01
8.491126828980736230e-01 -5.101708094762336110e-01 1.368700000000000472e-01
7.570911744429226209e-01 -5.491241265248105741e-01 3.539430000000000631e-01
2.736999092043174847e-02 9.314466910070674510e-01 3.628470000000000306e-01
2.948937791427754251e-01 -5.346905995497696074e-01 7.919239999999999613e-01
-1.705180063264461754e-01 -9.250640343211133931e-01 3.393820000000000725e-01
7.576601285701183297e-01 -6.476271098982129271e-01 -8.080999999999996519e-02
-2.109700346322273060e-02 -3.609900592590781221e-01 9.323310000000000208e-01
-9.467016513725338145e-01 -8.154496997067015029e-02 3.116189999999998683e-01
-1.346479603801115088e-01 9.893987088714416567e-01 -5.440700000000008030e-02
-2.739680647271043878e-01 -8.104011914636387592e-01 5.178719999999999990e-01
6.136224607249644025e-01 3.228497162672435139e-01 7.205799999999999983e-01
8.709600758543357690e-01 2.740400238669080113e-02 4.905889999999999418e-01
-8.581629866943996099e-01 -6.354999901467433751e-03 5.133380000000000720e-01
-1.792874390256812278e-01 -1.496443664379404903e-01 9.723490000000000189e-01
6.484619734046360717e-01 7.102449708707306852e-01 2.739510000000000556e-01
