8.188982079881674814e-01 -3.871080983197950354e-01 4.237369999999999748e-01
7.649449480180504635e-01 5.953689595416123970e-01 2.457539999999999725e-01
-7.951101314885791194e-01 -2.832100468348788258e-01 5.362759999999999749e-01
-5.312547967922266468e-01 1.699459349947799180e-01 8.299919999999999520e-01
-7.999202237141272986e-02 9.260882589996114467e-01 3.687300000000000022e-01
1.900911329875681621e-01 -4.895813425106217420e-01 8.509849999999999914e-01
-9.727848990203574742e-01 -2.424599748315175995e-02 2.304379999999999762e-01
8.564149676566732428e-01 -4.846229816977515870e-01 -1.780280000000000751e-01
6.017021702584623988e-01 -6.151711740696700348e-01 5.094299999999999384e-01
-7.640759979387077294e-01 2.033139994515081594e-01 6.122509999999999897e-01
7.770636088361719818e-01 1.141369425449308556e-01 6.189869999999999539e-01
-6.873667607934289547e-01 -6.199306861536220403e-02 7.236599999999999699e-01
-9.945603334414053476e-02 6.105012046797689829e-01 7.857460000000000555e-01
2.336140010397232958e-01 9.684390043101384071e-01 -8.689299999999994251e-02
3.958130708454597468e-01 5.996091073223346335e-01 -6.955580000000001206e-01
-8.988850136342992903e-01 4.249310064453586944e-01 -1.069549999999999668e-01
-5.854022806408482049e-01 -3.415511637390414301e-01 7.352870000000000239e-01
8.275998766246628335e-01 -1.422149787991498771e-01 5.430040000000000422e-01
5.455921752528386515e-01 -7.995812568381501784e-01 2.509959999999998859e-01
9.305178029321312660e-01 3.373419285567083037e-01 1.426079999999999848e-01
-2.311360254558404159e-01 7.949460875502672996e-01 5.609250000000000069e-01
-9.491040703884237040e-01 -2.776590205920314025e-01 1.486840000000001216e-01
7.495932172680543903e-01 -6.050321753673333358e-01 2.684139999999999859e-01
3.935661115271603117e-01 9.099362578540273194e-01 1.308500000000000218e-01
3.629641054805051725e-01 -1.446004404098518402e-03 9.318020000000000191e-01
8.353810827825149943e-01 4.432580439248822168e-01 -3.250550000000000384e-01
6.821879215815416231e-01 6.820109216018879206e-01 -2.635920000000000485e-01
3.554281999360108801e-01 7.217374059928216568e-01 5.939410000000000522e-01
6.675395631346922598e-02 7.899104830501361141e-01 6.095779999999999532e-01
1.601610043930967453e-01 7.872100215925824651e-01 -5.955240000000001643e-01
-9.753330966580894268e-01 2.119310210029247410e-01 6.173000000000006954e-02
7.268980817674388639e-01 -6.867280772487883711e-01 4.870999999999961298e-03
-1.097980178979672677e-01 -6.026800982417434005e-01 7.903930000000000122e-01
8.350112401558632547e-01 5.488111578424469394e-01 -3.952899999999996694e-02
1.393249496568026990e-01 -7.262507375790604458e-01 6.731629999999999558e-01
4.372746922475261311e-01 4.851456585560992574e-01 7.572480000000000322e-01
4.236112216633823868e-01 -2.983201561022263970e-01 8.553119999999999612e-01
-4.777878756302920138e-01 -8.591997763475573979e-01 1.830149999999999832e-01
-4.910410160747238351e-01 8.703820284928353024e-01 3.624699999999995981e-02
4.042500759211997002e-02 -9.874701854543138646e-01 1.525399999999998979e-01
-9.957384501270293287e-01 -5.867502652424991944e-02 -7.114899999999992064e-02
5.240420613691731955e-01 7.834810917513886919e-01 3.339719999999999356e-01
2.663113433551852482e-01 2.945722736721101409e-01 9.177720000000000322e-01
-6.401410138681554729e-01 -5.530130119805952704e-01 5.332879999999999843e-01
-8.763863732909022985e-01 -3.535801506050952753e-02 4.803089999999999860e-01
6.453973471015829189e-01 -3.661451969167954790e-01 6.703729999999999967e-01
-9.025409493863648658e-01 2.471729861387749472e-01 3.525980000000000225e-01
6.182968398332877591e-01 5.982948450147047570e-01 5.096590000000000842e-01
2.180600331636342870e-01 -9.717851477938294069e-01 -8.990800000000002956e-02
5.339429571694419563e-01 1.903603412482534896e-01 8.238130000000000175e-01
7.506918145211811666e-01 -4.825898807630517040e-01 -4.511860000000001425e-01
2.326129848110991549e-01 8.926349417137284803e-01 3.861269999999999980e-01
1.641708299960300821e-01 -1.934256215045324634e-01 9.672819999999999752e-01
-3.837269261348178473e-01 8.687888327632464769e-01 3.129850000000000687e-01
4.458402355952345020e-01 7.674204055277563663e-01 -4.607519999999998284e-01
1.756490341146722256e-01 5.697651106601584470e-01 8.028170000000000028e-01
-1.539718529508107281e-01 -1.188028865385600680e-01 9.809069999999999734e-01
-7.662800991284918206e-02 -9.860351275567195151e-01 -1.478609999999999369e-01
-2.025739479605088433e-01 -9.121937656653288373e-01 3.561830000000000274e-01
-5.545110054543827410e-02 -3.698606706413912204e-01 9.274310000000000054e-01
9.514092975505220595e-01 -1.749710547216942469e-01 2.533880000000000576e-01
-9.285672119269455793e-01 -9.640402200229519769e-02 -3.584260000000000779e-01
-5.316343979209732229e-01 6.837045117433439012e-01 4.999129999999999963e-01
-2.433685106928747122e-01 1.370192875259977072e-01 9.602070000000000327e-01
6.433467258580052306e-01 7.644626742482490966e-01 4.125299999999990780e-02
-3.730929370938763090e-01 5.987858990404373305e-01 7.087010000000000254e-01
-6.221014821642805170e-01 9.147907090151949361e-02 -7.775740000000000984e-01
4.119858079830588382e-01 -5.741927323822082485e-01 7.075099999999999723e-01
-3.180358484321544332e-01 3.815088181825417313e-01 8.679310000000000080e-01
6.706013906243322165e-01 3.656532129924633390e-01 6.454389999999999850e-01
3.046638368375036432e-01 -9.290675024385747216e-01 2.097939999999999250e-01
-2.286906421692423697e-02 3.617670158511443468e-01 9.319880000000000386e-01
-5.931251169936953005e-01 4.178020824112960163e-01 6.882179999999999964e-01
4.425246959568989169e-01 1.006327034529736347e-01 -8.910919999999999952e-01
3.610609381180840960e-01 -7.942368638764440991e-01 4.886949999999998795e-01
6.703776975388021919e-02 8.760531272374796896e-02 9.938970000000000304e-01
-3.344740187657501695e-01 -3.709510208123016906e-01 8.663269999999999582e-01
-6.522002939863900117e-01 7.132593215094117367e-01 2.567019999999999857e-01
8.348796193644407726e-01 3.665098329020471946e-01 4.106660000000000310e-01
8.821100188148314758e-02 -8.960390191119274039e-01 4.351239999999998997e-01
