8.455967447233507794e-01 4.794978552447053954e-01 2.346229999999999150e-01
-9.885464715606179231e-01 -7.665003656392361565e-03 -1.507220000000000781e-01
-1.408231671002450058e-01 -4.661275531052164189e-01 8.734380000000000477e-01
3.723670663633494859e-01 7.715731375099530442e-01 5.157690000000000330e-01
-5.674677886626028345e-01 8.217676939557648774e-01 -5.175099999999994288e-02
1.167967869623613292e-01 2.393935633455270828e-01 9.638719999999999510e-01
-6.977938916497582467e-01 -6.812418942198764649e-01 -2.213440000000000407e-01
-9.258479610228467216e-01 2.139789909917260147e-01 -3.114779999999999771e-01
-8.430603924279264083e-01 -4.453302072923981392e-02 5.359720000000000040e-01
-9.872604176899177353e-02 8.036623400132839601e-01 5.868389999999999995e-01
7.074018302700206817e-01 -5.885838587785302556e-01 -3.913460000000000272e-01
6.660656885460009002e-01 -6.917396765407791692e-01 2.790210000000000190e-01
8.371340924776917714e-01 -3.709470409782930078e-01 -4.020009999999998862e-01
9.208824754534066237e-01 3.685801902986664963e-02 3.880940000000000500e-01
-4.790665117071747914e-01 -6.002293882108296341e-02 8.757239999999999469e-01
-2.464510923938659781e-01 -3.309487812139881580e-02 9.685899999999999510e-01
6.642526177927046138e-01 -3.353968070145257885e-01 6.680399999999999672e-01
-3.409460903339194826e-01 9.390912488129227187e-01 -4.316699999999996928e-02
-1.586879867714928449e-01 -9.839499179762203340e-01 8.161300000000001886e-02
2.388319921692656500e-01 4.417669855155086922e-01 8.647550000000000514e-01
-1.369071554227037357e-01 2.090407104323547816e-01 9.682760000000000256e-01
-0.000000000000000000e+00 0.000000000000000000e+00 1.000000000000000000e+00
-7.500110708830081130e-01 -4.789520452654142391e-01 4.561670000000000447e-01
-1.682559906631806712e-01 -6.703129628031607723e-01 7.227519999999999500e-01
-5.693410187953032997e-01 -8.208960270997331943e-01 -4.450300000000007028e-02
8.573066946048022441e-01 2.631589062558746250e-01 -4.424620000000000775e-01
5.921169952376602597e-01 1.475649988131489676e-01 7.922259999999999858e-01
4.858919863408995843e-01 -7.194119797763275370e-01 4.963420000000000054e-01
-1.799609038802629513e-01 9.720574808099563535e-01 1.507259999999999711e-01
8.561723070812612413e-01 2.743847779344734117e-01 4.378150000000000652e-01
-1.402000479970700979e-02 4.469761530209594991e-01 8.944360000000000088e-01
-2.067049823415327281e-01 -9.301379205398447869e-01 3.035069999999999713e-01
-7.565700998703908664e-02 9.931501310999365506e-01 -8.904399999999990101e-02
2.610609966809419591e-01 -8.369849893588015011e-01 4.809400000000000341e-01
-3.666630995482881294e-01 -5.009561360085751369e-01 7.839650000000000230e-01
8.081818169654950701e-01 -3.579299189371449308e-01 4.676839999999998776e-01
-1.413241550087956933e-01 6.307916918722454858e-01 7.629740000000000411e-01
-6.012179829780130991e-01 -6.703449810208542692e-01 4.349419999999999398e-01
7.421014162304120365e-01 4.943442772681977404e-01 4.526689999999999325e-01
-4.556495846381996423e-02 8.004142703570384931e-01 -5.977129999999999388e-01
3.126324438867687516e-01 -4.770786773734354558e-01 8.213749999999999662e-01
5.500275254261525193e-01 5.510895264406528993e-01 6.275110000000000410e-01
5.083074366882875950e-01 -5.301244554313473412e-01 6.786689999999999667e-01
-8.322536554278769927e-01 4.867397984785472032e-01 -2.654020000000000823e-01
-8.239052439899064995e-01 5.363121588225765457e-01 1.831649999999999945e-01
9.460611001533758557e-01 2.496090264244948120e-01 2.065519999999999023e-01
6.890645579760987793e-01 3.325147866970786237e-01 6.439129999999999576e-01
2.454983861649930044e-01 -2.312403637373542098e-01 9.414130000000000553e-01
6.596767848679061519e-01 -9.717196831052798967e-02 7.452410000000000423e-01
-1.905329781061385341e-01 -8.275929049025286810e-01 5.280029999999998891e-01
-7.546874664422322798e-01 6.541124042807967554e-01 -5.083100000000000812e-02
-4.378381979736199470e-01 8.818743987497387193e-01 1.749149999999999594e-01
6.146461114122178104e-01 7.631991383392932038e-01 -1.993419999999999914e-01
-3.698088165908295921e-01 5.701667172219806456e-01 7.335880000000000178e-01
-9.215334474848057011e-01 1.336320648900143071e-01 3.645799999999999597e-01
7.641897145671771030e-01 6.449697590970731031e-01 -5.299999999999906349e-03
1.987099608571697013e-02 -9.294078169208398466e-01 3.685189999999999855e-01
9.458896964789939577e-02 -4.155318666624123192e-01 9.046469999999999789e-01
-2.696630542898353355e-01 8.889871789750835029e-01 3.701130000000000253e-01
-4.486425121253138221e-02 -2.286642803809526558e-01 9.724709999999999743e-01
4.687368545096035066e-01 8.396697393764067652e-01 2.742999999999999328e-01
-7.094222205725064789e-01 -2.924530909290818936e-01 6.412419999999999787e-01
-9.008720626573223367e-01 -4.340540301892627517e-01 -5.160000000000010065e-03
-6.149014680167762537e-01 1.580091202646651538e-01 7.726119999999999655e-01
-5.124912339588223453e-01 7.680613506298592519e-01 3.839719999999999800e-01
5.850185566591067365e-01 6.869604794051076269e-01 4.310900000000000287e-01
-2.310499494845142526e-02 9.251597977281720286e-01 3.788739999999999331e-01
-5.200621714380456728e-01 -2.945850971097229154e-01 8.017199999999999882e-01
-4.641389557333570615e-01 8.406329198257399549e-01 -2.791260000000000407e-01
9.541832879520456556e-01 1.015410306429046366e-01 -2.814670000000000782e-01
-9.697300924656104826e-02 -6.469770616904949589e-01 -7.563179999999999348e-01
4.749690936127823337e-01 3.866950762146474929e-01 7.904879999999999685e-01
-7.866141766260263957e-01 1.812070406881548246e-01 5.902560000000000029e-01
-8.925868946955611838e-01 4.490369470241118433e-01 -4.067499999999995425e-02
-2.975083059376309458e-01 -2.705012781654109744e-01 9.155969999999999942e-01
6.819201112555725586e-02 9.860081608676735110e-01 1.521109999999999685e-01
-5.520990133335208494e-01 6.006160145052351629e-01 5.783139999999999947e-01
7.242005242195272141e-02 -6.262294533022234599e-01 7.762679999999999580e-01
2.922049418094473383e-01 -6.811868643464416007e-01 6.712679999999999758e-01
-3.891981022292793635e-01 1.763185932825221403e-01 9.041219999999999812e-01
-3.251721522137994702e-01 -9.401094400672963536e-01 -1.022609999999999908e-01
9.923641027992349262e-01 -6.481900671461642005e-02 -1.049380000000000868e-01
3.316010120592113863e-01 6.213030225946971630e-01 7.099459999999999660e-01
2.360320732830816226e-01 -9.357292905246099579e-01 2.621059999999999501e-01
6.729130570468291328e-01 -5.569290472141770199e-01 4.868449999999999722e-01
4.576170639691357622e-01 -5.183800724630435036e-02 8.876370000000000093e-01
-6.830486507259995177e-01 -6.797306475650070900e-02 7.272030000000000438e-01
-2.607965035653834196e-01 4.009582367629712096e-01 8.781900000000000261e-01
2.317179698356443551e-01 1.976991210755565335e-03 9.727810000000000068e-01
-9.691711978409810468e-01 2.324790474569227439e-01 -8.161299999999990784e-02
7.817448425442440341e-01 1.027089793127896611e-01 6.150820000000000176e-01
-3.342902465205951357e-01 7.526635550478046888e-01 5.672279999999999545e-01
2.285680070845752809e-01 9.105730282236486062e-01 3.444030000000000147e-01
-3.966992341198219973e-01 -6.910554078398828404e-01 6.042119999999999713e-01
9.813189236116356406e-01 1.886099853181183450e-01 -3.794000000000000150e-02
-9.059467901817740421e-01 -3.595279167329576420e-01 2.236070000000001112e-01
4.769311437019158051e-01 -2.917190878965283951e-01 8.291180000000000216e-01
8.233282629777910477e-01 -1.308460417932974795e-01 5.522770000000000179e-01
7.831711349926622212e-01 5.757380992381043727e-01 -2.348800000000000332e-01
4.187748396533008122e-01 8.238286845602987851e-01 -3.820129999999999915e-01
1.409420728303869275e-01 8.097314184204994492e-01 5.696229999999999905e-01
-4.089209225486084565e-01 -9.023478290914180855e-01 1.362060000000000215e-01
-6.559731972360149932e-01 7.343352207976682200e-01 1.745019999999999349e-01
-6.876408411293415401e-01 3.998759076137644031e-01 6.060109999999999664e-01
-5.723781324021781636e-01 -5.087661176874839208e-01 6.430709999999999482e-01
9.363835973408050073e-01 -3.039948692775806260e-01 -1.754219999999998836e-01
-5.079315400761308386e-01 3.735516617549571317e-01 7.761860000000000426e-01
3.662375882918708081e-01 2.024197724486276051e-01 9.082379999999999898e-01
