8.301691020523486175e-01 4.929990606041732004e-01 2.603289999999999771e-01
-6.377749724280836752e-01 -5.781379750062756173e-01 -5.089200000000000390e-01
-6.484703993414085710e-02 9.508845855742850128e-01 3.026769999999998628e-01
5.540433536596539588e-02 -4.451925180925260517e-02 9.974709999999999965e-01
-5.957795145053678132e-01 8.269893260948568692e-02 7.988790000000000058e-01
-6.856737601269248250e-01 7.160847494880785424e-01 1.306680000000000619e-01
-3.051699765564029956e-02 -9.975009233705428580e-01 6.372300000000001574e-02
-8.892409563966714448e-01 4.573649775734178746e-01 8.233999999999968775e-03
-2.767147059460425274e-01 -5.235213355915211558e-02 9.595249999999999613e-01
4.593489530014908673e-01 8.447829135656297339e-01 2.744820000000000038e-01
-5.903429442353270717e-01 2.688009746086600926e-01 7.610789999999999500e-01
-7.083786980190822646e-01 3.356548569107708491e-01 6.209149999999999947e-01
2.362696883616159926e-01 4.044694665070589501e-01 8.835049999999999848e-01
8.718896095591610607e-02 9.096235926615073852e-01 4.061810000000000143e-01
9.603986432941552520e-01 -1.832009319565436334e-01 -2.099329999999999530e-01
7.231561942157428424e-01 -3.034766618479955991e-01 6.204410000000000203e-01
-2.810667769877032707e-01 3.322787363535990024e-01 9.003290000000000459e-01
2.557679861179537606e-01 7.227809607703886696e-01 6.420050000000000479e-01
2.254541902791571684e-01 5.724934831738870411e-01 7.883029999999999760e-01
8.680645739273340489e-01 4.834867626898963766e-01 -1.127139999999999531e-01
-9.065226992580937004e-01 -1.005119666548221491e-01 4.100169999999999093e-01
-3.621440038492141356e-01 9.304320098895245694e-01 5.610700000000003879e-02
-3.322500351952677178e-02 -9.631951020313213041e-01 2.667419999999999236e-01
-4.089731616551937066e-01 7.098482805823754793e-01 5.734599999999999698e-01
7.175171046789748930e-01 -6.661590971863260435e-01 2.034730000000000982e-01
7.565929531601184310e-01 6.380329605000439885e-01 1.431120000000000170e-01
2.199509270504669267e-01 -9.259686928906615266e-01 3.069259999999999211e-01
8.789561631574857037e-01 3.224910598628609182e-01 3.513340000000000907e-01
4.716521738035506783e-01 -7.705802839583848485e-01 4.286610000000000698e-01
-5.695924971675806470e-01 6.987843831178540688e-01 4.327409999999998758e-01
-4.441384642595481158e-01 2.149607407043667706e-01 8.697890000000000343e-01
2.293910351224764388e-01 8.333591275971236056e-01 5.028839999999998867e-01
6.636841530546837564e-01 7.257971673787980693e-01 -1.809469999999998857e-01
2.012989724457414920e-01 9.673068675928484517e-01 -1.542600000000000360e-01
2.239705276988344096e-01 3.276493090646694778e-02 9.740450000000000497e-01
7.720101392804363805e-01 4.567730824076667862e-01 4.419940000000000535e-01
-5.332291269587302596e-01 -7.897191880275102882e-01 3.033320000000000460e-01
-7.260783565214405932e-01 1.451468713652613873e-01 6.721179999999999932e-01
2.792479389258048506e-01 9.017748027732256366e-01 3.298830000000000928e-01
6.512197017852731085e-01 -1.429609345335285109e-01 7.453020000000000200e-01
9.314958856652920671e-01 -1.976429757406852339e-01 3.053730000000001166e-01
-7.424319984499766489e-01 -3.660289992358173872e-01 5.610859999999999737e-01
-5.203177421002407321e-01 -7.032056514503473021e-01 4.845320000000000737e-01
1.078103143201440163e-02 -2.537757398812224285e-01 9.672030000000000349e-01
-5.328390109309900646e-01 8.413170172592993046e-01 9.093000000000002470e-02
-7.672083793876316449e-01 5.427992684164230086e-01 -3.417019999999999502e-01
-6.464740616049122757e-01 -5.471370521387197705e-01 5.317069999999999297e-01
-4.751038584822652178e-01 -6.769907983468191892e-01 -5.621030000000000193e-01
4.067854753059766404e-01 2.793713264297011389e-01 8.697570000000000023e-01
7.107757954274921408e-01 6.199408215712333137e-01 3.323719999999999453e-01
2.959319258941341402e-01 -8.386527899885558579e-01 4.572590000000000265e-01
-3.026670174611051367e-01 -6.046750348841921641e-01 7.367230000000000167e-01
1.418619463501416822e-01 -3.758928578434944656e-01 9.157399999999999984e-01
-1.028829147545309436e-01 -5.893595116756934482e-01 8.012930000000000330e-01
6.194117494061025520e-01 7.568286938116653983e-01 2.086610000000000964e-01
6.176798555040395600e-02 5.142668796957908794e-01 8.554030000000000244e-01
-9.637607109167384278e-02 7.504375535592101576e-01 6.538770000000000415e-01
-1.643939315994530359e-01 -7.194147006680321477e-01 6.748459999999999459e-01
-3.569068602676903068e-01 -3.330958695899115529e-01 8.727340000000000098e-01
-8.580186776516272040e-01 -2.879738918113114998e-01 4.252940000000001164e-01
-9.157091803374587391e-01 9.614201893396716325e-02 3.901710000000001011e-01
5.610403266018018087e-01 3.424111993299043810e-01 7.536500000000000421e-01
-6.478231516372351395e-01 -7.615581782594157412e-01 -1.882299999999994741e-02
-2.020199060435147465e-02 9.924755384142329717e-01 1.207649999999999557e-01
8.878627435615077390e-01 -4.939798573254135239e-02 4.574490000000000500e-01
-9.803288361572146670e-01 1.523989745294932474e-01 -1.254190000000000305e-01
4.971470685959666902e-01 8.635481191516991561e-01 8.443600000000008043e-02
1.818420784930397938e-01 9.823974240567465710e-01 4.276400000000000340e-02
9.954395916769601671e-01 -7.490496927445421116e-02 -5.906999999999990730e-02
-8.285236385796670433e-01 2.030839114103067944e-01 5.218289999999998763e-01
6.980963672791812291e-01 2.233731175200151797e-01 6.802690000000000126e-01
-8.356399275556028461e-02 8.702449245555810009e-01 4.854799999999999671e-01
9.534842571661319433e-01 1.734170467726559861e-01 2.465650000000000064e-01
-6.782714023236535716e-01 -2.378907903763920750e-01 6.952380000000000226e-01
-9.214938934705755313e-01 -3.535489591279253885e-01 -1.607860000000001233e-01
-3.579342056240609748e-01 -7.204014138522164545e-01 5.940579999999999750e-01
-9.623879334956740861e-01 2.694069813830481386e-01 3.506199999999989880e-02
6.851080536400023790e-01 3.919900306905545889e-02 7.273859999999999770e-01
-7.152966681932112492e-01 -4.645697844986337866e-02 6.972749999999999782e-01
2.695590443306835060e-01 -4.906560806914845307e-01 8.286099999999999577e-01
-5.255332588484386003e-01 -8.438804156485325558e-01 1.080770000000000203e-01
4.011735816438785629e-01 4.502675304472023021e-01 7.976959999999999607e-01
5.321552670771366733e-01 -2.505401257406315862e-02 8.462760000000000282e-01
5.909463559157828172e-01 -3.173031911056943821e-01 7.416880000000000139e-01
-5.286667004461895747e-01 -2.937848335352571394e-01 7.963679999999999648e-01
6.519383643927910421e-02 3.383841510492601734e-01 9.387469999999999981e-01
6.867785014718734704e-01 4.024852938866809726e-01 6.052610000000000490e-01
3.283578597316468284e-01 9.324096016920097041e-01 1.509750000000000258e-01
-4.043443280675227403e-01 -1.636711327956877071e-01 8.998429999999999485e-01
8.709225120656628460e-01 -3.759842210628462911e-01 3.164330000000001308e-01
7.788529704806694820e-01 -6.267429762457952247e-01 2.410999999999993357e-02
-7.778838435865190748e-01 -5.781088837563940208e-01 2.463469999999999271e-01
-1.118610485935012389e-01 6.974915969789481640e-02 9.912729999999999597e-01
2.376833037847901897e-01 2.240282863322112517e-01 9.451549999999999674e-01
4.819074262329628433e-01 -2.111477486039609608e-01 8.504009999999999625e-01
-6.015193676993710881e-01 -4.262262605454394393e-01 6.756520000000000303e-01
7.790505155612494070e-02 6.777054484929551093e-01 7.311950000000000394e-01
-4.427479550217649495e-01 2.711605849022168460e-02 8.962360000000000326e-01
-9.886086238311151408e-01 -1.170439554643836338e-01 9.462399999999990263e-02
3.579160220324706376e-01 -9.603627423245840455e-02 9.288020000000000165e-01
9.058731878694822326e-01 -3.826390793557052361e-01 -1.816070000000000739e-01
5.446166632341485903e-01 5.120486833726867193e-01 6.642280000000000406e-01
-2.170799638321996641e-02 -8.106178649425549443e-01 5.851730000000000542e-01
3.168622890964777339e-01 -2.996632734045667212e-01 8.998890000000000500e-01
-1.150865386416897868e-01 -1.221794485765701488e-01 9.858130000000000503e-01
4.038421692505450022e-01 -8.704513648067960796e-01 2.814709999999999712e-01
4.093823969318050593e-01 -5.742045567412104035e-01 7.090100000000000291e-01
-8.143598067651676153e-01 4.852978848464095663e-01 3.182829999999999271e-01
4.834681824392800253e-01 -8.702973284113075803e-01 9.402699999999990232e-02
-8.427109626397207842e-01 5.112799773331976327e-01 -1.686150000000000704e-01
1.879453697030906700e-01 -1.767604072131782889e-01 9.661429999999999740e-01
1.025209401851123470e-01 -8.932114788640821423e-01 4.377930000000000987e-01
8.922687451402343539e-01 -2.883169176477015094e-01 -3.474619999999999376e-01
-5.735813366513881073e-02 -4.198569784181895304e-01 9.057760000000000256e-01
8.060932074776026024e-01 2.731420703031130492e-01 5.249829999999999774e-01
-7.707605430716134576e-01 -6.352276234193151572e-01 4.913300000000010020e-02
-1.727750371664463214e-01 9.849102118686420271e-01 1.003299999999992739e-02
-8.793320739282389775e-01 -3.911040328813575884e-01 2.716849999999999543e-01
6.872704605049388682e-02 8.051665395010980664e-01 5.890530000000000488e-01
8.251594048432420170e-02 -5.427316085478968155e-01 8.358430000000000026e-01
-2.329310699717900002e-01 -9.141192745986691515e-01 3.318570000000000131e-01
-5.550208384783259508e-01 5.930608274079617326e-01 5.832929999999999504e-01
-1.071809499452201081e-01 4.350177968415087637e-01 8.940200000000000369e-01
5.792509573104368537e-01 -4.774069648161225476e-01 6.607199999999999740e-01
-3.971317933164879577e-01 -7.965595854380449481e-01 -4.558280000000001775e-01
-2.207349489676761201e-01 -8.239948094983593485e-01 5.218319999999998515e-01
-2.188279524878631033e-01 9.570227922102845231e-01 1.903200000000000169e-01
-4.914256555719379027e-01 -5.912065856379571382e-01 6.395119999999999694e-01
-9.429690226884349658e-01 -3.227610077658354948e-01 8.145399999999988760e-02
-2.439749096461104882e-01 8.960086681713365087e-01 3.710050000000000847e-01
-4.326285947653518149e-01 -4.701906464045802481e-01 7.692550000000000221e-01
-1.117830837375344832e-01 2.562021919229561240e-01 9.601380000000000470e-01
-6.687296802780273719e-01 5.345427444332653266e-01 -5.167830000000002144e-01
9.310493485982547224e-01 -3.358211257362549995e-01 1.427279999999999105e-01
8.492853030748799270e-01 -2.301350821257145962e-01 4.751340000000001118e-01
-9.571503288723114122e-02 6.066772084514105989e-01 7.891650000000000054e-01
-9.692874723536766268e-01 -1.091799405662441033e-02 2.456880000000000452e-01
-6.927211912267627891e-01 5.348081476346211449e-01 4.838570000000000371e-01
6.613825952033198785e-01 6.522876007698762413e-01 -3.702619999999999800e-01
-1.989515800282737334e-01 -2.760394173016842978e-01 9.403299999999999992e-01
1.320489908364149700e-01 9.650319330312776556e-01 2.264430000000001164e-01
-5.719668970881420789e-01 -1.076819806251853445e-01 8.131779999999999564e-01
-4.135919153862789299e-01 8.120078338773026871e-01 4.118069999999999231e-01
6.299170837123871936e-01 -6.732680894734885957e-01 3.871879999999999211e-01
9.588259698650072327e-01 -1.356799957357061361e-02 2.836700000000000887e-01
-3.853520151641846025e-01 -8.944590351983158216e-01 2.268190000000000761e-01
3.504699012850587825e-01 -7.217937966962871821e-01 5.968120000000000092e-01
-7.695201905882617655e-02 -8.998462228663128837e-01 4.293659999999999699e-01
-7.031137748269227217e-01 6.400627950190789228e-01 3.097590000000000621e-01
-9.435351043502135937e-01 -2.131980235786239686e-01 2.535510000000000819e-01
-2.595492724970172027e-01 6.684467017924983212e-01 6.970030000000000392e-01
-6.420949790434189453e-01 7.647679750396400022e-01 -5.332899999999998059e-02
-4.379248458060714944e-01 3.964748604006671506e-01 8.068640000000000256e-01
-2.656148736510578479e-01 5.090287578627877840e-01 8.187419999999999698e-01
8.964612680703309966e-01 1.358818890571298343e-01 4.217740000000000378e-01
-8.104085909084323136e-01 5.660357142670496833e-01 1.511339999999998795e-01
1.667779357850530664e-01 -7.858036974399373875e-01 5.955650000000000110e-01
-3.977031587688787395e-01 8.860853537381464529e-01 2.380859999999999643e-01
-4.169079520988904775e-01 5.620959354173531430e-01 7.143080000000000540e-01
3.809499446649360771e-02 -6.925398994047907708e-01 7.203730000000000411e-01
2.243258864366952376e-01 -6.476096721524400301e-01 7.282030000000000447e-01
-2.833639474681787229e-01 1.440374649848129296e-01 9.481340000000000323e-01
3.089249692806557701e-01 -9.425149062767897989e-01 1.274009999999999310e-01
3.962008027636101937e-01 9.618419488393509242e-02 9.131120000000000347e-01
-8.046663599239103348e-01 -1.733310775302688844e-01 5.678630000000000067e-01
-9.744124595127788835e-01 -2.166011021446036522e-01 -6.003599999999996439e-02
1.189660315872670682e-01 -9.779862596700310551e-01 1.714349999999998930e-01
-8.326748289492382771e-01 1.443799703410000683e-02 5.535740000000000105e-01
-9.944522561781690140e-01 -3.378700870378038845e-02 -9.961500000000006461e-02
7.816751438702789212e-01 -1.099540202374550135e-01 6.139170000000000460e-01
-5.818072109520139312e-01 4.460511617295025433e-01 6.801019999999999843e-01
-2.334537088895890511e-01 -4.667964179175918549e-01 8.529949999999999477e-01
5.705311225613307613e-01 -7.844681685192252951e-01 2.431130000000000513e-01
-8.671451238085050583e-01 -4.937220704922278824e-01 -6.555800000000006067e-02
7.796396972053741825e-01 -4.017448439712855146e-01 4.803780000000000272e-01
5.581908258145898971e-01 1.622199493786943558e-01 8.136999999999999789e-01
5.199601410039976779e-01 -6.432551744394310322e-01 5.620180000000000176e-01
6.264755544958436340e-02 1.530609138715407214e-01 9.862290000000000223e-01
-7.924731655472279090e-01 3.859540806256047119e-01 4.722560000000000646e-01
8.063895378009677817e-01 8.252105503531627362e-02 5.855989999999999807e-01
-7.763507372886684355e-01 -4.787398379979891927e-01 4.099849999999999328e-01
5.661079956082993858e-01 7.248379943769184264e-01 3.925959999999999450e-01
-3.833092853731981942e-01 -8.235246131128612923e-01 4.181880000000001152e-01
-5.618106034057034348e-01 7.828634473597035903e-01 2.673830000000000928e-01
3.818630355972726931e-01 6.067030565568597433e-01 6.972030000000000172e-01
-2.506481774879344426e-01 8.022475680841774093e-01 5.418250000000000011e-01
4.381211654346248707e-01 -4.095541546477168837e-01 8.001970000000000471e-01
-3.578011467778943744e-01 -9.328883826913183519e-01 4.120200000000009966e-02
