5.377187710003192844e-01 -2.663638865629242014e-01 7.999429999999999596e-01
5.582719472460980770e-01 7.542179287301846724e-01 3.456699999999999773e-01
3.001093407550615294e-02 7.152807607447379812e-02 9.969869999999999566e-01
-2.583032026788398827e-01 -6.698205255778696965e-02 9.637390000000000123e-01
7.152368770590364910e-01 6.126098946994302380e-02 6.961920000000000330e-01
3.834125805690153377e-01 -2.496467269010518020e-01 8.891970000000000152e-01
-3.421082042534163148e-01 1.043993674957028883e-01 9.338429999999999787e-01
-1.922630867266080790e-01 5.557252506782077717e-01 8.088290000000000202e-01
7.298265656285954917e-01 -6.310496244177390412e-01 2.629249999999999643e-01
5.774609321156221053e-01 5.855189172141873899e-02 8.143160000000000398e-01
-2.026420178059265276e-01 8.059010708136220558e-01 5.562909999999999799e-01
9.536469396432906143e-02 -3.756327945535237745e-01 9.218490000000000295e-01
5.798523179224310820e-01 -4.256392333702145314e-01 6.946959999999999802e-01
-8.897547841393491641e-01 -2.946299285207462093e-01 3.486109999999999487e-01
4.314373438257611548e-01 7.741376169342062408e-01 4.632199999999999651e-01
-3.255640335321889345e-01 -8.516810877207804387e-01 4.106669999999999487e-01
1.297500857285308618e-01 8.483775605403758302e-01 5.132449999999999513e-01
4.460058904242435451e-01 5.231918714610136467e-01 7.261879999999999447e-01
4.978545670575431625e-01 2.157488123813115777e-01 8.399959999999999649e-01
1.704990467849288038e-01 -8.851592428876460250e-01 4.329240000000000310e-01
9.282930337557544487e-01 -3.151800114609705217e-01 -1.973159999999999914e-01
-3.482401880287693263e-01 -5.232852825425987620e-01 7.777539999999999454e-01
1.902339964531871153e-01 -7.870669853255494175e-01 5.868020000000000458e-01
1.326780959983118457e-01 6.211884494565740322e-01 7.723480000000000345e-01
8.333896707596547548e-01 5.521387818711109841e-01 2.458499999999996452e-02
-5.883698763090024209e-02 9.554227991447143964e-01 2.893190000000000484e-01
6.023470618045804192e-01 -5.672140581997142661e-01 5.616459999999999786e-01
-2.769698787301535375e-02 -9.797025710422333500e-01 1.985339999999998772e-01
9.556715076123069030e-01 1.535479208879767243e-01 2.512269999999999781e-01
-5.081828946935357250e-01 7.680558408422520911e-01 3.896670000000000411e-01
-6.611400822010468081e-01 -4.468640555596221642e-01 6.026660000000000350e-01
4.037772739598511906e-01 3.661412484240901821e-01 8.383939999999999726e-01
-9.929909912634775626e-01 -4.422999961085605919e-02 1.096019999999998940e-01
-3.405068428871318997e-01 -9.087305807036748506e-01 2.413789999999999825e-01
-7.377103157826998547e-01 -6.122202620656959082e-01 2.845520000000000271e-01
2.961211478425966326e-01 6.505163247793117609e-01 6.993859999999999522e-01
-9.578888114938381992e-01 -1.710089663465700904e-01 2.306620000000000337e-01
8.667504495090738725e-01 -9.255394121710019961e-02 4.900789999999999313e-01
6.864242073119783960e-01 -7.238842186255494138e-01 -6.937900000000001011e-02
7.855999020036588121e-01 -2.609479674491481105e-01 5.610159999999999592e-01
7.057203999643754111e-01 -4.217462390230906077e-01 5.692880000000000162e-01
-6.613511105340573459e-02 2.238723759242163824e-01 9.723720000000000141e-01
-1.663201964175655412e-01 8.338309579058861276e-02 9.825399999999999689e-01
-4.129399072104472657e-01 2.712129390571682563e-01 8.694389999999999619e-01
-7.548379528785477133e-01 3.928739754744813295e-01 5.252330000000000609e-01
3.735300061113860925e-01 -9.185580150286795087e-01 -1.293310000000000848e-01
3.570003130102064625e-04 -5.252854605590911996e-01 8.509259999999999602e-01
8.294279148899472709e-01 -5.496359436002293819e-01 9.974799999999990618e-02
-2.476949584105101188e-01 9.686118373641814383e-01 2.093600000000008649e-02
7.191334220452677561e-01 -6.879604037504361003e-01 9.776300000000001655e-02
2.185430320185933750e-01 9.739971426996694159e-01 5.973699999999992905e-02
-9.245009807651309863e-01 1.919829960056636531e-01 3.293030000000000679e-01
-5.753359598573398737e-01 2.717144533127258677e-01 7.714659999999999851e-01
-1.393699740802345488e-01 3.949239265527915710e-01 9.080810000000000271e-01
4.710397297041956644e-01 -7.970525426289023496e-01 3.779270000000000684e-01
5.539047274554154132e-01 3.759398150216893830e-01 7.428719999999999768e-01
-5.458328361218683922e-01 8.347367493827965168e-01 7.267100000000004112e-02
-4.938880607349784291e-01 -8.538711050032330441e-01 1.642520000000000369e-01
-6.064471990689425107e-01 -6.897722264207470921e-01 3.955200000000000382e-01
9.630267641435160675e-01 -2.682309343071164753e-01 -2.513200000000009177e-02
-3.772859028995822483e-01 -9.166597640832977456e-01 -1.318720000000000170e-01
-8.373483490224142844e-01 2.351418171942983026e-01 4.935140000000000637e-01
-9.713362265092141401e-01 -2.298040535887927449e-01 6.079499999999991161e-02
-9.133734581557596544e-01 -1.075100539279414957e-01 3.926709999999998812e-01
-2.041972075726447566e-01 6.924077038533975603e-01 6.920079999999999565e-01
-2.876594156832539342e-02 5.260209315043343770e-01 8.499849999999999905e-01
-6.608939470133509131e-01 1.168099906348513684e-01 7.413330000000000197e-01
1.967900503557339364e-01 -8.951152290470695272e-01 -4.000530000000000475e-01
-2.879678961533020387e-01 9.448556592670867005e-01 -1.559559999999999835e-01
-1.920480330434653493e-01 -9.725831673410434419e-01 1.311469999999999581e-01
-8.859079972473088427e-01 -4.329269986548103799e-01 -1.665570000000000661e-01
-3.647831182572277564e-01 6.922412244142452931e-01 6.226840000000000153e-01
-4.594227883143718327e-01 -7.370306604025697039e-01 4.956979999999999720e-01
3.342738286134579462e-01 -8.048085873641634969e-01 4.904530000000000278e-01
-2.444063584796739019e-01 2.536973340926254039e-01 9.358969999999999789e-01
-7.460217509083297838e-01 -6.563487808495341858e-01 1.125070000000000930e-01
-3.601391883274869810e-01 7.983914175026050053e-01 4.825669999999999682e-01
5.417301998343278246e-02 9.984513683103821702e-01 -1.265499999999996315e-02
-7.822668516347097700e-01 -3.932369254184034379e-01 4.831390000000000406e-01
-7.047028753296764592e-01 -5.485289029587104848e-01 4.500110000000000499e-01
8.991856283237742442e-01 3.145468699828046777e-01 3.041800000000000614e-01
-6.486217865139174421e-01 5.395598224103552720e-01 5.368100000000001204e-01
8.759623768847540903e-01 -2.470821063076238944e-01 4.142950000000000244e-01
-6.486390153806230741e-01 6.506370154280002316e-01 3.948909999999999920e-01
-2.652954461643811102e-01 -3.804182058320052517e-01 8.859460000000000113e-01
8.106154451546523365e-01 -4.057872228406468329e-01 4.221840000000000037e-01
5.842899207011134077e-01 5.225739290771083123e-01 6.209040000000000115e-01
5.088325578353961598e-01 5.038025622063547759e-01 -6.980490000000001416e-01
4.882349953002318443e-01 -1.020507899978370242e-01 8.667249999999999677e-01
3.078856717176575719e-01 -4.178315544881297527e-01 -8.547649999999998860e-01
-6.291680459739893427e-01 7.404290541039512119e-01 2.364579999999999738e-01
1.453698399157609712e-02 -2.273097496818574925e-01 9.737139999999999684e-01
-7.648753844598995544e-01 5.130135871478657128e-01 3.895930000000000226e-01
8.147750360823635685e-01 4.682050207344886639e-01 3.419439999999999702e-01
4.361852383591903748e-01 -4.163112274987743611e-01 7.977640000000000287e-01
9.683224288469205465e-01 -2.056330910699941117e-01 1.416569999999998941e-01
-8.264145661985142777e-01 -7.095104861044301825e-02 5.585740000000000149e-01
6.033121168116043487e-01 -6.809831318500489949e-01 4.150619999999999310e-01
-3.476540462354365535e-01 -9.355851244259545396e-01 6.178300000000008091e-02
8.498178018802491351e-01 -4.759398890431665863e-01 -2.264750000000000096e-01
5.814971101121759745e-01 6.486991228375355023e-01 4.909689999999998777e-01
8.029395592038477414e-01 -5.921886749014463325e-01 -6.782800000000001328e-02
2.054253255839769421e-01 -2.352412276976911520e-01 9.499800000000000466e-01
7.103834847731075319e-01 4.994153408062432242e-01 4.959230000000000582e-01
7.008766478624455232e-01 6.141456914381974164e-01 3.627629999999999466e-01
-9.777476491002690118e-01 1.422399489521044003e-01 1.541990000000000860e-01
-8.486002551480570366e-02 9.912352980340372044e-01 1.012489999999999363e-01
6.884512549360279898e-01 3.707471372890264738e-01 6.233630000000000004e-01
9.169647821675114274e-01 3.987929052634816007e-01 -1.182399999999994393e-02
-4.926577365909230455e-01 -8.701445347602366764e-01 -1.169799999999992027e-02
6.363211588184889411e-01 -1.041520259951553701e-01 7.643609999999999571e-01
-4.826561094271082375e-01 -8.098251836024162875e-01 3.335059999999999691e-01
9.081524010972660266e-01 -3.252141436350372006e-01 2.636189999999999367e-01
2.191629558842795866e-01 -9.518508084001742198e-01 -2.143539999999999890e-01
8.081873930791820815e-01 3.474321689810482283e-01 4.755249999999999755e-01
-1.786318633250225385e-01 -5.267855969453137943e-01 8.310159999999999769e-01
-4.083172746174368872e-01 -6.445304334847103966e-01 6.464189999999999658e-01
-4.321976807247076002e-01 -3.717017254145906779e-01 8.216099999999999515e-01
-5.060403424435471198e-01 1.216278419549477324e-01 8.538909999999999556e-01
-5.238996389002158714e-03 -9.299253590454644725e-01 3.677109999999999546e-01
6.041989108991555613e-01 -7.554808885896945325e-01 2.533620000000000316e-01
-5.840320447557018069e-01 8.066890618184147099e-01 -9.032900000000002039e-02
9.924113006150196981e-01 1.052540318828925486e-01 6.357200000000003126e-02
3.232629921707174114e-01 -6.887019833199513608e-01 6.489920000000000133e-01
7.628016352586205473e-01 -9.975308307403002450e-02 6.388920000000000154e-01
3.914301247341354928e-02 -7.487082385853024435e-01 6.617429999999999701e-01
-2.803130907550028805e-01 -8.683102811267280341e-01 -4.092210000000000569e-01
-2.467840076597154486e-01 -9.374930290980352243e-01 -2.453659999999999453e-01
8.449750019698669679e-01 5.127880011954485395e-01 -1.518739999999999257e-01
7.210710363860011185e-01 6.900230348192865071e-01 6.264800000000002311e-02
-7.497357927133868616e-01 6.182738290599314457e-01 2.358680000000001054e-01
4.703596492119638262e-01 -6.968944802652682347e-01 5.413869999999999516e-01
-7.178371389019876370e-01 2.624320507807851310e-01 6.448559999999999848e-01
2.961600129910725299e-01 5.079680222820406321e-01 8.088619999999999699e-01
-8.582299361674506910e-01 3.591069732907084533e-01 3.667199999999999349e-01
1.221438892505475049e-01 -8.132459464239538693e-02 9.891750000000000265e-01
1.580860984192807572e-01 -6.566334087986762658e-01 7.374560000000000004e-01
3.157699232446714022e-01 -8.907077834924618243e-01 3.269999999999999574e-01
2.785009798306241069e-01 -3.905049717191603764e-01 8.774640000000000217e-01
9.261849736643237296e-01 3.209599908736390089e-02 3.757009999999999517e-01
1.070370364868495072e-01 9.290563166972779507e-01 3.541149999999999576e-01
2.292584576333626112e-01 6.162258542589506977e-02 9.714129999999999709e-01
-8.738702843479015381e-02 -3.817891242300351928e-01 9.201089999999999547e-01
-9.171529407032589232e-01 -3.524949772101221290e-01 1.859510000000001162e-01
4.173025843636176124e-01 5.413107580166639371e-02 9.071540000000000159e-01
4.547380076816190386e-01 -8.650190146122522794e-01 2.120269999999999933e-01
1.294048889455906293e-01 7.448553607701158263e-01 6.545570000000000555e-01
-6.449466352677167835e-01 -1.841751814112060903e-01 7.417030000000000012e-01
9.430416876578531227e-01 -1.321409562339708466e-01 3.053049999999999375e-01
-3.431801521884251804e-01 -2.214290981960800875e-01 9.127960000000000518e-01
-1.351136509156715126e-01 -2.102504567896062437e-01 -9.682659999999999600e-01
-8.902525227616803205e-01 6.443803783840650057e-02 4.508860000000000645e-01
-7.245463858425431614e-01 -4.769202539742467550e-02 6.875740000000000185e-01
6.233941381774661394e-01 -4.127310914832734712e-01 -6.641029999999999989e-01
4.461277976334505069e-01 6.599207006555612987e-01 6.045449999999999990e-01
-5.163838529603475003e-01 6.715598087741896371e-01 5.313709999999999267e-01
4.206609616319621492e-01 8.585769216901144585e-01 2.930699999999999417e-01
-7.321878433450848545e-02 -7.340278127957203247e-02 9.946110000000000229e-01
1.612600365490358609e-02 -8.525161932198835890e-01 5.224520000000000275e-01
7.713797284445773617e-01 2.173039235006357928e-01 5.981239999999999890e-01
-7.895836452667613914e-01 1.036259534443625258e-01 6.048299999999999788e-01
-1.131729640803676856e-01 9.895746859218175207e-01 -8.907200000000002615e-02
-8.070403316230731483e-02 -9.812424032049049671e-01 -1.750720000000000331e-01
-5.885105167934185505e-02 -6.505625712836817787e-01 7.571689999999999809e-01
8.958878616310795850e-01 -4.403099319946027213e-01 -5.926299999999993379e-02
8.315022581315814065e-01 6.260001943355157639e-02 5.519830000000000014e-01
-9.539722434520976346e-01 -2.745230700578216720e-01 -1.207230000000000664e-01
-5.513260065062103310e-01 -8.186270096606353963e-01 -1.609020000000000727e-01
8.322146711988608336e-01 -4.877278073027739858e-01 2.637050000000000227e-01
-9.601853888805887971e-01 1.792400725932582692e-02 2.787880000000000913e-01
2.374302253854429778e-01 3.446943272080608689e-01 9.081919999999999993e-01
7.909817172454102208e-01 5.780307933696110512e-01 2.005699999999999428e-01
3.136755160212697513e-01 -9.125515012200834108e-02 9.451349999999999474e-01
1.462539502044388484e-01 -9.526836756366708903e-01 2.664650000000000074e-01
-9.821358420587902316e-01 1.470299763555208729e-02 -1.875979999999999315e-01
3.215000566147396266e-01 -5.533220974375767653e-01 7.684220000000000494e-01
6.723749737178182917e-01 -2.678099895316883305e-01 6.900650000000000395e-01
2.893431742174351617e-01 7.708314641280407109e-01 5.675379999999999869e-01
-4.884510990767056415e-01 8.405911705042816706e-01 2.341410000000000435e-01
6.679810927906921769e-01 7.113090988094786793e-01 2.187250000000000305e-01
-2.396479133490979907e-01 -6.579567620987135657e-01 7.139060000000000406e-01
7.203577024949593399e-01 -5.508127725163820543e-01 4.215330000000001021e-01
8.803803941821923829e-01 1.917630858601510058e-01 4.337709999999999622e-01
-5.690930647591835312e-01 -6.037180686992894563e-01 5.582629999999999537e-01
4.222208385218143567e-01 -9.054826536985322027e-01 4.278700000000008885e-02
-3.534483849091255570e-01 5.641756143933647216e-01 7.461769999999999792e-01
1.659701462673963124e-01 -5.208764590418528684e-01 8.373420000000000307e-01
-5.862825449894285557e-01 -3.484837295437459015e-01 7.313220000000000276e-01
3.318518323265940428e-01 2.030515092790055320e-01 9.212190000000000101e-01
-8.263310722243963902e-01 -4.617020403544685458e-01 3.225030000000000396e-01
-7.316556183298424942e-01 -2.691228596113229288e-01 6.263009999999999966e-01
6.247358005134803216e-01 7.797817510052289514e-01 -4.056600000000008116e-02
-3.798903760154918874e-02 7.890307809826611063e-01 6.131780000000000008e-01
9.143828305614483121e-01 -3.908299275777556425e-01 1.056219999999999798e-01
-4.270872446334669226e-01 -4.979991192153998547e-02 9.028380000000000294e-01
-5.014868838312263044e-01 -2.059699522873328081e-01 8.402899999999999814e-01
3.557497548168399998e-02 3.556077549147060313e-01 9.339579999999999549e-01
6.440571235651016968e-01 2.203820422812332314e-01 7.325450000000000017e-01
-1.691143052758438403e-01 -2.280210632859797359e-01 9.588569999999999593e-01
-5.076625632213873640e-01 5.540705232932815472e-01 6.597610000000000419e-01
4.683460687461822869e-01 -5.686720834725372820e-01 6.762129999999999530e-01
-3.788098107448722995e-02 6.691136657077288996e-01 7.421940000000000204e-01
1.363109788146634471e-01 4.782349256731343035e-01 8.675890000000000546e-01
-1.579999301105986520e-01 -8.670556164681973987e-01 4.724940000000001361e-01
-5.815172787190714399e-01 -3.173101520855761692e-02 8.129150000000000542e-01
-1.317550462156914792e-01 -7.711782705060491461e-01 6.228359999999999452e-01
6.268481039023025003e-01 7.463741237141654494e-01 -2.235779999999999712e-01
-1.779019898821184997e-01 -9.342889468638611028e-01 3.089579999999998994e-01
-2.979648369501677330e-01 -7.676515799321068645e-01 5.673869999999999747e-01
-4.715874499622016991e-01 4.194684002331379169e-01 7.756619999999999626e-01
3.748598288270599266e-02 -8.848895959312198523e-01 -4.642899999999998695e-01
9.964990244881650749e-01 -8.195800201405221974e-02 1.651000000000008017e-02
-3.476260912306034512e-01 8.799972309454912045e-01 3.236680000000000113e-01
-8.349076660417641405e-01 -2.275519089805530248e-01 5.011480000000001489e-01
