-4.394150341436792173e-01 -8.684170674782417665e-01 2.297090000000000520e-01
8.230143903678962536e-01 -5.259352494588663829e-01 2.145680000000000920e-01
-7.863542722875416224e-01 -1.806690625595059330e-01 5.907670000000000421e-01
-5.567508241397142038e-02 4.082116042620512197e-01 9.111879999999999979e-01
-8.754081414089316393e-01 4.833630780799872406e-01 4.551999999999922428e-03
6.250009647430315729e-01 -7.731159563877075813e-01 1.080069999999999919e-01
-2.851900098971231756e-01 -9.503780329815492145e-01 1.242909999999999016e-01
7.175576422797537157e-01 -2.116298944972591356e-01 6.635689999999999644e-01
-9.561688322405965945e-02 -5.429603368879872827e-01 8.342969999999999553e-01
-6.901440188286479538e-01 6.722540183405694147e-01 -2.679100000000000370e-01
-0.000000000000000000e+00 0.000000000000000000e+00 1.000000000000000000e+00
-9.198330831240698613e-01 3.594610324840065152e-01 -1.571459999999999524e-01
5.638480256413174185e-01 7.990280363362654015e-01 2.088770000000000071e-01
-5.181314991856036389e-01 -1.870541802143933785e-01 8.345960000000000045e-01
1.348014262424468979e-01 3.477210994949861966e-01 9.278570000000000428e-01
-2.449626206150248564e-01 2.762346998431216005e-01 9.293479999999999519e-01
4.175564827891094510e-01 -3.452553991928124510e-01 8.405030000000000001e-01
-9.219424308303431070e-01 -3.202091496360434664e-01 2.179180000000000839e-01
-6.644930580591607017e-01 1.420520124115978722e-01 7.336690000000000156e-01
-4.322543756805976578e-01 -5.663114921922181022e-01 7.017459999999999809e-01
8.628192376798625440e-02 -7.254813590209575613e-01 6.828119999999999745e-01
8.415335958103413727e-01 3.541008299249200353e-01 4.079630000000000201e-01
-6.502661233209200420e-01 -2.913450552526710702e-01 7.016210000000000502e-01
-8.568151229952292169e-01 -4.957710711676007187e-01 1.416999999999999094e-01
4.448363803414830397e-01 3.984643406927241838e-01 8.020890000000000519e-01
-6.683298883773705623e-02 9.976958333675723933e-01 -1.167799999999997312e-02
-6.131562708105325887e-01 3.567031575438053270e-01 7.048419999999999686e-01
-4.744011237795313085e-01 -8.801522296470752904e-01 1.660200000000004728e-02
7.203803791949930924e-02 9.114094797492007238e-01 4.051459999999999506e-01
3.311689726456364391e-01 -9.110039247516081851e-01 2.457620000000000360e-01
-6.298020469955590839e-01 -7.762200579212080731e-01 -2.884100000000004022e-02
-3.357891151877122060e-01 5.888562019988013985e-01 7.351830000000000309e-01
7.532697448197321899e-01 3.835468700683338783e-01 -5.342999999999999972e-01
1.498679551140889299e-01 8.056727586985434897e-01 5.730889999999999596e-01
-5.703673644792577324e-01 -7.368054708374426331e-01 3.630410000000000581e-01
-3.970908838637868254e-01 -8.856457409773258460e-01 -2.407289999999998875e-01
3.243397920487733344e-01 -8.961754254150013921e-01 -3.027759999999998786e-01
9.791957682511487349e-01 -1.779019578954732783e-01 9.760400000000002407e-02
7.587939747315792793e-01 6.487259783969279159e-01 -5.819200000000006312e-02
9.722326440822720572e-01 1.937619290670746508e-01 1.312250000000000083e-01
9.321135036182649491e-01 -1.985621072825397015e-01 3.028819999999999291e-01
4.331855990412524782e-01 -6.827283680632227902e-01 5.884150000000000214e-01
-2.452911173873739137e-01 -6.257452994588562634e-01 7.404560000000000031e-01
-1.946639125584339047e-01 -9.498335733418998839e-01 -2.447899999999998966e-01
7.988868770223531701e-01 5.241739193106346173e-01 2.949939999999999229e-01
-2.014470229549931990e-01 7.278000829331984223e-01 6.555349999999999788e-01
-1.211589823970975616e-01 9.689318592261789709e-01 -2.156189999999999496e-01
3.338998547531957239e-01 2.679436859114148750e-01 -9.037239999999999718e-01
6.078304270055152614e-01 3.045227129300752122e-01 7.333539999999999504e-01
-3.880520414767029691e-01 9.165610979660674396e-01 9.659900000000003206e-02
1.960020022953182228e-01 -9.688120113454549154e-01 -1.516129999999999145e-01
4.663699252937902329e-01 -8.814858587977827398e-01 7.403899999999996595e-02
6.305212208916198824e-01 -7.716552703353622977e-01 -8.361299999999995125e-02
2.147401542541754194e-01 6.595724737903280177e-01 7.203129999999999811e-01
-1.893003361837888032e-01 6.440143395689620909e-02 9.798050000000000370e-01
9.502217639694995333e-01 -6.866498294394959845e-02 -3.039140000000000175e-01
-2.434522788431658369e-01 4.538335198077257382e-01 8.571849999999999747e-01
-3.189960802374982030e-01 -9.448082376488424750e-01 -7.469199999999993900e-02
-3.881769281624595780e-01 -8.193138483745754375e-01 4.219519999999998827e-01
6.480416933091484033e-01 6.729406815255054575e-01 3.566409999999998748e-01
-6.978058324029500215e-01 4.643748884677400546e-01 5.453649999999999887e-01
9.044499461098444160e-01 -1.811399892070730475e-02 4.261949999999999905e-01
-3.708077968098552057e-01 1.326669273030060270e-01 9.191850000000000298e-01
3.496550023774532279e-01 7.383930050206483076e-01 5.766430000000000167e-01
-6.794433703494823229e-01 -5.731893124327565037e-01 4.580509999999999859e-01
8.507913776188397170e-01 -3.796437222784497245e-01 3.633520000000001193e-01
8.526207593271238894e-01 5.168148541164803156e-01 7.707300000000009976e-02
1.289120762013038768e-01 -9.241755462900267393e-01 -3.595569999999999045e-01
-5.343729182255866350e-01 1.851599716652040095e-02 8.450459999999999638e-01
-1.674847805387268684e-01 -1.445908105375111330e-01 9.752140000000000253e-01
7.300831005733607881e-01 -5.412650745625362525e-01 4.171460000000000168e-01
-5.108809758015191438e-01 -6.672889683930699478e-01 5.419650000000000301e-01
8.001866582578077702e-01 -2.982498726240130280e-02 5.990090000000000137e-01
-5.088651717025202137e-01 8.328352810172998666e-01 2.178109999999999213e-01
5.142981626161459152e-01 -8.123662568624181457e-01 2.748790000000000955e-01
3.238786400291394640e-01 2.717165369495849192e-01 9.062409999999999632e-01
7.655108352363034774e-01 -6.413248619653046934e-01 5.191899999999993742e-02
-4.486632902987858912e-02 2.148815758467504666e-01 9.756089999999999485e-01
8.950601140235191211e-02 -5.820720741513391028e-01 8.081960000000000255e-01
-2.374520067240533105e-01 -9.175960259840494349e-01 3.188009999999999455e-01
9.711833527196986893e-01 -3.132001137497357392e-03 2.383129999999999971e-01
5.385825039046751028e-01 6.467384042808734801e-01 5.400540000000000340e-01
-6.099800127851665588e-01 -7.738670162202340164e-01 1.704530000000000489e-01
6.444993593925875119e-01 -7.043153927478401632e-01 -2.975909999999999389e-01
3.859260505009315390e-01 -8.163291068219683533e-01 4.297299999999999454e-01
6.294899945631439453e-02 -8.367589927729782717e-01 -5.439409999999997858e-01
-2.420349065987290882e-01 7.877866959931124624e-01 -5.664019999999998500e-01
-2.704849465877772752e-01 8.285338363907700510e-01 4.902750000000000719e-01
-4.260746457380481522e-01 4.049716632842312869e-01 8.089859999999999829e-01
-1.366346210937709194e-01 -3.474270365379781289e-01 9.276990000000000514e-01
4.107548505145912077e-01 -6.994897454357253963e-01 -5.848029999999999617e-01
5.719378957477526670e-01 -6.940318734925887689e-01 4.372719999999999385e-01
8.441397697037424930e-01 -2.114479423132619718e-01 4.926640000000000463e-01
-5.062610671704732557e-01 2.329380309061052645e-01 8.303249999999999797e-01
-8.721644401319009754e-01 1.675448924479877588e-01 4.596279999999999810e-01
-1.479299650526310315e-02 -7.155108309658179122e-01 -6.984449999999999825e-01
-3.589746841118852672e-01 -7.085413502945477060e-02 9.306539999999999813e-01
-3.118601320162499302e-02 -9.328113948765784924e-01 3.590130000000000265e-01
-8.674640392382584331e-01 4.513240204148735724e-01 2.093149999999999733e-01
9.545763930127005858e-01 1.214310499948932920e-01 -2.720999999999998975e-01
-7.313337136512356729e-01 -6.284777539237903499e-01 2.648899999999999588e-01
2.629840556472275992e-01 -9.628972037483212176e-01 6.056700000000005135e-02
-6.752324385720732680e-01 -8.070093290050223134e-02 7.331769999999999676e-01
9.991281623784202814e-01 1.280800208155792423e-02 3.973500000000006888e-02
1.493615696393323644e-01 1.469435766063794668e-01 9.778029999999999777e-01
-1.759279647816795744e-01 -8.468078304809043555e-01 5.019619999999999083e-01
-7.905730283493220822e-01 4.395800157629892180e-02 6.107879999999999976e-01
-4.694890513584237257e-01 7.812330854607780761e-01 4.114060000000000494e-01
2.777381384982201551e-01 -6.391883187406850464e-01 7.171469999999999789e-01
5.845643665371081932e-01 4.859844733631614178e-01 6.496950000000000225e-01
5.998128768558220747e-01 -5.477168875513539481e-01 5.832929999999999504e-01
7.070170716197695659e-01 5.184170525148703579e-01 4.810099999999998821e-01
2.598272421814695754e-01 -4.706864387204839906e-01 8.431750000000000078e-01
-8.186802423541814644e-01 -4.569531352719868322e-01 3.477879999999998750e-01
-8.721659337740194085e-01 -2.618019801206490360e-01 4.132629999999999915e-01
7.623198074479289876e-02 5.480568615679630717e-01 8.329600000000000337e-01
9.062668877380745114e-01 3.668009545632947010e-01 2.100890000000000257e-01
9.374329870767507122e-01 3.480839952013890515e-01 -7.544999999999902479e-03
-5.974710822494810891e-01 6.346010873608979308e-01 4.902139999999999276e-01
-5.250789667146659179e-01 5.355739660493765708e-01 6.614020000000000454e-01
5.088963041618578265e-01 1.801281076606362497e-01 8.417710000000000470e-01
9.283051020378410012e-01 -2.647550291014575952e-01 -2.610640000000000738e-01
7.404296460713365446e-01 -3.856798156433330349e-01 5.504679999999999573e-01
5.026023775518869696e-01 -9.900987738117825523e-03 8.644610000000000349e-01
5.798913947263267116e-02 -4.066449780425470673e-01 9.117439999999999989e-01
8.383419862985017623e-01 1.639779973200146401e-01 5.198979999999998602e-01
-7.682768165958058226e-01 6.220008515150236006e-01 1.512139999999999040e-01
1.896155107655001226e-01 -7.318658311561325458e-02 9.791269999999999696e-01
-7.318440230972541594e-01 -6.614560208757841453e-01 -1.639519999999999589e-01
5.582312151113960619e-01 -2.040437131088681799e-01 8.042040000000000299e-01
7.397109098617073997e-01 3.395489586238853996e-01 5.809769999999999657e-01
5.957579816907110359e-01 -3.811449882863612304e-01 7.069659999999999833e-01
-3.224710367252036081e-01 -7.378090840267367279e-01 5.930010000000000003e-01
8.328904652490197735e-01 -3.674247640977283402e-01 -4.138750000000000484e-01
-8.853488538846451261e-01 -5.514799089853865410e-02 4.616450000000000276e-01
4.065735531831690674e-01 5.821163602648640190e-01 7.041579999999999506e-01
-1.381000093054417319e-03 9.791920659797765936e-01 2.029309999999999170e-01
6.586036666838989140e-01 -2.425498772466910466e-02 7.520989999999999620e-01
-1.042509707217122022e-01 -7.348887936106935914e-01 6.701270000000000282e-01
-2.946308989193235917e-01 -4.548278439596583067e-01 8.404310000000000391e-01
-9.836649917164963508e-01 -1.574669986739608563e-01 8.722000000000010300e-02
9.256412435018205320e-01 1.798200473039735237e-01 3.329460000000000197e-01
-4.837268183450066927e-01 -3.838586493929984633e-01 7.865499999999999714e-01
-1.187181260580586623e-01 5.966416335299296048e-01 7.936779999999999946e-01
3.079299890603411430e-02 -8.474039698947444244e-01 5.300550000000001649e-01
9.513529512439343749e-01 -3.018429845307923354e-01 -6.179300000000000764e-02
2.656975116714119789e-01 4.811149265150893584e-01 8.354240000000000554e-01
2.792880695058443941e-01 8.635882149194132884e-01 4.197779999999999290e-01
4.448452125206019403e-01 -5.202962485666223769e-01 7.289750000000000396e-01
1.854749482475196720e-01 -8.987337492292031271e-01 3.973369999999999402e-01
9.882888018561363230e-01 -9.637298067800151302e-02 -1.183110000000000550e-01
3.718817780582048815e-01 -1.527693196269072351e-01 9.156229999999999647e-01
2.214073731644073117e-01 -2.844624794387423661e-01 9.327699999999999880e-01
6.042731865896198151e-01 4.853531498690686341e-01 -6.318909999999998695e-01
7.106234699720881398e-01 1.475070975540797302e-01 6.879359999999999919e-01
3.336433004411262226e-01 7.077306373015415653e-02 9.400389999999999580e-01
-7.596519117766792339e-01 2.662689690764514783e-01 5.933209999999999873e-01
-1.280269807131318716e-01 -9.911198506908632799e-01 -3.592399999999994903e-02
2.715902249417843223e-02 -2.093571733979053551e-01 9.774620000000000530e-01
4.723541960710334608e-01 7.824983248097644450e-01 4.056820000000000426e-01
7.553003810826705022e-01 -5.482982766408924791e-01 -3.590130000000001376e-01
-8.502798761825658413e-02 -9.820828569894647364e-01 1.681770000000000487e-01
