4.614013780498099071e-01 -4.701943852543715718e-01 7.523469999999999880e-01
-1.035000403993023609e-03 -7.020762740423319714e-01 7.121009999999999840e-01
3.353213602296655771e-01 2.768294718282078570e-02 9.416970000000000063e-01
-1.658459694826485420e-01 8.145218501196640482e-01 5.559220000000000272e-01
6.639679887622808030e-01 7.301469876421951000e-01 -1.613439999999998764e-01
8.013279916385973589e-01 -5.345679944220865787e-01 2.685339999999999949e-01
6.044472096354850388e-01 -7.781922698940642036e-01 -1.704709999999999837e-01
4.116470800135992314e-01 8.523881656823242281e-01 3.224609999999999976e-01
-6.409023891058384104e-01 -2.669701620834173325e-02 7.671580000000000066e-01
7.881651262066375896e-01 -8.422201348623122030e-02 6.096740000000000492e-01
-8.009401370159231759e-02 9.921631697282303763e-01 9.590200000000000113e-02
2.234889652584000075e-01 9.278358557669182938e-01 -2.986189999999999123e-01
9.913837910082736737e-01 -5.011598943514384424e-02 1.210229999999999501e-01
9.032214697331097941e-01 2.472781286004908374e-01 -3.507770000000001165e-01
-8.713159857868592040e-01 -4.492929926710116928e-01 -1.973430000000000184e-01
8.967493051673166571e-01 -3.157841074625742372e-01 -3.100340000000000318e-01
-5.253872406299067155e-01 -5.410602478082200406e-01 6.566750000000000087e-01
-1.881494996569200995e-01 2.595796893496306046e-01 9.472159999999999469e-01
2.007198646712593237e-01 5.746436125655198790e-01 7.934080000000000021e-01
-1.286380654682381941e-01 -2.624161335523965133e-01 9.563420000000000254e-01
3.783108445292094890e-01 -8.592906468655389096e-01 3.442389999999999062e-01
6.445235467328666035e-01 4.183617057832687558e-01 6.399709999999999566e-01
-5.641667096938378645e-01 4.976587439171835658e-01 6.588260000000000227e-01
