4.860007280709394140e-01 -3.118078255360451356e-01 8.164430000000000298e-01
-5.065022654438623428e-01 7.243023795868926973e-01 4.678050000000000264e-01
-8.708087216364974736e-01 -4.517008556088963345e-01 1.940579999999999805e-01
-3.078152927741851785e-01 -8.134981309347125156e-02 9.479619999999999713e-01
2.899553518093854754e-01 3.115273779832127277e-01 9.049180000000000001e-01
8.000673179655466427e-01 5.992872381708265195e-01 2.733299999999991292e-02
5.796482517203532803e-01 8.127433529451582039e-01 5.878900000000009812e-02
2.856443976156255449e-01 4.894686813380467738e-01 8.239100000000000312e-01
-3.392899054904736089e-01 9.361437392362700338e-01 9.228900000000006543e-02
-6.000240963394701810e-01 4.679810751387304957e-01 6.488180000000000058e-01
-1.579999698708792547e-02 -8.599468360161620639e-01 5.101390000000001201e-01
-1.733740225601724527e-01 3.831790498609036755e-01 9.072569999999999801e-01
-2.947899779677839310e-02 9.564909285131237837e-01 2.902689999999998882e-01
6.076967973661452360e-01 -7.941687351878883305e-01 7.890000000000840135e-04
7.689376469319647578e-01 3.822868244678764293e-01 5.124370000000000314e-01
3.372300438311848919e-02 -9.698811260594651928e-01 2.412329999999999475e-01
2.848420864388521712e-01 8.532552589308556312e-01 4.368300000000000516e-01
-1.289998552156877004e-02 3.118066500406034836e-01 9.500579999999999581e-01
6.946560634617966468e-01 5.475100500189565844e-01 4.665679999999999827e-01
1.320510111031705271e-02 -5.021758161905442303e-02 9.986509999999999554e-01
-4.892061616111754718e-01 6.225052056470375961e-01 6.108719999999999706e-01
5.671117842983595114e-01 -5.548337889683097046e-01 6.087230000000000141e-01
-5.973285624959742135e-01 2.212158379738962677e-01 7.708840000000000137e-01
2.845230600796803122e-01 -8.807711859829966405e-01 3.785350000000000104e-01
8.013767029225229432e-01 -4.567868306650558763e-01 3.861879999999998647e-01
8.377219651643479370e-01 -1.522889936672469080e-01 5.244330000000001490e-01
-4.587940414255605726e-01 4.976090449302556507e-01 7.361339999999999550e-01
-1.973309364596298465e-01 8.243737345524574378e-01 5.305360000000000076e-01
-8.580962578758931647e-01 4.501671352846501883e-01 2.470230000000000481e-01
-7.937335738270206997e-01 -3.097908336665008977e-01 5.234659999999999869e-01
1.155670366254667875e-01 -6.363722016788665448e-01 7.626760000000000206e-01
-3.298881612776856098e-01 -7.609433720145196700e-01 5.586940000000000239e-01
2.956740295871087554e-01 9.515540952188275003e-01 8.438999999999995116e-02
-8.251533767120563523e-01 -1.238820565565938725e-01 5.511580000000000368e-01
4.427838448914851455e-01 8.305667090499795346e-01 3.377889999999999504e-01
6.015431822639356607e-01 -3.856001168344965202e-01 6.996130000000000404e-01
1.682926988006590852e-01 4.441371223384439626e-02 9.847359999999999447e-01
4.147339698210070758e-01 -6.491499527632332844e-01 6.376519999999999966e-01
-5.239128483439123851e-01 -4.773348618267564403e-01 7.054550000000000542e-01
-2.636253914936193543e-01 -4.197606233603098924e-01 8.685060000000000002e-01
-9.277916363656996124e-01 3.583688595425910117e-01 1.038000000000000728e-01
1.158529618675568362e-01 7.188647633891330768e-01 6.854280000000000372e-01
-4.644291462293124728e-01 1.620070510092441740e-01 8.706660000000000510e-01
1.867665205221314684e-01 -1.356931047181702266e-01 9.729879999999999640e-01
-6.448711011628738277e-01 -6.457181012957454724e-01 4.088880000000000292e-01
7.106912579933386542e-01 6.324772296002802996e-01 3.080430000000000668e-01
3.512998895325081250e-01 -2.238305667652378816e-01 9.091139999999999777e-01
-3.485598663584189016e-01 7.344077184202254527e-01 5.823669999999999680e-01
6.899442759388467739e-01 7.220292887710445529e-01 -5.148399999999997423e-02
4.083217464668058572e-01 6.506835959806405167e-01 6.402219999999999578e-01
-7.315835709752304128e-01 -4.847427157308606960e-01 4.793849999999999500e-01
7.433690855242530704e-01 -8.392900965599191243e-02 6.635950000000000459e-01
-3.578880421059461026e-01 8.289260975241234952e-01 4.298809999999999576e-01
-9.808303489179386325e-01 -1.720500612046239886e-01 9.149099999999989186e-02
3.868628599044959815e-01 -8.927946766902871145e-01 2.307699999999998919e-01
5.818021489450252437e-01 7.032301800313682794e-01 4.086239999999999317e-01
1.809701600785056375e-01 -8.294977337384111804e-01 5.283780000000000143e-01
-6.013602558700297251e-01 -1.309608379475805662e-01 7.881719999999999837e-01
6.103072317786703005e-01 -7.199682734250560934e-01 3.304099999999999815e-01
1.765519736224246683e-01 -4.912079266115589871e-01 8.529619999999999980e-01
-6.071238034393792171e-01 4.529898533413358186e-02 7.933149999999999924e-01
3.027248948960522545e-01 -9.491616704577645613e-01 8.631199999999988881e-02
-5.952581673574542931e-01 -5.703451603531366487e-01 5.660159999999999636e-01
-5.639422823612900704e-01 -8.145344078307182878e-01 1.360250000000000070e-01
-7.592336534837732520e-01 5.290827585252441123e-01 3.789930000000000243e-01
4.648750895118709536e-01 1.811200348747299058e-02 -8.851909999999998391e-01
-4.535449672511556174e-01 -1.952094163127079118e-01 8.695920000000000316e-01
-5.744300717614014840e-01 -3.416630426826866018e-01 -7.438389999999999169e-01
2.414821720576419417e-01 -7.158015100133020558e-01 6.552210000000000534e-01
7.089030969317845488e-01 2.769040378624422205e-01 6.486760000000000304e-01
3.377459743605353282e-01 -4.307799672980031774e-02 9.402509999999999479e-01
-3.325838483168379045e-01 2.811607171525969395e-01 9.001869999999999594e-01
-7.580029319137362442e-01 6.138269448640876202e-01 2.205629999999999535e-01
2.686230956844477546e-01 7.600312707256879907e-01 5.917719999999999647e-01
-7.359966975982324966e-01 4.275504052442190006e-01 5.248899999999999677e-01
8.021229990821375777e-01 -5.903209993245007725e-01 9.011000000000005117e-02
7.031481780306347851e-01 6.972471765365555463e-01 1.393879999999999841e-01
-5.787010096158117234e-01 -3.050590050689213073e-01 7.563360000000000083e-01
-1.700507621188403207e-01 2.075989303989827228e-01 9.633199999999999541e-01
-3.617962282784354389e-01 -5.346513373428501970e-01 7.637089999999999712e-01
-4.281969619489670031e-01 -3.674939673432406906e-01 8.255879999999999885e-01
-6.082913024345432476e-03 1.301321393243740909e-01 9.914779999999999704e-01
-4.978973120864668700e-01 -7.175144497444434499e-01 4.871049999999999547e-01
-5.072900483152673612e-01 8.043770766104000325e-01 3.092480000000000784e-01
-9.949755638730206631e-01 3.101998640303099079e-03 1.000700000000000339e-01
-3.264527096510487225e-01 6.127894549814707492e-01 7.196649999999999991e-01
1.083930546203662193e-01 -9.142844607172683213e-01 3.903010000000000645e-01
4.421116446039121545e-02 -3.905134526646377724e-01 9.195349999999999913e-01
-8.451831705171337639e-01 3.542560714717613024e-01 4.002099999999998992e-01
-1.888300787375718839e-02 9.933964142222578841e-01 1.131680000000000463e-01
-1.779738798758518648e-01 -5.529176268061416488e-01 8.140070000000000361e-01
5.456148992715413870e-01 -8.158118493892484446e-01 1.917170000000000818e-01
-2.123900313077261848e-01 -8.592681266619301983e-01 4.653480000000000949e-01
4.826265856575369106e-01 5.245495496660174117e-02 8.742539999999999756e-01
-2.609989750784235119e-01 -9.202259121319137369e-01 2.916569999999999996e-01
-4.957308591236582740e-01 8.577247562525637248e-01 1.362319999999999920e-01
-1.877640594236523464e-01 9.623563045669473182e-01 1.965070000000000427e-01
-3.587998123163550074e-02 6.507416596052671975e-01 7.584509999999999863e-01
4.634020383730155790e-01 -8.849400732793911706e-01 4.625599999999998463e-02
8.461160729787404744e-01 -4.831200416698054889e-01 2.251279999999999393e-01
8.942782962601992791e-01 -2.548740844357370028e-01 3.678389999999999160e-01
-1.479599823542463236e-02 -5.311589366538205237e-01 8.471429999999999794e-01
-8.961397480349596323e-02 -9.285907389108070120e-01 3.601230000000001374e-01
-3.179001055706098117e-02 9.966973309905980960e-01 -7.472500000000005527e-02
9.128662027396250433e-01 1.134570251978161554e-01 3.921769999999999978e-01
4.592447003653701842e-01 -4.903936800421895281e-01 7.406810000000000338e-01
-1.799838606734772695e-01 5.578555681608550199e-01 8.101869999999999905e-01
6.737268757321828172e-01 -5.868578917550243412e-01 4.490990000000000815e-01
8.761002934057837699e-01 2.983840999287654117e-01 3.787020000000000386e-01
-4.381528535074507569e-01 -6.346527878094276875e-01 6.365830000000000100e-01
-9.577172674823319909e-01 -2.768760773291462640e-01 -7.821300000000003250e-02
4.420689329784084354e-01 8.966448640606443643e-01 -2.455700000000005795e-02
6.776370669247744338e-01 6.967990688172515101e-01 -2.351149999999999907e-01
8.240547817778960393e-01 2.052499456467264394e-01 5.280209999999999626e-01
-9.265767068171213428e-01 2.700109145644642994e-01 2.618200000000000527e-01
1.470596608772293534e-01 2.238194838674111287e-01 9.634719999999999951e-01
-2.913929591571867705e-01 -9.512388666705213769e-01 1.011670000000001179e-01
-1.406528611714556454e-01 -7.796032305084960035e-01 6.102750000000000119e-01
1.190509408409072684e-01 8.380895835344183142e-01 5.323840000000000794e-01
-9.642633148597040682e-01 2.584170843806097850e-01 -5.845399999999988799e-02
8.439214333999116580e-01 -5.298752721199948557e-01 -8.383800000000003749e-02
-8.317460416270718859e-01 6.044400302509045364e-02 5.518560000000000132e-01
-2.906661049390938945e-01 -2.550729696352314613e-01 9.221989999999999910e-01
-2.570131938830023666e-01 -6.699565053949831928e-01 6.964930000000000287e-01
2.014656025949911056e-01 -3.119373846816650420e-01 9.284970000000000168e-01
5.833491476615145777e-01 7.750351961824601954e-01 2.429489999999999428e-01
2.948430822772430404e-01 9.175282560402457932e-01 2.668509999999998938e-01
4.454587479220106783e-01 8.805615017043127990e-01 1.617960000000001064e-01
4.583620583866356291e-01 -8.078581029058050644e-01 3.704990000000000228e-01
-9.106102594910695514e-01 -1.880800535960277728e-02 4.128380000000000383e-01
-3.216726101613110456e-01 4.479234571564757461e-01 8.342009999999999703e-01
9.005749670144128638e-01 -4.308919842176102133e-01 5.741800000000000376e-02
2.746704975380119887e-02 -2.249244074279672934e-01 9.739889999999999937e-01
-6.350631522165421927e-01 7.502831798333138291e-01 1.837660000000000959e-01
7.337902429868929932e-01 -6.776862244086393483e-01 -4.788799999999995144e-02
3.004932015834740344e-01 -5.772393872364511846e-01 7.592750000000000332e-01
4.599389845430151835e-01 2.251945028137676830e-01 8.589200000000000168e-01
6.986435413384549653e-01 -4.477707060372110859e-01 5.580310000000000548e-01
6.192860965629704006e-01 -1.985170309540199574e-01 7.596549999999999692e-01
-8.451987745619414794e-01 -3.876868965931044575e-01 3.678830000000001266e-01
5.596099836980161779e-01 6.090879822566738211e-01 5.620039999999999480e-01
7.400418567594270192e-01 -6.108368817680051022e-01 2.814539999999998710e-01
3.573158944198626674e-01 -7.766447705160536286e-01 5.187950000000000061e-01
4.233940871018857521e-01 3.921200806681045536e-01 8.166879999999999695e-01
-7.267883976170831373e-01 1.371320750232884467e-01 6.730329999999999924e-01
9.623164176211354004e-01 -1.554280674518742911e-01 2.231350000000000833e-01
5.674599766264008804e-02 -7.638729685361772548e-01 6.428669999999999662e-01
-8.907690687332303625e-01 -2.032970156867373868e-01 4.064490000000000047e-01
-1.860449496730396668e-01 7.105308077945362566e-01 6.786259999999999515e-01
-1.728859533281055239e-01 9.848417341343899123e-01 1.404299999999995135e-02
9.495512682621711775e-01 2.026920572634813567e-01 2.393079999999999652e-01
-8.008205763725663173e-01 2.491188682181876834e-01 5.446339999999999515e-01
-1.552229514735156413e-01 1.893399408077115625e-02 9.876979999999999649e-01
-9.611011763457130153e-01 -9.633901767657047921e-02 2.588499999999999690e-01
6.257771773074256583e-01 -1.406800398602196106e-02 7.798749999999999849e-01
-7.706867732880406940e-01 -5.522098375571264928e-01 3.179719999999999214e-01
-4.873910811364922102e-01 3.447830573963883705e-01 8.022310000000000274e-01
-2.828802946861764742e-02 4.863465066439592310e-01 8.733079999999999732e-01
4.329938661845692538e-01 7.524267674648074111e-01 4.963570000000001037e-01
-3.822898545996009090e-02 8.881416622035598341e-01 4.579770000000001340e-01
-1.329269411218966801e-01 -9.755845678786518871e-01 1.748290000000000399e-01
1.299880173679280881e-01 9.205241229928496915e-01 3.684270000000001155e-01
-1.983330901519561873e-01 9.082614128486226068e-01 3.684090000000000420e-01
2.690349680731314863e-01 6.278979254862123716e-01 7.303180000000000227e-01
-6.688382513856723222e-01 -4.014441508844739936e-01 6.256979999999999764e-01
1.359620310508754260e-01 9.906842262514936603e-01 7.686999999999965562e-03
-6.442766921211924291e-01 6.789796755377691673e-01 3.519859999999999101e-01
9.923294207854088667e-01 9.934304212522751532e-02 7.357499999999995988e-02
-3.625002732549425372e-02 7.868865931599680064e-01 6.160320000000000240e-01
8.993601783220529500e-01 3.829260759252695046e-01 2.109949999999999326e-01
9.778156421784649499e-01 -1.816359335322061119e-01 -1.043310000000001042e-01
-3.844272110408454290e-01 -8.337794577238979432e-01 3.962669999999999249e-01
1.400420045608669617e-01 9.711420316280077181e-01 1.930580000000000629e-01
1.362010956053524569e-01 4.079542863604961322e-01 9.027859999999999774e-01
5.263456316052044226e-01 -6.914045160787702926e-01 4.948939999999998895e-01
-1.411233610599506583e-01 -1.665664261552810832e-01 9.758790000000000520e-01
-9.948326799541106213e-01 7.942297444897308822e-02 -6.324499999999991240e-02
-6.776325828745616286e-01 3.205528026796056751e-01 6.618610000000000326e-01
8.891429738086009671e-01 4.565189865523640589e-01 3.186199999999998062e-02
8.102467263964561184e-01 4.665128424682718489e-01 3.547759999999999247e-01
3.189301575743928030e-01 1.354464916104249073e-01 9.380500000000000504e-01
-9.606528080231075961e-01 8.703598260672593123e-02 2.637629999999999142e-01
-9.358950385437732056e-01 -3.422500140951778569e-01 8.345899999999992214e-02
-1.203951198390194183e-01 -3.522073505805182747e-01 9.281460000000000266e-01
6.102460840849449619e-01 1.653120227781098572e-01 7.747720000000000162e-01
-8.949001590280449836e-01 1.690310300376236252e-01 4.130159999999999387e-01
7.238484886488973924e-01 -2.658511794683386942e-01 6.366840000000000277e-01
8.175190713366448092e-01 5.424450473337089074e-01 1.934319999999999928e-01
-5.401542612784223651e-01 -7.790423768311719455e-01 3.183180000000000454e-01
9.201417855665237067e-01 -6.987298371652386764e-02 3.853009999999999491e-01
9.718819143046791842e-01 2.290599798027227393e-02 2.343520000000000880e-01
8.435142711564763696e-01 2.479800797157877962e-02 5.365339999999999554e-01
-7.138261249750775805e-01 -2.236150391500197621e-01 6.636630000000000029e-01
4.922436262090190140e-01 -1.252929048573606097e-01 8.613929999999999643e-01
-4.194179903534417386e-01 -8.816649797218216733e-01 2.162299999999999778e-01
2.006398832288108780e-01 -9.546314444103175534e-01 2.200509999999999966e-01
-7.296208666094278206e-01 -4.302599213391234551e-02 6.824970000000000203e-01
-6.345470559530346222e-01 5.839860514946706438e-01 5.062710000000000266e-01
-3.146555873449219387e-01 9.853218392293090766e-02 9.440779999999999728e-01
7.392093156399147658e-01 9.809804188753702692e-02 6.662930000000000241e-01
9.173248195432306407e-01 -3.316489347577935565e-01 2.202820000000000056e-01
6.369940607220184736e-01 4.557210434420089218e-01 6.217369999999999841e-01
6.843357676673398338e-01 -7.148537573064525086e-01 1.437660000000000327e-01
8.064778637072538281e-01 -3.259049449228777484e-01 4.933350000000000790e-01
-6.683699701264599058e-02 -6.738499698815245686e-01 7.358390000000000208e-01
1.166348905073075898e-01 5.716604633454619444e-01 8.121580000000000465e-01
4.773132580524144242e-01 5.141682779775404999e-01 7.126029999999999864e-01
7.947757524699892162e-01 5.904668161012626149e-01 -1.402870000000000783e-01
9.284033175759737189e-01 2.751230941104828576e-01 -2.497489999999999988e-01
3.377170530634467371e-01 -4.078680640858525774e-01 8.482870000000000132e-01
-3.540012214353542297e-01 8.969185610417912402e-01 2.649909999999999766e-01
