-2.355683632148893591e-01 -2.688224144881859456e-01 9.339389999999999636e-01
-3.548190568996987815e-01 -1.548630248342339200e-01 -9.220199999999998397e-01
-9.453995521672308167e-01 2.521898805384535369e-01 -2.064460000000001016e-01
-7.536306274441803010e-01 -4.059727993081445607e-01 5.169400000000000661e-01
-3.474930171433793236e-01 9.297430458683684229e-01 1.217639999999999556e-01
-8.571693995340575745e-01 5.150272400586430877e-01 2.750000000000045377e-03
1.439600685303299779e-02 3.699201760957185336e-01 9.289520000000000000e-01
-8.634738034838288501e-01 -2.015099541387786047e-02 5.039909999999999668e-01
-1.062409828949877066e-01 -9.152878526368122269e-01 3.885369999999999657e-01
-4.803188044491356057e-01 -7.380586995162057296e-01 4.738810000000000522e-01
6.290998442922764999e-01 -7.676518099994511513e-01 1.222459999999999936e-01
-1.681530947325133862e-01 -6.968923926086999510e-01 6.971840000000000259e-01
2.952519326554385870e-01 7.901588197712080541e-01 5.370989999999999931e-01
-2.028802040559721589e-02 6.979357019805062512e-01 7.158729999999999816e-01
-8.418336925785414593e-01 -3.309798791325199163e-01 -4.263430000000001385e-01
2.748508785801185850e-01 -9.256215910914874501e-01 2.601569999999999716e-01
-6.038805899267346566e-01 -1.388151356075374154e-01 7.848939999999999806e-01
-3.244963086127235496e-01 4.820914584938382208e-01 8.138119999999999798e-01
-3.088711091495310868e-01 -9.294943284666875583e-01 -2.015909999999999647e-01
6.335958976347999538e-01 -1.555339748715758863e-01 7.578690000000000149e-01
-8.501709287379944913e-01 3.733629687044178747e-01 3.712269999999999737e-01
2.993483315203774864e-01 -2.099482325121270476e-01 9.307590000000000030e-01
-6.610898295390906787e-01 2.221939427076626006e-01 7.166519999999999557e-01
6.823306661176971322e-02 -4.814564700165050448e-01 8.738099999999999756e-01
-7.694909362648901796e-01 4.406029635059012795e-01 -4.623340000000001893e-01
0.000000000000000000e+00 -0.000000000000000000e+00 1.000000000000000000e+00
-5.354370328493338604e-01 7.129320437387430820e-01 -4.528080000000001548e-01
-7.307747034337771508e-01 -6.486357367677756391e-01 2.126969999999998862e-01
8.616257346615215917e-01 -4.247198692071055270e-02 5.057639999999999914e-01
6.292901332676013038e-01 7.587021606737682777e-01 1.684190000000001242e-01
-6.437318338986662836e-01 7.224118135969677112e-01 2.524489999999999235e-01
-4.630023328494505264e-01 -4.794823446968269343e-01 7.454699999999999660e-01
6.455132823278285636e-01 2.419531058229115739e-01 7.244110000000000271e-01
1.538800284283101637e-02 9.994881846487777555e-01 -2.804599999999995985e-02
-6.002305421967103483e-01 5.514715793857767334e-01 5.793120000000000491e-01
-3.487323932004278149e-01 1.231667856879535283e-01 9.290939999999999754e-01
3.471159101995704432e-01 5.109268678209473169e-01 7.864250000000000407e-01
-9.356144064291482820e-01 -2.774471205225104153e-01 2.182860000000000633e-01
-9.807452957799988047e-01 1.154060348049559259e-01 1.575439999999999341e-01
3.524898799867531851e-02 -9.312756829258825864e-01 -3.626060000000000949e-01
4.596582569297100740e-01 -4.938882760628568458e-01 7.380980000000000318e-01
-8.659990142588128714e-01 -4.908110080812820852e-01 -9.565700000000000591e-02
-9.826394612544578910e-01 -1.205390565814617315e-01 -1.410320000000000740e-01
-4.131471201695000039e-01 -8.982482612678127643e-01 1.498649999999999149e-01
6.142404110022576802e-01 6.031944036111224205e-01 5.087880000000000180e-01
-1.928430392496309487e-01 7.660021559055597562e-01 -6.132309999999998595e-01
-3.339800494711236967e-01 7.930011174640713145e-01 5.095159999999999689e-01
