-3.957880292803491740e-01 7.030160520090402709e-01 5.908639999999999448e-01
-3.311830585167857555e-01 9.175751621264970348e-01 2.199399999999999133e-01
-9.146758682265625495e-01 3.929999433821796534e-02 4.022729999999999362e-01
-7.123966828665246886e-01 2.475892373262059964e-01 6.566509999999999847e-01
1.582677338216073593e-01 1.289867830669981508e-01 9.789349999999999996e-01
-9.118223260343962799e-01 3.717501329242842711e-01 1.743039999999999312e-01
-7.855380176659897407e-01 5.016840112823881537e-01 -3.622749999999999027e-01
-4.485301712370137195e-01 8.922393406334956367e-01 5.224599999999993832e-02
-6.694916604521325976e-01 -7.135826380903940169e-01 -2.063510000000000622e-01
-9.300651034848642640e-01 2.142580238396886994e-01 2.984499999999999376e-01
-9.755501261861092566e-01 2.037660263568638885e-01 8.234899999999999165e-02
9.074460559654592418e-01 2.785900171816474771e-02 4.192440000000000055e-01
2.469571232800488458e-01 -2.478831237423047285e-01 9.367849999999999788e-01
-2.067999615107699637e-03 -9.718348191239043476e-01 2.356540000000000856e-01
5.931061837567777051e-01 -1.931480598413337635e-01 7.816130000000000022e-01
5.609899883057859471e-01 3.301994045155278758e-03 8.278159999999999963e-01
-8.122777830832640378e-01 4.976398671065263707e-02 5.811439999999999939e-01
2.141950319336995145e-01 -9.544041422892721727e-01 2.079260000000000830e-01
-4.516304100796528914e-02 -6.973186331641459956e-01 7.153370000000000006e-01
-6.250634363963316620e-01 -2.914772034986770066e-01 7.241109999999999491e-01
-0.000000000000000000e+00 -0.000000000000000000e+00 1.000000000000000000e+00
-9.461686957509867213e-01 -3.236738959197614229e-01 -9.100000000008409630e-05
-4.598433181974401901e-02 1.996974410028619917e-01 -9.787780000000000369e-01
-2.260196435672643944e-01 2.997828536002798416e-01 9.268469999999999764e-01
7.928595583625202003e-01 4.375453081364138463e-01 4.241789999999999727e-01
-7.465941728992001591e-01 6.532711512870894577e-01 1.258329999999999171e-01
7.907148635624251520e-01 5.545229043172656969e-01 2.593729999999999647e-01
-1.848000828307648225e-01 9.103964080562612082e-01 3.701720000000000566e-01
3.697409220465542323e-01 8.852278133651042547e-01 2.822470000000001367e-01
3.202894354977476321e-01 2.354015851104960810e-01 9.176060000000000327e-01
-1.274209096801754149e-01 9.132213526808693471e-01 -3.870279999999999276e-01
-4.632571660932094382e-01 -3.916991404372605068e-01 7.949619999999999465e-01
2.672417434185174190e-01 -5.928654307839439364e-01 7.596659999999999524e-01
-8.558055646126139226e-01 -3.338758301421128616e-01 3.951249999999999485e-01
5.978392087370495434e-01 -3.869671351105395396e-01 7.020290000000000141e-01
9.775218804775107073e-02 5.249420098409700586e-01 8.455059999999999798e-01
-6.768507788663387092e-01 7.456497563890504554e-02 7.323340000000000405e-01
8.065043534677979187e-01 9.523204173748092694e-02 5.835080000000000267e-01
-2.473783878504592082e-01 4.954757768281994323e-01 8.326510000000000300e-01
-8.386795877560380141e-01 3.835852688208479244e-01 3.866249999999999409e-01
-8.456000447514572249e-02 -9.023240477534461013e-01 4.226830000000000309e-01
-9.783666522367763241e-01 3.609098717135540701e-02 2.037059999999999427e-01
-9.716480131054886504e-01 1.928400026010063939e-01 -1.367949999999999999e-01
6.367099301919713072e-01 -6.366459301989880748e-01 4.350660000000000638e-01
-6.078412083005786393e-01 7.882982701412534210e-01 9.547200000000007070e-02
-5.178293931272445055e-02 2.031277619434000981e-01 9.777820000000000400e-01
-8.086037912545485096e-01 5.269498639650366245e-01 2.616940000000000377e-01
2.941249932902933462e-01 8.515849805732748079e-01 -4.339280000000001469e-01
-7.211918969767491250e-01 4.121129411291013511e-01 5.568170000000000064e-01
6.567211197178591808e-01 4.990290909711788681e-01 5.654090000000000504e-01
2.569765466222093675e-01 4.142168810926509792e-01 8.731480000000000352e-01
7.051868004774271004e-01 -4.563728708757887609e-01 5.426189999999999625e-01
-5.746613469193423418e-01 4.035682436315414234e-01 7.119670000000000165e-01
-9.757777565552897547e-01 1.478499631132261689e-02 -2.182639999999999858e-01
-3.368100809971283360e-01 -6.266501506987630365e-02 9.394850000000000145e-01
1.540539175691503226e-01 -7.257926116443991216e-01 6.704419999999999824e-01
5.364811116296293036e-01 -7.912861646488186240e-01 2.933499999999999996e-01
-9.408678604320435124e-01 -1.492869778548303050e-01 3.041070000000000717e-01
1.938310800386454646e-01 9.603113965412741759e-01 2.005780000000000618e-01
7.397888815046589350e-01 6.534758953298014372e-01 -1.602549999999999530e-01
-7.232043157576786285e-01 -4.987202177458499031e-01 4.777589999999999337e-01
-1.715909855597200495e-01 -7.919709333514987071e-01 5.859509999999999996e-01
-9.996792319586608189e-01 2.374000550846666266e-02 -8.823000000000080778e-03
-1.135935131983130536e-01 -3.437675267942926771e-01 9.321589999999999598e-01
-8.401345814985977656e-01 2.229238889535531121e-01 4.944479999999999431e-01
-1.528850333209260393e-01 9.744182123721103483e-01 1.647280000000000966e-01
-4.160984144224580406e-01 5.450562329394247341e-01 7.278569999999999762e-01
-7.564400731761603547e-01 -3.225130311991208365e-01 5.690199999999999703e-01
7.598112685404512234e-02 -3.921336546854776173e-01 9.167650000000000521e-01
6.052008864720095360e-01 3.549629334134674630e-01 7.125540000000000207e-01
6.461690631182949174e-01 7.631790745479235527e-01 -4.821000000000043133e-03
3.746734606949402302e-01 5.103806275591878105e-02 9.257509999999999906e-01
7.469924781987522522e-01 3.052031953805312003e-01 5.906379999999999963e-01
4.938990775969133162e-01 5.438080854381609486e-01 6.784810000000000008e-01
7.765388013620383445e-01 6.281098393300400540e-01 4.965399999999996900e-02
1.013172510117389957e-01 3.191937907971021393e-01 9.422580000000000400e-01
-2.412829043173047583e-01 -6.453757440710072846e-01 7.247569999999999846e-01
9.222717624312368745e-01 -1.684069566199096479e-01 3.479280000000000150e-01
5.495952327714267449e-01 -5.816842463621660908e-01 5.996569999999999956e-01
8.309149265785377159e-01 -3.170549719843284708e-01 4.572269999999999390e-01
-5.696469452992044546e-01 5.683769454211572425e-01 5.936749999999999527e-01
-8.611271983688170151e-01 -4.983471147989843031e-01 1.005490000000000828e-01
-4.067874918268066242e-01 3.654125435138423361e-01 8.372560000000000002e-01
7.353001585376727212e-01 -6.743991454068379854e-01 6.722699999999996734e-02
3.106569747503774570e-01 9.445449232291407426e-01 -1.064290000000000513e-01
-8.558860746309878698e-01 5.156950449672355052e-01 3.895700000000010960e-02
1.629791380843639004e-01 8.045486816552978038e-01 5.710859999999999825e-01
8.783775794241567292e-01 4.667647765084240730e-01 1.028760000000000230e-01
8.985378952062467173e-01 3.568239583847024887e-01 2.555510000000000281e-01
-5.885329355317768796e-01 -7.789509146732862543e-01 2.164819999999999522e-01
6.668988970289929652e-01 6.534908990992244204e-01 -3.580439999999999179e-01
9.812027356829833291e-01 1.660819552607372962e-01 9.827500000000000124e-02
-1.518999201479409762e-02 8.706965422847333658e-01 4.915860000000000785e-01
-1.987530656509622073e-01 7.368065362321539469e-02 9.772760000000000336e-01
4.406032080113344573e-01 3.919051850207148635e-01 8.076379999999999670e-01
3.595528888940834888e-01 8.084917501668887896e-01 4.658999999999999253e-01
7.314353401583294501e-01 -2.570701195519790594e-01 6.315990000000000215e-01
-6.548267185128129331e-01 6.961897007323083475e-01 2.941460000000000741e-01
-4.657346278578228804e-01 -1.995702690410957048e-01 8.621269999999999767e-01
3.072539003851988415e-01 5.685848156590906921e-01 7.630900000000000460e-01
1.842519090283016026e-01 8.992215560224446902e-01 3.968019999999999325e-01
9.431595598895831101e-01 1.736761030996716859e-01 2.833489999999999620e-01
4.407076754048512846e-01 -5.014586306598504128e-01 7.445239999999999636e-01
-1.513213573836160453e-01 -1.395044856575586023e-01 9.785909999999999886e-01
3.371870521264910270e-01 7.016911084759781536e-01 6.276420000000000332e-01
3.438501717027180882e-01 -8.728554358632426569e-01 3.462520000000001152e-01
-3.715737852893229443e-01 -7.261045804267896031e-01 5.785369999999999679e-01
3.482598359882273231e-02 9.938275319603369073e-01 1.053279999999999772e-01
-6.137085163744699923e-01 -1.023390861081277109e-01 7.828720000000000123e-01
5.836001337887545271e-01 -8.054141846390264758e-01 1.035319999999999158e-01
9.829186926452295747e-01 1.483389536149984922e-01 -1.089329999999999049e-01
8.610947198161535976e-01 2.442879205133562937e-01 4.459140000000000881e-01
-4.992988204955101650e-01 3.321398805913462066e-02 8.657930000000000348e-01
1.350098840104751174e-01 6.786014170007885760e-01 7.219919999999999671e-01
-4.294778322254649838e-01 -5.706767770664191719e-01 6.999119999999999786e-01
2.668869992168581562e-01 -4.271879987464778372e-01 8.638759999999999772e-01
-2.102600274573352135e-01 8.067311053490131556e-01 5.522460000000000147e-01
2.731670751857458446e-01 -9.619662647689184443e-01 8.090000000000951248e-04
5.344002507808950746e-03 9.515634465453138846e-01 3.074059999999999016e-01
-1.035309137011679176e-01 -5.285185594500928508e-01 8.425850000000000284e-01
-2.390061432789129525e-01 6.670623998892005746e-01 7.056230000000000002e-01
1.327950374645893994e-01 9.894032791338314148e-01 -5.870799999999995467e-02
-4.100369146629051498e-01 -8.726998183732626035e-01 2.650750000000000051e-01
4.410398214609556611e-01 -3.205888702211733832e-01 8.382760000000000211e-01
-7.522524780831556512e-01 -1.304550829088365338e-01 6.458310000000000439e-01
-2.875047783984406857e-01 -4.696916379733233615e-01 8.347040000000000015e-01
-4.933490449384427823e-01 -7.667550698425974476e-01 4.107229999999999492e-01
5.092130575009277127e-01 1.995914144986128680e-01 8.371769999999999490e-01
2.001019052157725631e-01 9.421725537119078897e-01 -2.688309999999998756e-01
3.721820963798263548e-01 -6.871521779440983302e-01 6.239409999999999679e-01
-4.096501353248421101e-02 7.545662492652870368e-01 6.549439999999999706e-01
-2.964237200886207235e-01 -2.797187358630505161e-01 9.131759999999999877e-01
2.537938941344369259e-01 -8.181836587093866964e-01 5.159110000000000085e-01
-8.625416539803542060e-01 -1.456529415694545193e-01 4.845690000000000275e-01
-8.102670861429944749e-01 -5.062590538225872905e-01 2.952439999999998954e-01
3.389061222615050717e-01 9.372753381251796023e-01 8.159399999999993047e-02
4.902049649651540886e-01 8.696039378495891148e-01 -5.905999999999998751e-02
3.548398540949557201e-02 -8.294686589344161254e-01 5.574249999999999483e-01
-9.311588733411562124e-01 3.611919508696569414e-01 -4.983499999999990715e-02
-8.989735252926757125e-01 3.518088142256516893e-01 -2.609159999999999258e-01
-7.025121886487685208e-01 5.630871512083338581e-01 4.352119999999999878e-01
-8.366796281856818396e-02 9.949475578525687203e-01 -5.548900000000008687e-02
-7.205704150515834794e-02 6.065803493928269008e-01 7.917499999999999538e-01
7.161506456551091082e-01 -5.239904724105573508e-02 6.959760000000000391e-01
-9.205569914132116782e-01 -3.322779969005712486e-01 2.053440000000000265e-01
-3.657289006307711254e-01 8.301847744372379267e-01 4.207560000000000189e-01
-5.587669626355197261e-01 -6.306399578294065167e-01 5.385839999999999517e-01
8.358027812191490824e-01 -1.170339693650320756e-01 5.364109999999999712e-01
5.325301549084927588e-01 7.717682245008126163e-01 3.475420000000001286e-01
-5.364000595476985378e-01 7.129920791518132850e-01 4.515720000000000289e-01
5.180530602483974789e-01 6.730320782721062045e-01 5.278720000000000079e-01
4.081030948292027616e-01 -8.998712090992947443e-01 1.538950000000000873e-01
6.723910170454848734e-01 1.531080038813727451e-01 7.241880000000000539e-01
-3.695060114583603728e-01 1.687510052329590504e-01 9.137769999999999504e-01
8.299306118825271195e-02 -5.692714197064551174e-01 8.179499999999999549e-01
-4.990769495859678218e-01 8.248379166793712303e-01 2.656400000000000428e-01
6.988818680882518120e-01 -6.679598739246808137e-01 2.557220000000000049e-01
8.365299050797883051e-01 -5.218979407807625703e-01 1.668539999999998913e-01
2.088409394649233808e-01 -6.089298234943129468e-02 9.760520000000000307e-01
-5.508600088946620232e-01 2.240140036171238413e-01 8.039720000000000200e-01
-6.706803956821451029e-01 -6.222873671316501154e-01 -4.036660000000000248e-01
-7.036810854057153064e-02 4.207206489482331335e-01 9.044569999999999554e-01
-6.039557980593455166e-01 -4.695428430021046373e-01 6.440240000000000409e-01
5.192452619617927700e-01 8.419704247782275885e-01 1.465269999999999628e-01
4.650490057212569583e-01 -7.509850092389795950e-01 4.687760000000000815e-01
4.166473640207006279e-01 -1.355137931488959724e-01 8.989110000000000156e-01
