-5.469379394188956800e-01 -1.883249791403476814e-01 8.157159999999999966e-01
-4.540432277280185280e-01 -6.862623441988657813e-01 5.682329999999999881e-01
-2.416607445446646574e-01 -5.241284459530107798e-01 8.166330000000000533e-01
-4.672506163290822134e-01 3.984426728289688913e-01 7.892529999999999824e-01
-9.382165230529614375e-01 -3.293598325682899342e-01 1.061689999999999301e-01
-7.172821176951500455e-01 -2.029190332959452392e-01 6.665809999999999791e-01
8.103143346011716375e-01 1.896730783212532967e-01 5.544499999999999984e-01
6.142793392687487808e-01 6.750703728438610662e-01 -4.085839999999999472e-01
-3.189628136537313030e-01 5.624866713808381880e-01 7.628049999999999553e-01
9.964312925209835026e-01 -6.136501801484514629e-02 5.795700000000011259e-02
1.756328983570260294e-01 -4.245547542999731361e-01 8.882039999999999935e-01
3.024292271923446074e-01 -1.453591479202833402e-02 9.530610000000000470e-01
1.619479933799013727e-01 8.818469639519225245e-01 4.428529999999999966e-01
2.517706839688356180e-01 -2.303076256615586570e-01 9.399840000000000417e-01
3.614308471994425731e-01 8.038846601451560270e-01 4.723740000000000716e-01
-7.969622209566189497e-01 3.498350969912727981e-01 4.924090000000000411e-01
-2.662228319792829812e-01 -6.875815660479347446e-01 6.755419999999999758e-01
2.204250169062078324e-01 7.506750575754451704e-01 6.228160000000000363e-01
-8.098098326143992054e-01 5.790418803135389814e-01 9.443799999999989703e-02
9.558136833415894484e-01 -1.288699573057421610e-01 2.642209999999999281e-01
-6.950599648520473517e-01 5.266959733659166698e-01 4.893700000000000827e-01
3.999802087805010564e-01 -3.627982823318032235e-01 8.416609999999999925e-01
1.756260502643228472e-01 -9.811242807985914860e-01 8.093599999999993855e-02
7.249462099683694483e-01 5.771451671603052835e-01 3.759740000000000304e-01
1.176880372174777256e-01 5.022711588374327851e-01 8.566639999999999810e-01
-2.823549016953135204e-01 2.309399195959543558e-02 9.590319999999999956e-01
-7.452060238241641210e-01 6.562810209812404150e-01 -1.181660000000000765e-01
2.982170705052356041e-01 -8.269051954990217501e-01 4.767540000000000111e-01
8.316996782040769060e-03 8.106636863431886386e-01 5.854530000000000012e-01
4.380904516897323742e-01 6.565056768850413560e-01 6.140660000000000007e-01
-4.251650652000529829e-01 8.735151339555800032e-01 2.370779999999999277e-01
-7.343445208891592468e-01 6.116836009172317290e-01 2.942469999999998698e-01
6.023940847882273131e-01 7.981851123462239128e-01 4.678999999999981785e-03
-2.868407572470797057e-02 3.382778930388730121e-01 9.406090000000000284e-01
-6.479944412738369852e-01 3.814522597628800527e-01 6.592400000000000482e-01
4.782161337141640489e-01 8.266532311407708278e-01 2.965700000000001113e-01
-3.650258836135693019e-01 7.014997763307789791e-01 6.120900000000000230e-01
-6.988412142938345006e-01 -6.819122091026960097e-01 2.159090000000000176e-01
-8.728107752769406202e-01 -3.594849074432275859e-01 3.301089999999999303e-01
-9.099100643955631007e-01 4.014090284082588167e-01 1.045679999999999249e-01
-1.979120927714717593e-01 8.266163874771758069e-01 5.268169999999999797e-01
4.564138554924090374e-01 8.031697457042031862e-01 -3.828899999999999526e-01
7.962986935867178984e-01 -1.897301652574890501e-02 6.046059999999999768e-01
4.427207964436957188e-01 8.907385904519123931e-01 1.028739999999999377e-01
-8.075430922587761851e-01 -2.431900277835520596e-02 5.893070000000000253e-01
-5.778647552731145387e-01 2.037189137246306903e-01 7.902979999999999450e-01
3.262540275168121506e-01 -6.948540586051572543e-01 6.408869999999999845e-01
7.546080252387581400e-01 6.559210219380544604e-01 -1.828500000000007897e-02
-9.248552523951297788e-01 -5.604001529344921143e-03 3.802780000000000049e-01
3.446330519306712858e-01 4.072390613643924184e-01 8.458040000000000003e-01
-9.505050085161180773e-01 -2.827680025334802227e-01 -1.287729999999999708e-01
5.834101493745493666e-02 6.679231710130048016e-01 7.419400000000000439e-01
6.772479548161577378e-01 1.277799914749229993e-01 7.245740000000000514e-01
4.934458966687231829e-01 -7.079178517566849793e-01 5.053349999999999786e-01
-4.397097613868941601e-01 -5.374047083717081730e-01 7.196190000000000087e-01
-1.960165172594717786e-01 -3.379651676748171019e-01 9.205200000000000049e-01
-5.224999094532506438e-01 5.562699036010712028e-01 6.461869999999999559e-01
7.828359631660326556e-01 5.963909719386351060e-01 1.774419999999999886e-01
-5.406071174768836141e-01 -8.187601779210655906e-01 1.933279999999999166e-01
-8.612630165524552961e-01 1.568770030149900796e-01 4.833379999999999344e-01
8.703114992486287171e-01 -4.816137228937772963e-01 1.029859999999999387e-01
-3.877308303394252365e-01 9.126256006596022985e-01 -1.295350000000000668e-01
-1.329563288695039813e-01 -1.374482724101845355e-01 9.815450000000000008e-01
3.257678967079480903e-01 -5.376628295218851550e-01 7.776849999999999596e-01
-8.469286096782870921e-01 4.359047991057265481e-01 3.044649999999999856e-01
7.464397962666952102e-01 -2.254249384725091621e-01 6.261079999999999979e-01
-9.249129762091972129e-01 2.325109940193041957e-01 3.007900000000001128e-01
-7.352769517890420659e-01 1.827819880152712906e-01 6.526549999999999851e-01
-9.507439796015647593e-01 -1.778719961837146035e-01 2.538650000000001183e-01
5.732172593768932733e-01 -2.953201336303427071e-01 7.643349999999999866e-01
8.711922512256976558e-01 -1.845560532204265636e-01 4.549320000000000030e-01
-9.729897678049671539e-01 2.078289504035380486e-01 1.004889999999998978e-01
-5.103327060253525227e-01 8.586935053538260476e-01 4.696799999999992647e-02
6.301449257113080904e-01 5.306809374372607468e-01 5.668290000000000273e-01
2.302099359432554018e-02 9.997347218202086161e-01 7.210000000000447388e-04
-4.826997817934147728e-01 1.197601939667977330e-02 8.757040000000000379e-01
8.792103708943428686e-02 9.701864092725265287e-01 2.258500000000000785e-01
-2.359719351865721959e-01 9.169907481339732991e-01 3.216290000000000537e-01
-3.976601609602082449e-02 9.192123720679846732e-01 3.917489999999999584e-01
3.526809565636024879e-01 1.914225191882667765e-01 9.159549999999999637e-01
-5.926354151644163126e-01 -3.740712620516308262e-01 7.133399999999999741e-01
-8.595795234318636124e-01 -1.955188916004032551e-01 4.721179999999999821e-01
7.856647974603260254e-01 -5.403588606987257403e-01 3.012359999999999483e-01
6.581211577916428190e-01 -5.751091378886161731e-01 4.859280000000000266e-01
-7.787894174319760776e-02 -8.103883937945801641e-01 5.806940000000000435e-01
-3.064769905208348799e-01 -9.063629719666908002e-01 2.908229999999998872e-01
2.861529336743554586e-01 5.923398627051532639e-01 7.531600000000000517e-01
5.837845926726239476e-01 -7.996814420336754159e-01 1.403750000000001108e-01
5.103712489732318280e-01 5.803002830865516132e-02 8.579940000000000344e-01
2.064901193560299275e-02 -2.919881687758654198e-01 9.561990000000000212e-01
-1.135889491913570498e-01 -9.163685901058609140e-01 3.838830000000000298e-01
9.069191431846236329e-01 2.741200432781417187e-02 4.204120000000001189e-01
-7.559099134353316485e-01 -3.718539574163349237e-01 5.388180000000000192e-01
-7.586153122617351752e-01 -5.265412167352427897e-01 3.837409999999998877e-01
-1.549169043131279067e-01 6.963705698757215456e-01 7.007630000000000248e-01
-8.819830737925440367e-01 -4.695900392890118846e-01 -3.988799999999990964e-02
7.869019376503729735e-01 3.914199689861113662e-01 4.770490000000000563e-01
1.345315822414829554e-01 1.269235493145501048e-01 9.827470000000000372e-01
6.430088939295472983e-01 -8.602498580935771799e-02 7.610120000000000218e-01
7.925280335667238552e-01 -3.912810165723119571e-01 4.677589999999999248e-01
-9.788708467728732265e-02 5.328594609504287982e-01 8.405230000000000201e-01
3.383801223206178016e-02 -9.708813509627129967e-01 2.371589999999998977e-01
6.353007549910695273e-01 -7.029637288962903297e-01 3.197420000000000262e-01
-4.040814512824086324e-01 -3.641555054993709795e-01 8.391119999999999690e-01
-6.593507027308476154e-01 -4.509004805662254409e-03 7.518219999999999903e-01
5.255801100176038521e-01 2.736430572806178851e-01 8.055339999999999723e-01
-6.188638492748111952e-01 -5.347988697489589605e-01 5.753239999999999466e-01
1.308650093886436772e-01 -6.169220442598158938e-01 7.760679999999999801e-01
-3.057008526172007579e-01 9.488525425444759298e-01 7.890400000000007130e-02
9.544907843065865150e-01 -2.816739363480361691e-01 9.801599999999999202e-02
4.541763911641991669e-01 -1.488331281840988007e-01 8.783919999999999506e-01
-5.768466642084883744e-02 6.915179889862210771e-02 9.959369999999999612e-01
6.541531216043080521e-01 -4.206760782019097755e-01 6.285819999999999741e-01
8.647622467079826292e-01 4.222811204725618883e-01 2.717810000000000503e-01
9.038817133984420327e-01 2.337039258974838718e-01 3.583020000000000094e-01
8.931805988525167717e-01 -3.447238451767726253e-01 2.887800000000000922e-01
9.836461946007470925e-01 -2.123800420164436223e-02 -1.788549999999999307e-01
9.089300710065972844e-02 -8.907360695852613031e-01 4.453400000000000136e-01
-5.925122392182428088e-01 7.584213062016281759e-01 2.715259999999999341e-01
-3.843330310327105481e-01 -9.183670741529279535e-01 9.428699999999994030e-02
4.983602946563840397e-01 4.782422827615748218e-01 7.231330000000000258e-01
-5.612279387695442434e-01 6.813769256611854619e-01 4.698390000000000621e-01
-3.984507873239503395e-01 8.079825687333385131e-01 4.340519999999999934e-01
1.749427781435349827e-01 3.166035984941137915e-01 9.322859999999999481e-01
-1.135869688803053945e-01 9.803697314057511214e-01 1.611620000000000275e-01
1.252290074067535230e-01 -7.699340455382650550e-01 6.257150000000000212e-01
9.733420475731195953e-01 8.684000424439683452e-02 2.122830000000000550e-01
-6.850700821369383464e-02 -6.667000799344550144e-01 7.421710000000000251e-01
-2.349189864992037302e-01 -9.701199442471982737e-01 -6.066599999999990056e-02
5.020149177660068185e-01 -5.451079107070354590e-01 6.714449999999999585e-01
6.730414504122053110e-01 3.366937250648355251e-01 6.585229999999999695e-01
-1.887862345084252991e-01 2.176501174709765674e-01 9.575949999999999740e-01
-8.388171175893492926e-01 -5.156440722854239711e-01 1.746340000000000392e-01
2.451510795949055910e-01 -9.252373004032274917e-01 2.895459999999999146e-01
4.534840601465495724e-01 -8.303621101326821297e-01 3.238069999999999005e-01
-3.506928766000721454e-01 -1.744539386140841197e-01 9.200979999999999714e-01
2.877649806125787135e-01 9.182839381329950257e-01 2.719300000000000050e-01
-6.756047750945290975e-01 7.334207558478766931e-01 7.518099999999994232e-02
-1.648190666280840433e-01 -9.744333939145596313e-01 1.526900000000000202e-01
6.401247623635726303e-01 7.394427254933133575e-01 2.084820000000000562e-01
2.753890712411568575e-01 8.189492118562256007e-01 -5.034709999999997798e-01
-3.942408539447252447e-01 2.152569202532961801e-01 8.934419999999999584e-01
5.653240441826224982e-01 6.982640545724835279e-01 4.391309999999998825e-01
-2.587691282608357013e-01 3.991021978179613017e-01 8.796340000000000270e-01
9.306642919359280064e-02 -9.259444223145313346e-02 9.913450000000000317e-01
9.904608598085415938e-01 1.357499807857245611e-01 -2.364799999999989480e-02
-3.455802952412811990e-02 -4.895734182596206963e-01 8.712769999999999682e-01
