-6.825127044084373651e-01 -5.044197815392570394e-02 7.291309999999999736e-01
2.288650086519433691e-01 -7.614510287856639525e-01 6.064760000000000151e-01
3.761898792246080037e-01 -6.928977775458474708e-01 6.151210000000000289e-01
1.182970133438136506e-01 -6.936600782443325119e-01 7.105219999999999869e-01
7.778945454228196610e-01 -9.497606659272049556e-02 6.211759999999999504e-01
-2.992308993345099144e-01 -1.546304312205734055e-01 9.415679999999999605e-01
6.196313450362790354e-01 3.077771713830180778e-01 7.220320000000000071e-01
-4.393385266257841537e-01 -7.258892178759235314e-02 8.953839999999999577e-01
5.613187820531382322e-01 2.921098865806113706e-02 8.270840000000000414e-01
-7.446486907302256597e-01 -6.067177480161271008e-01 2.781939999999999413e-01
4.123155595811351937e-01 2.457503335242811338e-01 8.772699999999999942e-01
5.548039176979385756e-01 6.497509036130837412e-01 5.196310000000000651e-01
8.611800561395399622e-01 4.727820308202280164e-01 1.866709999999999758e-01
9.950592139720253471e-01 5.176401113104641544e-02 8.472099999999993525e-02
4.052577707214531921e-01 -5.562046853217600395e-01 7.255359999999999587e-01
2.907301071641619702e-02 -9.787903607856399679e-01 2.027909999999999435e-01
5.129375809261201846e-01 -6.083595029656887476e-01 6.056350000000000344e-01
-5.251385782828669191e-01 3.602317107127707696e-01 7.710139999999999771e-01
8.992654534307176206e-01 2.450041235368212444e-01 3.623459999999999459e-01
1.491881934051969005e-01 -8.885992395052751125e-02 9.848080000000000167e-01
-3.422591779893074393e-01 -8.499524420113654388e-01 4.005489999999999329e-01
8.996804762077768025e-01 -2.420048591052417764e-01 3.633299999999999308e-01
-4.105699040500810360e-01 -8.765677951466773754e-01 2.511199999999998989e-01
-4.269395367183753121e-01 -3.932115733173415228e-01 8.143139999999999823e-01
4.322898408988647967e-01 7.472727249717029396e-01 5.046869999999998857e-01
-8.377151461847183178e-01 3.112960543224344012e-01 4.486960000000000948e-01
7.026348563026559857e-01 3.851169212389219942e-01 5.983220000000000205e-01
9.622849721282445978e-01 1.782159948381272230e-01 -2.055400000000000282e-01
6.725468895849725515e-01 6.906958866053705126e-01 2.657439999999999247e-01
-1.282825107500450423e-01 2.545740135729972486e-01 9.585069999999999979e-01
-1.505409463479361887e-01 -7.361695179554578194e-02 9.858590000000000408e-01
5.397417625233413840e-01 -8.150666413853513426e-01 2.105830000000000757e-01
9.017485434632854790e-01 -3.540018207761694291e-01 2.480570000000001107e-01
-5.580815907568840162e-01 -3.071253251073016721e-01 7.708559999999999857e-01
2.840767646732692553e-01 1.590058682809162571e-01 9.455249999999999488e-01
-4.720790699070099294e-01 8.782801300585891813e-01 -7.593000000000006688e-02
-6.797923646318310142e-01 6.853033675878615893e-01 2.612309999999999910e-01
-2.720249275372277897e-01 6.209808345813628838e-01 7.351090000000000124e-01
-5.298219976898315142e-01 8.438019963207933349e-01 8.536299999999999444e-02
-4.373900146783303855e-01 -2.345955442259931856e-01 8.681330000000000435e-01
8.323552612552076457e-01 -3.700041161349086338e-01 4.126520000000000188e-01
2.980380646943330269e-01 8.287611798969932719e-01 4.736330000000000262e-01
-2.603622003297857423e-01 3.294582534941756791e-01 9.075619999999999798e-01
7.759118797037342086e-01 6.969998919381358016e-02 6.269789999999999530e-01
-8.364206784671995853e-01 -3.335028717964355072e-01 4.349439999999999973e-01
5.672201177072937472e-01 4.602050954999561405e-01 6.829880000000000395e-01
-2.559027479105485114e-01 4.901665171376257124e-01 8.332169999999999854e-01
-6.856910733393956070e-01 -7.093930758744882992e-01 1.630619999999999015e-01
2.869091161822853731e-01 -8.900613604255046551e-01 3.542229999999998991e-01
-2.690948025929962295e-01 -7.975014149557582144e-01 5.399810000000000443e-01
7.441916813712452505e-01 -4.018028279664528912e-01 5.336039999999999672e-01
7.147838822529738456e-01 -6.272748966684119631e-01 3.092090000000000671e-01
-1.208719148727085135e-01 4.220917027305851055e-01 8.984590000000000076e-01
8.636021982117340068e-01 -3.866000887314485421e-03 5.041590000000000238e-01
9.726927817869603921e-01 2.204929505348062202e-01 7.246799999999993525e-02
-1.440339413433789906e-01 8.999533852979298143e-02 9.854720000000000146e-01
5.461704407981692322e-01 1.964447988681133905e-01 8.143139999999999823e-01
5.359880032592178045e-01 -4.638110028203262791e-01 7.054049999999999487e-01
-1.438601021244086953e-01 8.896316315378823836e-01 4.334280000000000910e-01
-3.020299187160409640e-02 -9.986427312397581080e-01 4.243199999999996280e-02
-4.873329400905141995e-01 -6.160219242703423026e-01 6.188890000000000224e-01
-5.322042596145433180e-01 5.344262606984574449e-01 6.566180000000000350e-01
1.350105829924355683e-02 3.408244717223227194e-01 9.400300000000000322e-01
-5.652510578924634377e-01 7.262730743841815384e-01 3.911759999999999127e-01
8.634918019518932342e-01 -4.032589075096451037e-01 -3.029259999999999176e-01
-8.349299832312780112e-02 9.925159800663233556e-01 8.911199999999999677e-02
1.098689687833657030e-01 -9.342047345681137038e-01 3.393970000000000042e-01
1.541184698243650286e-01 4.186642762823171160e-01 8.949679999999999858e-01
-1.270199329042277225e-01 7.005266299606357494e-01 7.022310000000000496e-01
7.544105777042354744e-01 4.715207360572404305e-01 4.566540000000000599e-01
8.486167032536944266e-01 1.615759434997400823e-01 5.037289999999998713e-01
-8.955062161568578816e-01 -4.374061055808742826e-01 8.212500000000001743e-02
2.965106902134508893e-01 -3.330067751685286681e-01 8.950909999999999700e-01
-5.543202387887359306e-01 1.927617352930780237e-01 8.096740000000000048e-01
3.890959616293245826e-01 -8.930439119325270791e-01 2.260019999999999807e-01
-4.342528571268373661e-01 8.218357296085261332e-01 3.687959999999999572e-01
-1.196609606667349973e-01 5.753608108755010608e-01 8.090990000000000126e-01
9.892158113949981457e-01 -1.187789773534662779e-01 8.569499999999993789e-02
-2.883181463810886580e-01 8.255314191279294889e-01 4.851499999999999702e-01
5.508239566960188016e-01 -3.030399761759863808e-01 7.776629999999999932e-01
6.747441270789450440e-01 -1.983040373478876794e-01 7.109119999999999884e-01
-8.713468933571089092e-01 -5.379999341549815232e-03 4.906380000000001296e-01
7.468155297967570272e-01 2.335111656546407510e-01 6.226869999999999905e-01
-6.778542221355511321e-01 -2.149530704409845228e-01 7.030710000000000015e-01
-3.146841034118624258e-01 -9.399843088987561712e-01 1.319219999999999560e-01
7.890609688223848561e-01 -5.933199765565619899e-01 1.592299999999999827e-01
-7.671259057841604001e-01 -6.230449234797049707e-01 -1.527509999999999701e-01
1.315159848081263738e-01 -9.878518858897564758e-01 8.277799999999990721e-02
6.458911705531676928e-01 7.546191992637469870e-01 1.156479999999999592e-01
9.733806968797961146e-01 -1.305799593361322772e-02 2.288219999999999421e-01
0.000000000000000000e+00 -0.000000000000000000e+00 1.000000000000000000e+00
-9.913404557642087056e-01 -1.160400533488802205e-01 6.147200000000001274e-02
7.316600301006455087e-01 6.816660280438818775e-01 2.242000000000020019e-03
-5.288023361766976960e-01 -4.699812987822671873e-01 7.067430000000000101e-01
-4.175141210973919992e-01 2.457710712843811096e-01 8.748019999999999685e-01
4.339796399729781151e-01 5.093075774813529133e-01 7.431470000000000020e-01
-1.010779360387873138e-01 -8.258934773820041375e-01 5.546919999999999629e-01
-8.576880017379693300e-01 -1.682540003409402907e-01 4.858620000000000161e-01
1.547230170157525564e-01 8.895330978269122557e-01 4.298739999999999783e-01
-9.731705107010476530e-01 2.258091185002548962e-01 4.415199999999992742e-02
8.126275586352696978e-01 3.201738261030740440e-01 4.869549999999999157e-01
-6.600106072096482146e-01 2.651958421747060424e-01 7.028919999999999613e-01
3.876470113015978991e-01 -9.198830268185944625e-01 -5.954000000000007897e-02
5.607587870670499575e-01 7.357397206227831443e-01 3.797849999999999282e-01
1.953800564430525563e-02 5.028411452650262126e-01 8.641579999999999817e-01
1.671280183118225293e-01 8.011160877763990884e-01 5.747010000000000174e-01
1.114197239439307721e-02 -4.753578222425318689e-01 8.797220000000000040e-01
9.247327171060325535e-01 3.146899037301549851e-01 2.141019999999999868e-01
4.291210403569208909e-01 8.299040780487789704e-01 3.565310000000000423e-01
1.411919747488305232e-01 9.762158254108185274e-01 -1.645220000000000016e-01
-9.968519049414450439e-01 5.278499496648857842e-02 5.916099999999994974e-02
-5.542901011550637191e-01 6.415751170841255124e-01 5.302299999999998681e-01
-5.656289809719432515e-01 2.567699913621210306e-02 8.242599999999999927e-01
-9.190497341293237810e-01 3.933768862005232458e-01 2.453999999999998544e-02
-5.672554821810861236e-01 -1.425431211651524976e-01 8.111120000000000552e-01
-9.689254109383973468e-01 1.547640656381766289e-01 1.929549999999999321e-01
3.398668734319764129e-01 -8.034317007982526571e-01 4.888639999999999652e-01
6.756780742141661467e-01 6.108980670989520023e-01 4.126290000000000791e-01
-4.132379348834535615e-01 6.491858977036227829e-01 6.385859999999999870e-01
6.212898779208723132e-01 -6.311858759763777638e-01 4.643310000000000493e-01
4.582531544202679830e-01 6.206552091458461540e-01 6.362320000000000197e-01
-3.427979718303006407e-01 -6.824329439205235603e-01 6.455809999999999604e-01
-8.032828998136278820e-01 -4.673319417138199205e-01 3.692390000000000949e-01
6.299986440676995370e-03 -3.231523044863633398e-01 9.463260000000000005e-01
7.350129677423649088e-01 -6.775039702662716268e-01 2.728200000000007702e-02
5.124337549636377442e-01 8.556635908374660149e-01 7.246699999999990649e-02
6.783025213131211872e-01 -3.072702361542244479e-02 7.341400000000000148e-01
-4.737625888485672010e-01 -3.661706822214245705e-01 -8.009169999999999900e-01
1.309630418454607037e-01 -5.653631806454892939e-01 8.143789999999999640e-01
-1.337180145201541104e-01 8.071520876469241434e-01 5.749999999999999556e-01
-4.246341350601214870e-01 -7.452022370207583846e-01 5.141589999999999216e-01
7.344281782387200863e-01 4.350231055759621879e-01 -5.209320000000000617e-01
-7.861187140116770999e-01 5.275504791607103089e-02 6.158200000000000340e-01
1.685310912044874487e-01 6.942493757090636430e-01 6.997250000000000414e-01
-2.835838465179726930e-01 1.702305081501869488e-01 9.437170000000000281e-01
-3.881168717609774221e-01 -5.491538185522094606e-01 7.401320000000000121e-01
8.219162189309396904e-01 -4.917191309774998631e-01 2.875170000000000781e-01
-9.347663571397879512e-01 8.454303230077823972e-02 3.450570000000000026e-01
-1.789110242532976625e-01 -8.866481201946102564e-01 4.264340000000000908e-01
-5.658880598692136443e-01 -6.700810708925131198e-01 4.803769999999999429e-01
2.141929806160660921e-01 -9.516449138784937034e-01 2.202119999999999078e-01
-5.565650658148817431e-01 -8.035860950255898638e-01 2.109139999999999626e-01
5.636916294108761383e-01 -1.380099092678182815e-01 8.143740000000000423e-01
-9.142974922329843990e-01 2.440448644665071387e-01 3.232679999999999443e-01
-7.744709894096231118e-01 4.669089936153293374e-01 4.268379999999998842e-01
4.468821571442662122e-01 -8.193822881324001051e-01 3.590389999999998860e-01
-2.477209214960590100e-01 -9.270237062217682178e-01 2.815340000000000065e-01
4.054290347096062841e-01 8.929050764434239840e-01 1.958260000000000833e-01
1.713860682015003745e-01 5.613782233952709921e-01 8.096179999999999488e-01
-2.378000368388589504e-03 9.756561511440635659e-01 2.192929999999999879e-01
2.585280560194005428e-01 9.540812067360041615e-01 1.513020000000000198e-01
8.422329517997020343e-01 5.378209692209489079e-01 3.731299999999988792e-02
-9.325524876121700224e-01 -7.554603950144209157e-02 3.530420000000000225e-01
6.351910229689996523e-01 5.285170191115852178e-01 5.632070000000000132e-01
4.211379782005510442e-01 -4.054639790118873544e-01 8.113209999999999589e-01
-7.670458225285219367e-01 -2.774749358005930699e-01 5.784880000000000022e-01
7.577983710905692762e-03 1.688186371194758117e-01 9.856179999999999941e-01
-2.097329641897379970e-01 -9.776398330756506105e-01 1.524600000000007893e-02
-1.435069198623201148e-01 -3.832337859931319035e-01 9.124349999999999961e-01
-4.685721994791552936e-01 -8.787043740793980540e-01 9.120699999999995478e-02
-4.195498835433112972e-01 8.812707553809974170e-01 2.175770000000001037e-01
1.552858541632703426e-01 -4.104476145280705479e-01 8.985649999999999471e-01
6.592589757759436120e-01 -7.442969726512758122e-01 -1.067689999999999750e-01
-4.324789382115167280e-01 8.908819326621834900e-02 8.972320000000000295e-01
2.910429513548425384e-01 9.019758492430175467e-01 3.189569999999999350e-01
-1.840238459183885233e-01 -7.241203937001120527e-01 6.646689999999999543e-01
6.109506868748518782e-01 -7.900325950915865203e-01 5.086999999999992916e-02
9.624125284272408987e-01 1.539519245650574353e-01 2.237429999999999142e-01
1.491015922211128475e-03 -1.643317548604645295e-01 9.864039999999999475e-01
-7.591304105685807435e-02 -9.454305113272469807e-01 3.168570000000000553e-01
-9.263656345996573727e-01 7.838596908104220051e-02 -3.683779999999999832e-01
-2.303291504582457572e-01 -6.119383997374104878e-01 7.566239999999999633e-01
-8.651888694067808583e-01 1.546429766579012210e-01 4.770049999999999568e-01
-2.293710407853031263e-01 9.725091729254108364e-01 4.018499999999992217e-02
-7.837497686409745645e-01 5.528348368059115003e-01 2.830370000000000386e-01
6.361444738446333513e-01 -5.115635768855466559e-01 5.776010000000000311e-01
-2.683650497258433520e-01 9.454171751780511279e-01 1.848420000000001173e-01
-1.343100341848745827e-01 -5.254861337478446970e-01 8.401340000000000474e-01
9.092720790989178292e-01 2.343500203864535558e-01 -3.439539999999999265e-01
2.955000613361446864e-03 9.271211924400040161e-01 3.747500000000000830e-01
9.567976334834834562e-01 -1.822839301732479544e-01 2.265190000000000536e-01
-2.761819281669396497e-01 7.360888085482562015e-01 6.179780000000000273e-01
-9.307494887457843369e-01 3.217211689389756213e-01 1.737839999999999385e-01
6.541241858863194869e-01 -3.585901019026596082e-01 6.659840000000000204e-01
2.806276091046503440e-01 -4.926983137044488870e-01 8.237090000000000245e-01
-8.439760053637124226e-01 -4.878680031005424578e-01 2.229109999999999148e-01
2.871781533033941347e-01 3.283051752581006011e-01 8.998580000000000467e-01
3.153910314245171320e-01 7.237700721140515325e-01 6.137470000000000425e-01
5.433638713476613979e-01 8.069048089490371556e-01 2.316470000000000473e-01
8.502367807122165333e-01 4.022628962508551509e-01 3.395320000000001115e-01
1.531503402219547838e-01 -2.521545601588429109e-01 9.554909999999999792e-01
8.373670921415604651e-01 -5.466390601506513347e-01 -1.445999999999902008e-03
-6.544591884579048502e-01 -3.780651088675345828e-01 6.547899999999999832e-01
2.930994813119208176e-01 -6.907011342315862515e-03 9.560570000000000457e-01
2.960334361124832836e-01 -1.705892513097945484e-01 9.398210000000000175e-01
-8.808909262110887761e-01 4.563009617773891025e-01 -1.257800000000000029e-01
-7.711569326078963060e-01 6.228499455685782005e-01 1.318139999999999035e-01
4.878488522263608185e-01 -7.244337805627387716e-01 4.870309999999999917e-01
-6.245663252278130795e-01 4.130565537398306897e-01 6.627979999999999983e-01
4.322299418585213160e-01 -2.414889675160735438e-01 8.688270000000000159e-01
2.651812896511633322e-01 -6.334396918909849239e-01 7.269339999999999691e-01
6.921751790517549630e-01 5.772941493343500818e-01 -4.331570000000002363e-01
1.891100157939075085e-02 7.589570633858441218e-01 6.508659999999999446e-01
-5.576637585576706968e-01 7.941686561621100759e-01 2.414690000000000725e-01
-3.229996639759606658e-02 -7.352002351541477854e-01 6.770800000000000152e-01
-6.792011498138430525e-01 1.098568624873002275e-01 7.256839999999999957e-01
7.776050445869303607e-01 5.511640316030773645e-01 3.025699999999999501e-01
3.663001356507318389e-03 -8.926543305737457690e-01 4.507269999999999888e-01
-1.437879489989519199e-01 9.507686627659091005e-01 2.745250000000000190e-01
7.387540224158350988e-01 -5.215040158238705148e-01 4.269379999999999842e-01
-2.956700353725871810e-01 7.587000907673439876e-03 9.552599999999999980e-01
-9.067670622411605486e-01 -3.474050238461374729e-01 2.389209999999999112e-01
-7.733828528021814419e-01 2.113799597680902920e-01 5.976599999999999691e-01
4.351384642111168488e-01 -7.880708407237585478e-02 8.969080000000000386e-01
-8.635206673584556736e-01 4.801958150211299570e-01 1.540910000000000613e-01
1.466519369663780992e-01 9.507665913435375815e-01 2.730130000000001167e-01
-2.905179358361346109e-01 8.944728024465090632e-01 3.398790000000000422e-01
9.232302375144992856e-01 3.788420974626777737e-01 6.422300000000001619e-02
-4.282160749891145701e-01 7.458411306115512174e-01 5.102470000000000061e-01
-1.491472540654568413e-01 -2.321463954506597926e-01 9.611779999999999768e-01
1.484112652260452248e-01 2.516327541835610693e-01 9.563760000000000039e-01
-6.276914865538665289e-01 -7.056155469565543736e-01 3.288010000000000099e-01
-6.181490122202124571e-01 -5.325690105283781284e-01 5.781539999999999457e-01
3.879732621829114492e-01 -3.942982664571958451e-01 -8.330700000000000882e-01
6.678330358785360410e-01 1.372570073739695640e-01 7.315460000000000296e-01
-4.933279687499771970e-01 -7.875399501130221358e-01 3.693350000000000799e-01
-1.803039906574898377e-01 8.626539553013038431e-01 -4.725659999999999306e-01
4.282385247884707424e-01 8.399110292759737195e-02 8.997540000000000537e-01
9.549013979893523629e-01 2.854251189611393125e-01 -8.182800000000006735e-02
-9.782905537826099840e-01 -1.244499432359565463e-02 2.068639999999999646e-01
-4.095814256348733751e-01 5.213005417327941649e-01 7.486580000000000457e-01
3.144468843078297438e-01 -9.446226524518127610e-01 9.386800000000004862e-02
1.370800794364079866e-02 8.543914951105360256e-01 5.194490000000000496e-01
1.465696426314990752e-01 7.795380993174509665e-02 9.861240000000000006e-01
2.661296539402573103e-02 6.407861667584097143e-01 7.672579999999999956e-01
-7.979371567521410524e-01 -5.924691163886174339e-01 1.107999999999999957e-01
-6.807532192806234894e-01 6.094861963244675440e-01 4.063270000000000493e-01
7.814588760914763510e-01 1.097989825902165317e-01 -6.142199999999998772e-01
9.250449292662690226e-01 8.508899349365443843e-02 3.702050000000000618e-01
7.691670097601893685e-01 -2.596190032943828663e-01 5.839349999999999818e-01
-2.955166347171224728e-01 -3.127976133564110972e-01 9.026779999999999804e-01
9.504796782742981343e-01 -2.934049006860433018e-01 1.024790000000000006e-01
8.531137391974716877e-01 -1.735969469302619250e-01 4.919970000000000176e-01
3.116770362802854244e-01 4.636070539654651990e-01 8.294129999999999558e-01
-6.636556371115746034e-01 5.180437167325068204e-01 5.396220000000001571e-01
-2.849750530070954135e-01 -4.644570863918465187e-01 8.384920000000000151e-01
7.290804526862394719e-02 -8.110755035969883231e-01 5.803800000000000070e-01
6.725982382281247007e-01 -7.170642539775795576e-01 1.828400000000000858e-01
3.076777949787912192e-01 6.103995932600128071e-01 7.298949999999999605e-01
-7.411503320408076023e-01 3.655671637767820559e-01 5.630779999999999674e-01
5.892938181782308993e-01 -7.323937740259144347e-01 3.410750000000001281e-01
1.020549813949557516e-01 9.895898195936917441e-01 1.014729999999998966e-01
6.076849519844201852e-01 7.928349373549912205e-01 -4.617100000000003146e-02
-3.674628945162967120e-01 -9.295417331662439997e-01 -3.038400000000002557e-02
-3.004700050660405464e-02 -6.228940105022330309e-01 7.817290000000000072e-01
