4.279504146554213295e-01 6.241806047893933007e-01 6.536490000000000355e-01
6.371347285434658669e-01 7.636066746590446375e-01 -1.047099999999999004e-01
9.384035311729638229e-01 1.679059161140912249e-01 3.020040000000000502e-01
0.000000000000000000e+00 -0.000000000000000000e+00 1.000000000000000000e+00
2.443283681442907362e-01 1.851472789725737422e-01 9.518529999999999491e-01
4.176629315729148417e-01 -8.794138559227496765e-01 2.284490000000000409e-01
6.558080342800514106e-01 4.700020245676977404e-01 5.907740000000000213e-01
-3.078207984310164513e-01 -6.771715565706312168e-01 6.683449999999999669e-01
3.096099863323222845e-01 4.427179804562935694e-01 8.415120000000000378e-01
4.765147543490792503e-01 4.004497935617740839e-02 8.782539999999999791e-01
1.696530615851339074e-01 7.409452689678169834e-01 6.497829999999999995e-01
4.850496864415821535e-02 5.541806417521539796e-01 8.309819999999999984e-01
7.046353977061236007e-01 -5.531003121775911885e-03 7.095479999999999565e-01
9.179567908764926232e-01 3.903409110748335409e-01 7.063499999999989232e-02
2.838813465852684237e-01 -4.306340088020623180e-01 8.567179999999999795e-01
-1.533103704199996302e-02 3.015977287036769039e-01 9.533120000000000482e-01
2.600973500975314878e-01 -1.396527249008845395e-01 9.554300000000000015e-01
8.126100377863156032e-02 9.178340426792248596e-01 3.885580000000000145e-01
2.607929118810332070e-01 -6.902827667612827511e-01 6.749049999999999772e-01
7.972899575052737609e-01 2.151149885345946533e-01 5.639629999999999921e-01
-5.609170142117460012e-01 -5.518290139814866491e-01 6.171360000000000179e-01
-2.831527461339278795e-01 3.815786578882726099e-01 8.798989999999999867e-01
-5.139842525393859551e-01 -6.782503332493593218e-02 8.551140000000000407e-01
-4.053432894360652350e-01 7.375845266734858408e-01 5.400610000000000133e-01
7.096398935484422577e-01 -5.297799205288508118e-01 4.644830000000000347e-01
-2.173518887104979314e-01 6.208966820856585134e-01 7.531569999999999654e-01
-5.020167219222241295e-01 5.089197180985074453e-01 6.992709999999999759e-01
-8.807313859277734469e-01 1.480790648867802428e-01 4.498719999999999941e-01
8.805076222400016750e-01 -3.463658514003057354e-01 3.236309999999998910e-01
3.995389840239189638e-01 9.039999638523966707e-01 -1.521599999999999620e-01
-7.232426933002001901e-01 3.426838546807721708e-01 5.995730000000000226e-01
1.984810722439866656e-02 -3.092826708217075726e-01 9.507630000000000248e-01
-7.009028037408105982e-01 -2.594069273636899764e-01 6.644120000000000026e-01
8.252177510111281533e-01 4.428098663931683832e-01 3.506210000000001270e-01
9.492289166364250574e-01 -3.106539727176181875e-01 -4.958400000000006552e-02
-2.772711160585648593e-01 1.047270438360496103e-01 9.550669999999999993e-01
1.454280694404446739e-01 -9.745564653409392042e-01 1.705589999999999606e-01
2.646210376900070549e-01 9.514631355170118931e-01 1.571420000000000594e-01
5.531764165567246705e-01 2.913812194178977411e-01 7.804440000000000266e-01
-2.481897097863546287e-01 -1.862505326493460178e-01 9.506379999999999830e-01
2.976997083593526175e-02 -5.862514256805073654e-01 8.095820000000000238e-01
-1.016389782133987341e-01 8.072588269617968493e-01 5.813800000000000079e-01
7.379905541491349474e-01 -2.842452134366602046e-01 6.120250000000000412e-01
-9.375673665195933815e-01 -2.707911058593221454e-01 2.182649999999999590e-01
5.213459217911459165e-01 8.394728740678524259e-01 1.532440000000000191e-01
-8.778855063164993089e-01 -1.391490802536032578e-01 4.582080000000000042e-01
-7.837299538481544703e-01 -4.376259742293294730e-01 4.407389999999999364e-01
-3.438159957304397496e-01 9.369699883645613570e-01 6.227200000000005647e-02
5.149285852425795618e-01 -5.139655860182427149e-01 6.860669999999999824e-01
-8.643909846216769610e-01 3.948779929747515682e-01 3.112869999999998694e-01
1.929259639251791336e-01 -8.732888367055543499e-01 4.473770000000001357e-01
7.594554002893626476e-01 6.369893357406573031e-01 1.321820000000001050e-01
-7.705101750570085839e-01 6.169811401757900882e-01 1.601509999999998768e-01
-3.676611557017018250e-01 -8.234043487054759636e-01 4.322389999999999843e-01
-9.775762266945731138e-01 6.145501425108122057e-02 2.014149999999999552e-01
5.221901597163315367e-01 -2.469840755421942591e-01 8.162819999999999521e-01
-8.441530143653552809e-01 5.261460089536782458e-01 -1.028400000000000564e-01
-2.226819711527324441e-01 -4.756959383761160121e-01 8.509560000000000457e-01
4.743151944647907570e-01 -7.375223023772418118e-01 4.807139999999999747e-01
-4.705102927985178041e-01 -3.560802215886935129e-01 8.073580000000000201e-01
6.703033619970422130e-01 -6.997003778728879686e-01 2.472099999999999576e-01
8.214610853251553824e-01 5.444850565556578204e-01 -1.695220000000000893e-01
-6.688470038620430991e-01 5.937150034282172584e-01 4.473770000000001357e-01
-4.681404919620698463e-02 -7.865058265275948202e-01 6.158059999999999645e-01
-5.341864358569172744e-01 2.277421858209051075e-01 8.141119999999999468e-01
6.047131999996038232e-01 -7.964222634044324511e-01 -5.789999999999924547e-03
-5.282840113929557768e-01 8.007550172690567347e-01 2.823249999999999371e-01
6.156741103850713603e-01 6.830911224723615893e-01 3.928510000000000613e-01
1.368660156015054086e-01 9.857331123647863347e-01 -9.796899999999997277e-02
-6.162141491410096927e-01 -6.916051673877383621e-01 3.767789999999999195e-01
9.770173012117139288e-01 -1.284660396057223652e-01 1.700990000000000835e-01
-2.439899430930462243e-01 9.072347884012452734e-01 3.426279999999999881e-01
-7.307161289743935306e-01 3.807200671986522844e-02 6.816189999999999749e-01
8.841132889454327293e-01 -7.292502383331732341e-02 4.615469999999999851e-01
-1.041739728177256963e-01 -9.222297593611755717e-01 3.723439999999999528e-01
-9.937715223660651409e-01 -1.096949472775903545e-01 -1.962599999999990741e-02
3.623228995027812371e-01 8.278957703671987467e-01 4.281480000000000286e-01
-5.286002164052077540e-02 9.900094053028808405e-01 1.307180000000000564e-01
