-6.941408949543270701e-02 5.114966594715160131e-01 8.564770000000000438e-01
1.191320392819256030e-01 -6.367412099554494720e-01 7.618190000000000239e-01
-7.588003649432099040e-01 -5.846102811669083854e-01 2.871459999999999568e-01
-9.300984009447808010e-01 1.511999026155825820e-01 3.347470000000000168e-01
-6.753403403242662639e-01 2.968097100748294248e-01 6.751439999999999664e-01
4.396060688001146022e-01 8.575081342034657217e-01 -2.672569999999999113e-01
1.664330553254900757e-01 -9.758263243830954670e-01 -1.416439999999999089e-01
-1.678457532474769143e-01 -2.059376972479469992e-01 9.640630000000000033e-01
5.325160006239844090e-01 7.985520009357165439e-01 2.806089999999999418e-01
-3.163012069846266039e-01 -4.052472651901162792e-01 8.577460000000000084e-01
3.487280139972001036e-01 -8.726510350263549931e-01 3.418609999999999705e-01
5.280912297121029830e-01 -7.204023133646634269e-01 4.495999999999999996e-01
2.629769147434906640e-01 -4.515215705805126351e-02 9.637449999999999628e-01
8.113661198729821278e-01 -8.848001307222815026e-02 -5.778029999999998445e-01
-1.759929387243962529e-01 -9.201546796290017705e-01 3.497740000000000293e-01
4.865597634133609350e-01 8.603195816749890923e-02 8.694009999999999794e-01
-1.759348526426273984e-01 -6.433874611193607373e-01 7.450499999999999901e-01
9.204787077697578201e-01 1.768889438419395110e-01 3.484669999999999712e-01
-4.348911968758588653e-01 -5.836612642242784421e-01 6.857180000000000497e-01
2.813859924077552477e-01 -9.542769742520788023e-01 1.008830000000000143e-01
-3.534999410569041912e-03 9.295508450053537874e-01 3.686769999999999770e-01
-6.876229906357843591e-01 -5.982769918525198127e-01 -4.113870000000001137e-01
6.737462305821153574e-01 -5.169421769176810733e-01 5.280500000000000194e-01
4.495098129136035903e-01 7.297856962625239863e-01 5.151250000000001661e-01
-4.215883500761739011e-01 -1.184858173413573940e-01 8.990129999999999511e-01
9.229897653153104620e-02 -9.235377651759736350e-01 3.722350000000000381e-01
9.109005891149093426e-01 1.094689506212200986e-01 -3.978400000000001380e-01
9.575790682612752569e-01 2.755220196406594768e-01 8.443899999999994466e-02
6.151398507855382336e-02 6.979558306968683956e-01 7.134939999999999616e-01
-4.924411412575601665e-01 1.918090550207462441e-01 8.489470000000000072e-01
-4.872670719050281041e-01 4.818450711049144242e-01 7.282830000000000137e-01
-2.949760501576538241e-01 -9.114651549853067802e-01 -2.867409999999999681e-01
-5.660360295656828855e-01 -6.988730365041402326e-01 4.372409999999999908e-01
7.875228178834520198e-01 3.467299198178711017e-01 5.094959999999999489e-01
8.260760650831526775e-01 3.659310288302082825e-01 -4.285940000000001415e-01
-4.115297453484313001e-02 -4.584207163326441958e-01 8.877819999999999601e-01
9.033675183994177571e-01 -3.939537899765370166e-01 -1.694920000000000315e-01
4.366666072934468068e-01 -2.132632965956184901e-01 8.739799999999999791e-01
5.751552517156712785e-01 -3.728541631789603072e-01 7.281320000000000014e-01
4.445123453050082718e-01 3.589322788249073026e-01 8.207170000000000298e-01
-3.014439470862056436e-01 8.843028447743956910e-01 3.565670000000000228e-01
-9.841546295657037646e-01 1.623939388751697854e-01 7.118900000000005779e-02
8.541648980598868235e-01 4.532099459117632789e-01 2.549570000000000447e-01
9.440684108839837441e-01 -2.957521287192871329e-01 1.458270000000000122e-01
6.581262549448627652e-01 -8.467490414077566419e-02 7.481309999999999905e-01
7.807057330871526313e-01 -2.506669143003348865e-01 5.724200000000000399e-01
1.187220665225780097e-01 -2.663961492676057974e-01 9.565240000000000409e-01
-3.693699697617121303e-02 -8.094079337382247274e-01 5.860840000000000494e-01
8.456791268056238486e-01 5.331990799507043688e-01 -2.292499999999999399e-02
9.184907403247957181e-01 -1.270029640937908322e-01 3.744929999999999648e-01
7.141828112907596671e-01 6.867568185375572121e-01 1.353069999999999828e-01
1.093709743369702669e-01 9.860607686286793072e-01 1.253879999999999995e-01
-6.833951391436235978e-01 7.284731483217945502e-01 4.793699999999996575e-02
2.882268575380440567e-01 -4.433687808560093924e-01 8.487339999999999884e-01
7.629419006543720627e-01 -5.891409232856723577e-01 -2.661439999999999362e-01
1.931131133812350742e-01 8.280794861848747024e-01 5.263000000000001011e-01
4.233713444167767626e-01 -5.998354879721030652e-01 6.789359999999999840e-01
4.468317519481628808e-01 -8.880555070095198511e-01 -1.081610000000001043e-01
4.665089857017684638e-01 8.835859729185990830e-01 4.056099999999997208e-02
-3.187479855073734325e-01 -7.834769643773781267e-01 5.334449999999998360e-01
-6.437906924185108348e-01 5.613277318165336149e-01 5.200429999999999220e-01
5.414430312868426798e-01 -8.263110477477080273e-01 1.550790000000000501e-01
-5.632708197847774434e-01 7.635597557034975447e-01 3.157570000000000654e-01
6.666380960279604251e-01 2.181570314251088938e-01 7.127419999999999867e-01
2.476971309799626264e-01 -7.785584116945208910e-01 5.766219999999999679e-01
-8.403317584968825749e-01 4.159628804563419435e-01 -3.475879999999998970e-01
-3.797584875852799691e-02 2.637179497248325899e-01 9.638520000000000421e-01
5.854437776131452553e-01 4.968968112486233935e-01 6.405849999999999600e-01
-2.612372190972404584e-01 8.588774326026001049e-02 9.614460000000000228e-01
-5.566892799331775166e-01 -3.121321569567614418e-01 7.698509999999999520e-01
-7.562121750101481465e-01 -1.932760447298660367e-01 6.251299999999999635e-01
-4.232599880393123626e-01 7.231709795642805583e-01 5.457790000000000141e-01
8.220183743940331356e-01 4.602502096241855439e-02 5.675980000000000469e-01
3.324279929155524727e-01 6.166379868586895352e-01 7.136169999999999458e-01
9.868290855230117398e-01 9.130000791246607739e-02 -1.335389999999999633e-01
-2.949853486565226501e-01 3.641604304176797591e-01 8.833860000000000046e-01
9.889008219295106761e-01 4.364999213998482612e-03 1.485130000000000339e-01
-1.541200201218126745e-02 9.922691295500312147e-01 -1.231439999999999757e-01
-2.589989194919150028e-01 -9.617347010511893002e-01 8.936399999999994348e-02
8.159142464212364443e-01 -3.658631104974455761e-01 -4.476919999999997568e-01
-6.365415039786787021e-01 -8.280006555655352804e-03 7.711980000000000501e-01
1.869708121921735688e-01 4.618995360326733080e-01 8.670010000000000217e-01
8.441102307177785757e-01 -5.337381458848321492e-01 5.100500000000007111e-02
-6.447040528020416827e-01 -7.546730618086366915e-01 1.217589999999999784e-01
-2.582490733396818894e-01 6.331061797946657688e-01 7.297150000000000025e-01
2.326558112795050759e-01 2.139067459008136829e-01 9.487440000000000317e-01
0.000000000000000000e+00 -0.000000000000000000e+00 1.000000000000000000e+00
-1.338679765118423459e-01 8.126568574131549649e-01 5.671580000000000510e-01
7.172511731587047912e-01 -6.476101563459777388e-01 2.572000000000000397e-01
-6.545443769014459567e-01 -4.847152791100129421e-01 5.801920000000000410e-01
-9.208549401605420348e-01 -3.425939777373859796e-01 1.861600000000000199e-01
