3.271722455058905799e-01 -3.329092498108656151e-01 8.843809999999999727e-01
-7.072169752496570982e-01 6.052579788178971132e-01 3.653859999999999886e-01
6.215606147977403850e-01 3.686997715042077406e-01 6.911749999999999838e-01
-8.686632256380132366e-01 -3.973521032134622599e-01 2.958639999999999048e-01
6.695928150323950945e-01 -2.958229182821926484e-01 6.812740000000000462e-01
-9.465002195335003865e-02 9.577812221500431322e-01 2.714710000000000178e-01
1.238280151207582225e-01 -8.693401061559585807e-01 4.784500000000000974e-01
8.611752451022027799e-01 3.498790995803565673e-01 3.687300000000000022e-01
4.601138120219283589e-01 -6.339107410177315938e-01 6.216530000000000111e-01
-9.570334547466468056e-01 1.703780809573171573e-01 -2.346449999999999370e-01
-5.257689965589984471e-01 -8.489009944441953115e-01 -5.416699999999993742e-02
-6.013928397730569086e-01 -7.402308027829550552e-01 3.006410000000001026e-01
7.879179252724924920e-01 -4.871659537963330400e-01 3.766359999999999153e-01
-4.799800551124323023e-01 8.679810996636196929e-01 1.273889999999999745e-01
-3.721398662733265139e-01 7.804847195365650636e-01 5.023500000000000743e-01
-4.850791813052677259e-01 4.933921844123711486e-01 7.219849999999999879e-01
-1.323362456365685669e-01 4.633868601177830726e-01 8.762189999999999701e-01
-8.052998338511260235e-01 2.746819433278219758e-01 5.253970000000001139e-01
-5.104198577784302415e-01 8.100617742872743277e-01 -2.885680000000001022e-01
-2.202291284635556623e-01 9.934560684893249671e-02 9.703760000000000163e-01
-7.779151333810248037e-01 -1.361730233481732721e-01 6.134370000000000100e-01
8.657606903937234422e-02 -6.313405034572784347e-01 7.706579999999999542e-01
1.468846829776054019e-01 8.276094825968031282e-03 9.891189999999999705e-01
-1.848360678103749821e-01 9.754083578457786174e-01 -1.200589999999999991e-01
-8.908895406314570886e-02 -3.143998378863048782e-01 9.451009999999999689e-01
-2.889230908278536680e-01 -6.292131978037968087e-01 7.215359999999999552e-01
2.401404664114087928e-01 3.642821905703200747e-01 8.997950000000000115e-01
-2.470798865359900842e-02 7.583286517603654575e-01 6.514039999999999830e-01
6.251070261828994834e-01 6.712460281154531971e-01 3.983340000000000214e-01
-9.358191631760808260e-01 3.332480581075001336e-01 1.148400000000001087e-01
-6.240291543178849709e-01 -5.048331248415709460e-01 5.964319999999999622e-01
-7.678531476565867431e-01 6.398911230497513758e-01 -3.067399999999997212e-02
-9.834399465434083831e-01 -1.718159906606425702e-01 -5.766399999999989590e-02
8.355380658351385659e-01 1.789700141017102134e-02 5.491409999999999902e-01
3.384651384053229961e-01 6.539772674246908668e-01 6.765759999999999552e-01
-2.580200461637793263e-01 -8.696231555890409082e-01 4.209290000000000531e-01
-4.528943765224047735e-01 -2.496332075373432213e-01 8.559029999999999694e-01
5.234778178050585318e-01 3.812305955788362205e-02 8.511859999999999982e-01
-9.594353021943315962e-01 -5.811001830297183104e-03 2.818690000000000362e-01
8.183576271250539991e-01 5.735027386902795676e-01 3.722100000000001102e-02
-2.691549155668082061e-01 -8.930137198639360729e-01 -3.606690000000000729e-01
-1.886419819860447045e-01 -9.803579063828560258e-01 5.755500000000011301e-02
-5.637210086297729239e-01 1.347827629685316997e-01 8.148940000000000072e-01
