6.134276012144742607e-01 -4.049367367531080397e-01 6.780359999999999721e-01
6.632894427162282502e-01 -6.659504444923286526e-02 7.453940000000000010e-01
-1.466319963738032250e-01 9.881089755641494499e-01 -4.625699999999996481e-02
7.754821637354709640e-01 -5.072811071074422307e-01 3.758900000000000019e-01
8.518268125226897691e-01 4.342919044173335630e-01 -2.928850000000001175e-01
6.590221572528586202e-01 -5.987601428734118381e-01 -4.551659999999999040e-01
4.641902207432656996e-02 -9.382904461991836698e-01 3.427189999999998848e-01
-4.186267629859379835e-01 -8.053415440394934288e-01 4.197339999999999405e-01
-1.752180385597575663e-01 7.726591700370036842e-01 6.101609999999999534e-01
-1.452246727686280492e-01 -3.553681992571153248e-01 -9.233760000000000856e-01
-7.037533592484792599e-01 3.313921691674095449e-01 6.284189999999999499e-01
9.885105287763821247e-01 6.322196986204546565e-02 1.372949999999999171e-01
-8.628117548632447953e-01 4.096738836059823363e-01 2.961809999999999721e-01
-1.341500268276019092e-01 -8.107831621421066615e-01 5.697670000000000234e-01
1.215498461863827595e-01 6.538671725725850870e-01 7.467819999999999458e-01
-2.565439635234065263e-01 -3.798259459946107253e-01 8.887730000000000352e-01
6.536266053033390477e-01 5.239306836210617657e-01 5.461399999999999588e-01
4.077607182808555830e-01 -2.101943392936184152e-01 8.885659999999999670e-01
-1.593948382636243277e-01 5.114144810727527801e-01 8.444220000000000059e-01
-1.663900835604940551e-02 -6.062553044592082774e-01 7.950960000000000250e-01
6.920303795402183988e-01 -7.057543870670740516e-01 -1.516729999999999468e-01
2.124069918602863039e-01 -7.791779701408813041e-01 5.897160000000000180e-01
-1.146272494719311891e-01 -1.101672397652755930e-01 9.872809999999999642e-01
1.092587960659883728e-01 -3.377083696596971940e-01 9.348880000000000523e-01
4.412779815200766897e-01 -8.954499625001761665e-01 -5.867800000000002875e-02
-8.123040122827867027e-01 -2.176260032907059994e-01 5.411110000000000086e-01
-5.635625234656939098e-01 -3.060872843095236995e-01 7.672729999999999828e-01
1.344890008454802943e-01 9.847870061909755890e-01 1.100329999999999780e-01
-1.582820342195655483e-01 9.449642042952295373e-01 2.863379999999999814e-01
-2.384160835417534208e-01 -9.515023334094413476e-01 1.944250000000000145e-01
7.826787836716485591e-01 6.218098281349924150e-01 2.768500000000001168e-02
8.318007867429628721e-01 -2.053539473513669722e-01 5.156910000000000105e-01
5.233378357753413201e-01 -6.815067861415481376e-01 5.115330000000001265e-01
-5.026760075489461466e-01 -8.641660129776289612e-01 2.310700000000001642e-02
3.292271625754630282e-01 -5.362102647856618054e-01 7.772310000000000052e-01
3.769129388196360009e-01 8.842758564646810981e-01 2.756680000000000241e-01
-4.529054321668064542e-01 2.860296413884375610e-01 8.444310000000000427e-01
-8.840047089539332381e-01 1.112029633879948326e-01 4.540590000000000459e-01
3.908610416209631899e-01 7.254120772457374189e-01 5.665729999999999933e-01
-9.645694417620152006e-01 -1.196530547997605581e-01 2.351360000000000949e-01
-9.779536491445723900e-01 1.800279354122984732e-01 1.058140000000000330e-01
4.491694434046789586e-01 1.539218092653894809e-01 8.800879999999999814e-01
6.622482771961246684e-01 7.040742947031689569e-01 -2.563330000000000330e-01
-6.843930158130565600e-01 2.147400049616167775e-02 7.287970000000000281e-01
-4.369126985374866545e-01 5.804135995242455381e-01 6.871880000000000210e-01
7.043728046499656559e-01 2.426669326990006925e-01 6.670620000000000438e-01
6.438671938328608402e-01 7.094752135838131579e-01 2.864960000000000284e-01
-3.705021341298539439e-01 -6.110142212004755491e-01 6.995639999999999636e-01
-4.183348199547424762e-01 -4.028688635813488378e-02 9.073989999999999556e-01
6.497367785888645830e-01 -7.386257482981247735e-01 1.796499999999999764e-01
-1.514953334804412244e-01 2.087354594807742103e-01 9.661669999999999980e-01
3.744609295923944092e-01 -8.815228342526357785e-01 2.875699999999999368e-01
-1.028899629098148499e-01 -8.765246840268772210e-01 -4.702319999999999833e-01
-6.474558950825106685e-01 -5.326069136933024861e-01 5.450970000000000537e-01
4.200034176562638666e-01 4.635704609798363962e-01 7.801919999999999966e-01
-4.301121421095628339e-01 8.134792687745172612e-01 3.914779999999999927e-01
1.761568536452768341e-01 2.397911620132208571e-02 9.840700000000000003e-01
9.440709916899450160e-01 -2.439209978529189859e-01 2.218840000000000534e-01
-8.906393941450360119e-01 -1.021580452091910146e-01 -4.430860000000000354e-01
8.656785725278213217e-01 -4.993897534012823325e-01 3.479200000000007981e-02
-9.389625059455827261e-01 -3.437288191400184045e-01 -1.413899999999997277e-02
8.561234525616586710e-01 4.038962135065213843e-01 3.223669999999999036e-01
