2.811018704584432593e-01 6.646496937062144061e-01 6.922589999999999577e-01
9.125165537481146893e-01 3.302998384720527980e-01 -2.412790000000000767e-01
-5.234409480785363611e-01 -4.984099505614258407e-01 6.910840000000000316e-01
9.594165055331465020e-01 -2.114608910166743960e-01 -1.865590000000000859e-01
-7.376968971339908920e-01 -6.149129142552480776e-01 -2.787210000000000520e-01
-6.719399491444828509e-01 6.286239524228374176e-01 3.915719999999998646e-01
-5.930499814125532732e-01 -7.733999757600010794e-01 2.239290000000000169e-01
2.142560704788536996e-01 1.165014945739341751e-01 9.698050000000000281e-01
4.090378744002463041e-01 -7.355207741499407703e-01 5.400899999999999590e-01
9.530422103883843254e-01 3.602600795290442082e-02 3.006869999999999266e-01
-7.387859743857366768e-01 8.047599720983672489e-02 6.691179999999999906e-01
6.295381140962000854e-01 -2.720090492983636699e-01 7.278000000000000025e-01
-3.484358445654220926e-01 9.366585821637364306e-01 -3.554099999999997539e-02
-2.974809391987972007e-01 -7.454598476377834182e-02 9.518130000000000202e-01
-2.828642315551066488e-01 4.605133769802338128e-01 8.413770000000000415e-01
6.557215229194833517e-02 -4.761461058538666857e-01 8.769179999999999753e-01
2.405769364285681444e-01 9.589237466084801209e-01 1.502930000000001209e-01
-8.043577128951573396e-01 5.566218013212127502e-01 -2.078000000000000125e-01
6.619956423292343572e-01 2.727508526349721740e-01 6.981180000000000163e-01
-1.081590556991578328e-01 -8.869214567419522188e-01 4.490789999999998949e-01
-1.837560742233743660e-01 8.580183465736694881e-01 4.796229999999999660e-01
