-6.946210854561253312e-01 -4.075570501399211065e-01 5.927890000000000104e-01
9.661300766815505980e-01 1.131770089828365161e-01 2.319130000000000358e-01
-9.909524759270237348e-01 -1.184160568719517248e-01 -6.317299999999996529e-02
4.441629966159619802e-01 6.959729946974443360e-01 5.642169999999999686e-01
-7.236659554369099245e-01 -1.121269930952599331e-01 6.809809999999999475e-01
-1.819041375497535973e-01 -6.959955262882659976e-01 6.946229999999999905e-01
3.537840745545518528e-01 5.216771099354265973e-01 7.763309999999999933e-01
-3.908922218105760904e-01 1.199433749066260435e-01 9.125879999999999548e-01
4.376031868089947929e-01 -8.885963793340664330e-01 -1.374769999999999603e-01
-3.409060494554982945e-01 -7.056281023660022633e-01 6.211860000000000159e-01
-6.652819866658922221e-01 1.894099962036949192e-01 7.221659999999999746e-01
6.456662307776165344e-01 -3.001651072866827197e-01 7.021509999999999696e-01
-7.649934744819919530e-01 5.276396375339921507e-02 6.418730000000000269e-01
1.201729943164447367e-01 -7.550109642919232700e-01 6.446060000000000123e-01
-5.361639813461317461e-01 1.590819944653228124e-01 8.289879999999999471e-01
5.587730640431635143e-01 -1.961343734887249779e-01 8.057940000000000103e-01
-5.166337131626167478e-01 -3.168668240741006614e-01 7.954149999999999832e-01
-8.907431611052852860e-01 -3.339410603986336379e-01 3.083179999999999810e-01
-2.510376039265083681e-01 2.114496663862052428e-01 9.445999999999999952e-01
-5.770730381711961510e-01 7.993180528718623057e-01 1.675629999999999620e-01
9.622575401837172304e-01 2.721221527615528268e-01 -3.156000000000095361e-03
-5.811558011520873146e-01 7.438257454930391477e-01 3.301230000000000553e-01
9.912712005217355626e-01 -3.838800776541266557e-02 1.261259999999998771e-01
-6.896337943645372004e-01 7.232367843447755629e-01 3.652099999999989383e-02
-2.881151607000748127e-01 -1.798654760390941132e-01 9.405520000000000547e-01
-7.285901305603174061e-01 -6.119901096660790296e-01 3.076110000000001343e-01
-1.012126654379062463e-01 3.168379526807898472e-01 9.430640000000000134e-01
1.842379846757149775e-01 7.216049399793705854e-01 6.673400000000000443e-01
5.906243232089033457e-01 -5.960073261546581236e-01 5.440019999999999856e-01
-8.604789817717243272e-01 9.216699804754632797e-02 5.010800000000000809e-01
-4.787109377763470452e-01 7.436189033431643836e-01 4.667620000000000102e-01
1.857879840348476974e-01 9.753619161850984876e-01 1.189620000000000816e-01
6.271910843764305632e-01 -4.562370613778730100e-01 6.312520000000000353e-01
9.489033554600708742e-01 2.699501011235565517e-01 1.634300000000000197e-01
-4.133133559333390661e-01 -4.607943968226187459e-01 7.853919999999999790e-01
-6.637050764575851414e-01 3.474790400289363146e-01 6.623850000000000016e-01
-3.000641184852778642e-01 -5.887212324663116947e-01 7.505789999999999962e-01
8.356315245327494701e-01 -3.677982308699608294e-01 4.079760000000000608e-01
-8.136268397023648236e-01 -4.676949078565452722e-01 3.453589999999999716e-01
-1.275251943633232132e-01 -5.761558781289978226e-01 8.073299999999999921e-01
-6.059542173659980824e-01 6.307462262593099833e-01 4.847460000000000102e-01
8.937939136613886060e-01 -5.365299481723359576e-02 4.452569999999999029e-01
1.104610716292182132e-01 8.852695740589556772e-01 4.517699999999999494e-01
-4.542529441774253440e-01 -1.817883778522181581e-01 8.721280000000000143e-01
8.658095625460411615e-02 -9.921364987188195927e-01 9.038200000000001788e-02
4.728195843364669387e-02 5.422945232598970211e-01 8.388569999999999638e-01
2.098710337792135394e-01 -9.508721530450053860e-01 2.275879999999999292e-01
2.530460132473011936e-01 -9.654990505451812588e-01 6.147599999999996123e-02
-9.733373206584383652e-01 2.289000754093465859e-03 2.293669999999999320e-01
-5.159063225230997585e-01 -8.974005610173663508e-03 8.565979999999999706e-01
-3.524949767375528120e-01 -9.344509383321266682e-01 -5.048499999999999516e-02
5.337848712163762999e-01 7.365008223081062066e-01 4.155000000000000360e-01
9.557547415464779927e-01 -4.754498714296790524e-02 2.902970000000000828e-01
-9.326277985539397353e-01 1.285029722435706567e-01 3.371830000000000660e-01
-3.646818372493724203e-01 7.220946777427613705e-01 5.878659999999999997e-01
9.079284430876950474e-01 2.622521279844152176e-01 3.269400000000001194e-01
4.993326204048177397e-01 4.226325251074013467e-01 7.563389999999999835e-01
7.217629275689776414e-01 5.389299459168025302e-02 6.900389999999999580e-01
8.525737266303633488e-01 -4.973688405234232834e-01 1.604440000000000588e-01
1.969283329431291141e-01 -5.269035664369779021e-02 9.790010000000000101e-01
-1.366102423543482658e-01 -1.579664365708307872e-01 9.779489999999999572e-01
5.838258733170532677e-01 7.701908328781770230e-01 2.568139999999999312e-01
8.787761092604162716e-01 4.126960513115250362e-01 2.396550000000000902e-01
3.775797447955223096e-02 6.792295409117609095e-01 7.329539999999999944e-01
6.245600337106690242e-02 -8.513010459490303328e-01 5.209470000000001599e-01
-6.946795289304599774e-02 -4.394497020045065594e-01 8.955769999999999564e-01
5.341607929570246771e-01 -7.203057208064659322e-01 4.425290000000000612e-01
8.041259463669183649e-01 -5.859889609160805479e-01 -9.999199999999995592e-02
8.232501745884216460e-01 3.983670844825578095e-01 4.044289999999999274e-01
7.215919426155396055e-01 -5.032229599812908516e-01 4.754700000000000593e-01
5.197679632824642182e-01 -3.797609731728615601e-01 7.652600000000000513e-01
-2.190250091416494627e-01 -8.036600335431023368e-01 5.533160000000000300e-01
-2.560733922282239505e-01 3.764941064183211505e-01 8.903250000000000330e-01
7.826686411363564799e-01 5.395307526182071545e-01 3.103810000000001290e-01
5.898281800175169121e-01 6.114591866193718195e-01 5.274659999999999904e-01
4.812267379366051423e-01 9.911294602570253076e-02 8.709750000000000547e-01
3.675458677318569345e-01 -9.089096729121306506e-01 1.969599999999999684e-01
-6.164476680712598355e-01 -6.629446430347755159e-01 4.248489999999998656e-01
-3.821251981850879442e-01 5.850853034481444670e-01 7.153009999999999646e-01
-7.357867657146679452e-01 -6.763367846444169329e-01 -3.444400000000009260e-02
3.371401097342414666e-01 -5.957151938967005789e-01 7.290130000000000221e-01
-5.110901094857618621e-02 -9.985492139092886354e-01 -1.695100000000007365e-02
7.993721535884972251e-01 -5.078880975837966050e-01 3.210199999999999720e-01
3.723569626571556213e-01 9.196589077694716785e-01 -1.248109999999999636e-01
7.391499485194690244e-01 -6.343239558204202266e-01 2.264740000000000919e-01
8.050885274901521393e-01 -5.828603818873341613e-02 5.902840000000000309e-01
-3.560887562661850247e-01 -3.271057761043074663e-01 8.753300000000000525e-01
-1.563505507738528755e-02 -2.836479992027567953e-01 9.588010000000000144e-01
2.847589582487724535e-01 -9.527808603037080104e-01 -1.054559999999999942e-01
-8.752703036898734634e-01 -2.066490717003993949e-01 4.372619999999999285e-01
-8.817699433443718648e-01 4.716439696958534267e-01 5.808000000000084796e-03
4.340681023579252562e-01 8.456281994082208708e-01 3.106409999999998894e-01
-9.984467199932813841e-01 2.817799209769832405e-02 4.806400000000010664e-02
1.730259456719712430e-01 -6.383517995653494870e-01 7.500459999999999905e-01
-8.852015805690526262e-01 4.309702826565318112e-01 1.751649999999999596e-01
7.486951656556600776e-01 -3.631420803485099769e-01 5.546020000000000394e-01
9.134296839403587276e-01 1.056979634270037577e-01 3.930320000000001035e-01
-5.974237556380189718e-01 -1.483259393308017093e-01 7.880890000000000395e-01
2.917928996527973662e-01 -8.856236954351507373e-01 3.612859999999999405e-01
2.115124600339163552e-01 3.003342332825230110e-01 9.300869999999999971e-01
9.166613240915845173e-01 -2.105480744406437732e-01 3.397080000000000655e-01
4.447820550189260369e-01 -6.694070828047318233e-01 5.950320000000000054e-01
-3.692446929812446266e-01 -4.381008222072218378e-02 9.282989999999999853e-01
6.672793745670173582e-01 6.470193631943715884e-01 3.689229999999998899e-01
1.593243368403318705e-01 -2.350434969242683469e-01 9.588379999999999681e-01
-5.636834320801278331e-01 -4.448133409626648382e-01 6.959899999999999975e-01
1.423720155753779304e-01 9.479231037019851813e-01 2.849070000000000213e-01
-6.956117396228960192e-01 6.284277647707876557e-01 3.481419999999999515e-01
-8.452603672851385364e-01 3.979141729028922159e-01 3.566499999999999115e-01
2.427641232624715151e-01 8.035894080191720024e-01 5.434240000000000181e-01
-5.294501604277235263e-01 4.738411435777372116e-01 7.036740000000000217e-01
4.579493051531662307e-01 -8.814086626379565026e-02 8.845979999999999954e-01
1.985378790547628336e-01 5.960576368938127478e-01 7.780089999999999506e-01
-3.712910758967868929e-01 -8.013221638008064529e-01 4.690690000000000137e-01
4.522683006604186762e-01 -8.386315575082642360e-01 -3.035630000000001383e-01
9.829762912528313690e-01 -1.828360541737567013e-01 1.812699999999998340e-02
-9.464004774563858913e-01 3.126121577119563844e-01 8.123899999999993626e-02
5.437313730629805830e-02 3.920889901265661170e-01 9.183189999999999964e-01
4.839709257143337551e-01 5.654749132041234638e-01 6.678399999999999892e-01
4.098048944203981914e-01 -9.117127651119546483e-01 2.897899999999994577e-02
-9.347417003931504098e-01 3.438908897748267357e-01 -8.942599999999999161e-02
-4.002348973101475527e-01 4.360658881168482659e-01 8.060140000000000082e-01
-6.553748116347686281e-01 -2.828019187181932126e-01 7.003620000000000401e-01
6.210012238350661740e-01 4.721011701651988135e-01 6.256819999999999604e-01
2.724478541357229222e-01 -3.433188161925294080e-01 8.988350000000000506e-01
-2.041499848733150518e-02 9.363529306200532032e-01 3.504659999999998887e-01
-7.429968441819185809e-01 -6.548138626752718627e-01 1.384719999999999840e-01
-5.170119555630353636e-01 8.406059277502663241e-01 -1.614940000000000542e-01
-6.734350786321443572e-01 6.316340737513433945e-01 -3.840879999999999295e-01
4.990874174335316327e-01 2.674052236560229834e-01 8.242610000000000214e-01
1.142530137894459813e-01 -9.158101105311234891e-01 3.850170000000000536e-01
5.565350144803782317e-01 -8.308170216168692113e-01 -3.443000000000051488e-03
-6.319899978073799662e-01 -7.707079973261130590e-01 8.122700000000004916e-02
-8.869400633104321252e-02 -9.848940703024609000e-01 1.487180000000000724e-01
1.224900531965763123e-01 -9.898964299051188354e-01 -7.142299999999994486e-02
-9.226382021882765239e-01 2.830610620304125358e-01 2.619449999999999834e-01
1.350899409772611873e-02 9.831345704543542618e-01 1.823839999999998795e-01
6.193867788332780844e-01 1.622089420794546877e-01 7.681459999999999955e-01
-1.086200995797318991e-01 6.169595656104936987e-01 7.794630000000000170e-01
-3.090841511377141471e-01 9.117734458441300038e-01 2.704369999999999274e-01
-3.401289343036861812e-01 8.332618390544708209e-01 4.358749999999999569e-01
3.134530512083477660e-01 9.243411510082069071e-01 2.175789999999999946e-01
-8.332281401367916951e-01 -5.170200869552200595e-01 1.960129999999999095e-01
1.036197774462095933e-01 -3.963921486318793819e-01 9.122149999999999981e-01
-9.860529365017420833e-01 -1.236359920382871930e-01 1.114169999999999883e-01
-8.527596885203633792e-02 -8.786796790528084156e-01 4.697340000000000404e-01
-2.429149798200331556e-01 -8.856879264221867443e-01 3.956630000000000424e-01
9.052486361228299083e-01 4.189998315772409110e-01 7.045599999999989371e-02
8.202930064868081406e-01 5.534120043763356422e-01 1.444110000000000948e-01
-9.056432137445966646e-01 -4.107650969463677026e-01 1.052730000000000887e-01
3.846640364934124645e-01 -7.867670746412781524e-01 4.827330000000000232e-01
4.527998795149207889e-01 -8.293377793223176697e-01 3.273699999999999388e-01
-4.547282193616367652e-01 -5.853112823551200883e-01 6.712919999999999998e-01
-7.757115562018465083e-01 2.146661539202429914e-01 5.934559999999999835e-01
6.809954110664339089e-01 -1.103860666318833006e-01 7.239200000000000079e-01
3.572138494258393360e-01 2.057639132656010894e-01 9.110759999999999970e-01
6.672800269298476139e-02 6.083326747434358167e-02 9.959149999999999947e-01
7.159541681818973879e-01 5.125061203907396168e-01 4.740750000000000242e-01
-9.287100507460316345e-02 7.532860411606159268e-01 6.511029999999999873e-01
6.009092107173573671e-01 -7.473802620795136908e-01 2.834269999999998735e-01
-9.109799954522855570e-02 -9.412819953010137519e-01 3.250989999999999713e-01
-6.573161735935618699e-01 7.434141963315729074e-01 -1.235750000000001014e-01
-7.685999383522555961e-01 3.646899707490033338e-01 5.255999999999999561e-01
8.476453378048547371e-01 -2.143260854135437821e-01 4.853469999999999729e-01
-7.410755214694382254e-01 -2.134991502320326140e-01 -6.365730000000001665e-01
5.005498854918102314e-01 8.654708020107527711e-01 -2.025100000000004674e-02
3.150916270076669634e-01 -1.649778047061521424e-01 9.346119999999999983e-01
-2.364336158068585658e-01 3.240894733703476860e-02 9.711070000000000535e-01
-3.819831682826868580e-01 -8.745203852699606761e-01 2.988360000000001016e-01
7.120651276316035672e-01 6.718751204278874400e-01 2.038309999999999289e-01
7.398027375311254650e-01 3.672648697009457952e-01 5.637450000000000516e-01
2.144624363376932130e-01 1.311732668804927171e-01 9.678839999999999666e-01
-5.010166900647594623e-01 6.166326185432884355e-01 6.072450000000000347e-01
3.780534280622735444e-01 -4.487093211705807660e-01 8.097750000000000226e-01
2.263350521219899270e-01 -8.308911913433286722e-01 5.083229999999999693e-01
-8.643698515919762126e-01 2.498849570959901789e-01 4.363740000000000951e-01
-7.019899809010322622e-01 6.851759813584888947e-01 1.942780000000000062e-01
3.799690028405027786e-01 8.002760059825571037e-01 4.638770000000000393e-01
-5.069128351543705779e-01 -7.798547463949666581e-01 3.672410000000000951e-01
4.752931765562998234e-01 8.670093220663904754e-01 1.496369999999999090e-01
6.299430834288026748e-01 3.222335311481605014e-01 7.066379999999999884e-01
4.154488647202532470e-02 -1.224967167193738021e-01 9.915990000000000082e-01
-2.465606240438044938e-01 -4.612962966143665522e-01 8.522990000000000288e-01
-2.226989636903211334e-01 -9.736178412576759200e-01 4.973399999999992410e-02
8.014149406625611372e-01 -5.365219602754610628e-01 -2.643449999999999966e-01
3.326520947569354125e-01 6.627931887986047155e-01 6.708560000000000079e-01
-2.405862722281336130e-01 6.794127687690085793e-01 6.931929999999999481e-01
-1.887930837726809197e-01 8.985923987301480675e-01 3.960920000000000551e-01
-9.157434865873582686e-01 -3.228701715595521521e-02 4.004640000000000977e-01
-7.755397429289208056e-01 -2.399052298174080000e-01 5.839379999999999571e-01
-5.935752694855676026e-01 -5.629792555948539556e-01 5.750849999999999573e-01
-7.132038650887808640e-01 -5.227469011160410517e-01 4.669860000000000122e-01
2.082808436642415439e-01 4.552986582524834458e-01 8.656340000000000146e-01
-9.558902905897186109e-02 1.556966761448783099e-01 9.831689999999999596e-01
-8.336115700205658507e-01 -7.793695979987447231e-02 5.468250000000000055e-01
6.143202614753522084e-02 8.032733419001333308e-01 5.924340000000000162e-01
5.893276477187789908e-01 -6.372007003351382384e-03 8.078689999999999483e-01
-8.057021108198276771e-01 -3.589430493706124992e-01 4.711730000000000640e-01
-6.156070874117549607e-01 -7.828741111624626381e-01 -9.020000000000005791e-02
-4.872139532085285607e-01 -6.934729333996516587e-01 5.307709999999999928e-01
-9.439481185718900935e-01 -1.556010195454672063e-01 2.911190000000000166e-01
7.555717474896126440e-01 -2.121909290862663000e-01 6.197470000000000478e-01
-6.476554994327238246e-01 2.469501904330407421e-02 7.615330000000000155e-01
-4.050997397124364401e-03 -6.736855671387717015e-01 7.390069999999999695e-01
-9.742424963437334995e-01 1.583689181276751734e-01 1.605330000000000923e-01
4.229383184046299204e-01 -2.750702070836896773e-01 8.633999999999999453e-01
8.326029823930508611e-01 9.612599796723578227e-02 5.454649999999999777e-01
-1.043541416535854471e-01 4.710986394840716573e-01 8.758860000000000534e-01
2.198574312722710034e-01 -5.007649823004385325e-01 8.371960000000000512e-01
-9.623050813693099226e-01 2.005060169541204307e-01 -1.837559999999999749e-01
-2.527870078295393341e-01 5.311870164523869731e-01 8.086649999999999672e-01
8.343105030299428071e-01 5.507353320542670572e-01 -2.483099999999999197e-02
8.384094985833296931e-01 2.493611482894836084e-01 4.846530000000000560e-01
-2.198249543393731020e-01 8.039768330030987453e-01 5.525379999999999736e-01
2.654210701150314100e-01 8.865442341942062487e-01 3.789339999999999931e-01
-6.437301816952507860e-02 8.621622433485162107e-01 5.025259999999999172e-01
-1.860098636119037474e-01 -3.206527648876286718e-01 9.287530000000000507e-01
4.896199557865143492e-01 -5.342139517596032894e-01 6.891209999999999836e-01
8.976148879461703922e-01 -3.611239549190608522e-01 2.527390000000000470e-01
-9.464017393095083275e-01 -2.728649248381651016e-01 1.728249999999999231e-01
-5.927295851743683702e-02 -7.822804525159696709e-01 6.200999999999999845e-01
5.944494012727200710e-02 2.307437675957144663e-01 9.711969999999999770e-01
-5.415971516894255711e-01 3.200890896498992944e-01 7.773130000000000317e-01
3.605024367135770125e-01 3.699254219901267904e-01 8.562670000000000003e-01
-8.450636305182306074e-02 -8.809037844928275379e-03 9.963840000000000474e-01
3.436222457014925791e-01 2.247408147317930122e-02 9.388389999999999791e-01
-6.440674435811446497e-01 4.950525723171723680e-01 5.831809999999999494e-01
-4.020669037054172557e-01 2.808629327336354953e-01 8.714690000000000492e-01
-1.506759624668859154e-01 9.599157608866923930e-01 2.363440000000000263e-01
4.680798149583935419e-02 -9.671096176816179613e-01 2.500159999999999605e-01
-5.103706489497157328e-01 -8.381294235060872122e-01 1.925120000000000720e-01
2.875090147504485438e-01 -7.232610371064007726e-01 6.278789999999999649e-01
4.996698773457407955e-02 -5.454248661142366839e-01 8.366689999999999960e-01
-7.419980063052239450e-01 5.028900042733728259e-01 4.433290000000000841e-01
-2.377420523495551996e-01 -9.441692079011163585e-01 2.280859999999998999e-01
7.834233898421878450e-01 -6.181683076090001006e-01 6.415399999999989167e-02
-6.289121818312458645e-01 -7.348992124742426135e-01 2.537569999999999548e-01
