-6.578110190611735630e-01 -3.476000100723038340e-03 7.531750000000000389e-01
7.223806857730867836e-01 -3.070372914777696471e-01 6.195920000000000316e-01
1.163800178056813815e-02 9.992521528816215026e-01 -3.687399999999993461e-02
-3.275436261140138861e-01 8.283415834112836662e-02 9.411979999999999791e-01
3.631069655903629290e-01 7.905649250825380614e-01 4.931129999999999125e-01
-1.210220075660828065e-01 -9.259520578888925657e-01 3.577239999999999309e-01
-8.878834480529638196e-01 -3.856581946148424644e-01 -2.508600000000000829e-01
-3.954737950346196573e-01 -2.929798481549807376e-01 8.704960000000000475e-01
-8.636779690537321752e-01 -4.982439821475221908e-01 7.624499999999997946e-02
-6.213350568536583074e-01 7.196430658490785559e-01 3.099299999999999833e-01
-2.628448608471823378e-01 -8.515305491908234936e-01 4.536609999999999809e-01
1.056791372313174576e-01 -3.201004156714646887e-01 9.414709999999999468e-01
-8.092030651144261899e-01 -2.338310188157625702e-01 5.389930000000001664e-01
9.918256551644392127e-01 -1.271809557820308412e-01 1.033800000000006589e-02
6.084438385415947836e-01 -7.915597899494198897e-01 5.682600000000004314e-02
7.828906801116349845e-01 5.381097801288707849e-01 3.122820000000001150e-01
-3.709300592293111598e-01 -1.079010172294015135e-01 9.223710000000000520e-01
1.056770562135856406e-01 -6.538453478048388279e-01 7.492119999999999891e-01
7.243520172593830297e-01 -4.589160109347486527e-01 -5.145000000000000684e-01
-4.023659692149822442e-01 -4.679459641974573203e-01 7.868469999999999631e-01
-7.594639262702564120e-02 2.923335113033427302e-01 9.532960000000000322e-01
7.740787176614947196e-01 4.945204584782959822e-02 6.311550000000000216e-01
-6.062412241077771435e-01 -7.278062690464432993e-01 3.205770000000001119e-01
8.786028661803156892e-01 5.868999106094871521e-02 4.739329999999999932e-01
7.005647614217125341e-01 -6.071247932428215366e-01 3.749780000000000890e-01
-2.437389339320532311e-01 -6.003978372559866106e-01 7.616519999999999957e-01
-6.829258494379256694e-01 3.248779283753941982e-01 6.542679999999999607e-01
5.438924738150339167e-01 -1.322071151729832250e-01 8.286750000000000504e-01
7.883365561020811985e-01 -5.845926708265424265e-01 1.917730000000000545e-01
1.994820425216083382e-01 8.793601874444891831e-01 4.323569999999998803e-01
8.541902910036799357e-01 -5.198821771123227631e-01 -9.025999999999917769e-03
-3.585199650077316447e-01 -1.589869844825510525e-01 -9.198839999999999240e-01
-4.707509696545432720e-01 8.818369431551998927e-01 2.751600000000000920e-02
-9.588833836221806184e-01 -2.224330889892013885e-01 -1.762559999999999405e-01
6.834027813570746623e-01 2.214059291649941308e-01 6.956579999999999986e-01
-2.228484327703691981e-01 -2.554093498910921523e-01 9.407999999999999696e-01
1.051620451009017965e-01 -4.977682134781166723e-01 8.609109999999999818e-01
-7.549510529338739895e-01 -6.271140439705006342e-01 1.917730000000000545e-01
-9.180804525119090620e-01 3.277951615666839236e-01 2.228870000000000018e-01
2.268899300061155352e-02 9.857546959018852473e-01 1.666520000000000779e-01
-4.734248135219796816e-01 7.745166949244404186e-01 4.195150000000000268e-01
-5.874439369715817039e-01 5.066999456348187936e-01 6.310029999999999806e-01
-7.505081942260052319e-01 1.340350346872820897e-01 6.471259999999999790e-01
-0.000000000000000000e+00 -0.000000000000000000e+00 1.000000000000000000e+00
-9.082831998281279962e-01 2.031370446914522454e-01 3.657279999999999420e-01
-8.983998289120168623e-01 -2.332699555769214839e-01 -3.721059999999999368e-01
9.102513030399304039e-01 -1.146560381711706489e-01 3.978649999999999132e-01
-6.916333724201201294e-01 -3.578251926762163193e-01 6.273790000000000200e-01
-1.240429412487531469e-01 7.754186327335437223e-01 6.191440000000000277e-01
2.038279502584066649e-01 -9.264097739215927385e-01 3.165740000000000776e-01
4.008249669367320855e-01 5.143289575740098707e-01 7.581590000000000273e-01
-9.722925100319375069e-01 1.617360848413083030e-01 1.687859999999999361e-01
3.566791448013493793e-01 9.256403757830458101e-01 1.263719999999999288e-01
-9.520590453124516683e-01 2.484200118233437574e-02 3.049040000000001194e-01
-1.193968784307571362e-01 4.571305345522117536e-01 8.813490000000000490e-01
-3.246769561052844089e-01 -9.426678725559746175e-01 7.721500000000000585e-02
7.100156596591250535e-01 6.790796744880659430e-01 1.863559999999999384e-01
3.537613171089472597e-01 -7.119786256161721172e-02 9.326219999999999510e-01
3.892597853968638583e-02 8.429645352645197542e-01 5.365590000000000082e-01
-8.876688855607590689e-01 4.332959441390143440e-01 -1.558800000000001018e-01
4.870409020716969239e-01 3.594906658298176183e-02 8.726390000000000535e-01
-7.450378220049290734e-01 6.466978454990797154e-01 1.634030000000000482e-01
-3.048347826624099310e-01 7.936994341173246870e-01 5.264189999999998593e-01
-3.024179494050812100e-01 -9.138408471132298816e-01 2.709950000000000414e-01
9.791905242773044638e-01 2.012129022442090132e-01 -2.644399999999997100e-02
-6.126989777336548926e-01 6.280429771760321911e-01 4.797519999999999563e-01
-2.558186567991616589e-01 5.395882760999100025e-01 8.021230000000000304e-01
-5.021564701818852505e-01 3.539803314407945906e-02 8.640520000000000422e-01
-7.218010985766878385e-01 -5.858250800063843355e-01 3.685269999999999380e-01
-7.630286237705977692e-01 -6.463436813048825114e-01 5.211999999999913750e-03
2.706298370613540935e-02 9.328654383478474088e-01 3.592069999999998875e-01
-2.855488385312198174e-01 6.799866154892104664e-01 6.753369999999999651e-01
-9.301283033014660084e-01 -3.333611087042642196e-01 1.540510000000000213e-01
4.331108230922906532e-01 -2.754388874947009680e-01 8.582239999999999869e-01
4.479011070525054650e-01 8.156931949582146846e-01 -3.661000000000000365e-01
6.947893480466852401e-01 -1.341420671969165701e-01 7.065930000000000266e-01
-1.452430784555557852e-01 9.860465326300544842e-01 8.134299999999999864e-02
-9.594448907417307826e-01 -1.572029820982676906e-01 2.339929999999999788e-01
-6.309581948133583529e-01 -7.634692357271956054e-01 1.378639999999999033e-01
-6.676509904712386589e-01 -5.211739925617683289e-01 5.316199999999998704e-01
-7.941858971818169799e-01 -4.072819472718038347e-01 4.509879999999999445e-01
-7.437576632119964337e-01 6.679946975189477998e-01 -2.464999999999993585e-02
4.103936432009729351e-01 6.240074574836687038e-01 -6.649749999999998717e-01
9.562686237273362311e-01 -2.668708949916163142e-01 1.197089999999999543e-01
-5.313479904457012459e-01 3.681699933798448510e-01 7.629679999999999795e-01
7.223308526285037168e-01 -4.683259044511404179e-01 5.088310000000000333e-01
-9.939071993004692240e-01 -2.539800509286419331e-02 1.072539999999999882e-01
5.037091189586414552e-01 7.837731851000704353e-01 3.632859999999999978e-01
8.081960761540171179e-01 3.930180370329715567e-01 4.385839999999999184e-01
-5.578088553561867391e-01 -6.629418280944572306e-01 4.993569999999999398e-01
6.430155554681581398e-01 4.292903708419330833e-02 7.646490000000000231e-01
-4.193136454855130729e-02 -1.956747011831027061e-01 9.797719999999999763e-01
-7.020901807943512318e-02 -5.593041440257003893e-01 8.259840000000000515e-01
-4.433302353333288814e-01 2.212911174681336801e-01 8.686129999999999685e-01
-3.585001246038470590e-01 3.971861380499402405e-01 8.448200000000000154e-01
1.410332953281266677e-01 -1.177532465789772609e-01 9.829769999999999897e-01
-8.920662104304610818e-01 -2.853520673120072404e-01 3.504169999999999230e-01
2.201112103862075675e-01 2.812202687953319069e-01 9.340589999999999726e-01
6.597042686683168844e-01 -7.177782923192934650e-01 2.226760000000000961e-01
1.535349200306973527e-01 9.749874921737033961e-01 -1.607060000000000433e-01
-9.530154813603047836e-01 -6.646503357094354913e-02 -2.955399999999999694e-01
-6.632097326888192201e-02 -3.871818439437318404e-01 9.196149999999999602e-01
-5.489212317681071429e-01 -5.037292126869198361e-01 6.670399999999999663e-01
5.536898444111057471e-02 5.616458421754407793e-01 8.255230000000000068e-01
5.878300216538310252e-01 -3.078560113404586462e-01 7.481179999999999497e-01
5.805901641937433189e-02 -8.974342537988032609e-01 4.373109999999999498e-01
-8.098430681617163618e-01 2.689300226349185530e-01 5.213740000000000041e-01
-1.441862210150330614e-01 1.189111822723328965e-01 9.823800000000000310e-01
-8.218589390978215947e-01 4.554199662520333480e-01 -3.422579999999999512e-01
2.379621405387951916e-01 4.680082764024527942e-01 8.510830000000000339e-01
3.441850655762721534e-01 -9.207791754325557187e-01 1.835820000000000229e-01
-4.004278440705702491e-01 -7.472987089966065533e-01 5.302850000000001174e-01
2.666950489949032610e-01 -7.177221318536903816e-01 6.432330000000000547e-01
2.119866420675139695e-01 5.752590286940145736e-02 9.755779999999999452e-01
-3.192640574106226370e-01 9.311071674333232240e-01 1.763799999999999257e-01
5.025467511790110420e-01 -8.414575833774518010e-01 1.984839999999999383e-01
-1.391510746251652941e-01 8.794874716592963049e-01 4.551249999999999463e-01
3.552730740358063244e-01 8.821931838413560323e-01 3.090570000000000261e-01
5.487059661822430989e-01 -7.467759539748257680e-01 3.758290000000000242e-01
2.808010918628054409e-01 -5.741151878191835811e-01 7.691179999999999684e-01
7.209302131489360443e-02 3.964691172193494095e-01 9.152130000000000543e-01
-5.375006644749301676e-01 -1.511849056255567814e-01 8.296000000000000041e-01
4.401296438639058506e-01 -6.091735070800694540e-01 6.596919999999999451e-01
-9.273741155013748294e-01 -3.704400461370810915e-01 -5.245399999999998675e-02
-1.035770316027547211e-01 6.390241949749336792e-01 7.621809999999999974e-01
3.827537022560232871e-01 6.638444835955987777e-01 6.425030000000000463e-01
6.965883407058636179e-01 3.890571902903885992e-01 6.028259999999999730e-01
-5.532707626142416846e-01 -3.324008573804456690e-01 7.638070000000000137e-01
-4.304829780843543729e-01 5.411989724478654118e-01 7.223490000000000189e-01
-4.587133793147099015e-01 6.714145551994527006e-01 5.820520000000000138e-01
-8.438438273836347259e-01 -4.641599050516302949e-01 2.692269999999999386e-01
-9.710452039007232417e-01 1.025950215429713985e-01 -2.157440000000000746e-01
-9.373955230714250408e-01 3.455301928075886209e-01 4.357199999999988860e-02
-1.472190329768502393e-01 9.504252128938717181e-01 2.738949999999998886e-01
-8.965382276517879223e-01 -1.063230269978750892e-01 4.300169999999999271e-01
2.235301471130867745e-01 6.278534132125123124e-01 7.455429999999999557e-01
8.173285845897100277e-01 -1.263249357948820206e-01 5.621530000000000138e-01
9.941703280750638916e-01 5.030401660026757871e-02 9.536700000000004895e-02
5.942671572804238966e-01 -4.747031256362696516e-01 6.492329999999999490e-01
-6.077265762881058908e-01 1.841231745982481183e-01 7.725070000000000547e-01
-6.911595246333473996e-02 -7.084545127381758345e-01 7.023639999999999883e-01
8.469167244145936468e-01 -4.950878388991746815e-01 -1.939590000000000480e-01
4.178048542572075363e-01 -7.431837407553487651e-01 5.226060000000001260e-01
-8.992108544539839654e-02 -8.350817935168515227e-01 5.427269999999999595e-01
1.909590892281033125e-01 9.507604442551095270e-01 2.441089999999999094e-01
6.477667553002895984e-01 6.752277449266541609e-01 3.527970000000000272e-01
-5.540247644616720368e-01 -5.344337727905946744e-01 -6.383079999999998755e-01
8.735701378823902685e-02 -7.901601247171369247e-01 6.066430000000000433e-01
-6.847194261351379208e-01 -1.867088435189063200e-01 7.044850000000000279e-01
-6.148432609536126359e-01 7.782673303145442034e-01 1.275450000000000750e-01
-2.196099078069853328e-02 9.688325932806606255e-01 -2.467409999999999326e-01
5.305091603623239838e-01 8.255692495530958519e-01 1.923419999999999852e-01
5.808277519430643521e-01 -6.224537341656534162e-01 5.245860000000001078e-01
1.598990384175503487e-01 -9.792982352874647356e-01 1.241260000000000696e-01
5.328002597853682687e-01 2.112787064723843089e-01 8.194420000000000037e-01
-8.661114954960892343e-01 7.385204225021653468e-02 4.943649999999999989e-01
1.842070421095169108e-01 9.817222244205652260e-01 4.784599999999989556e-02
-4.756859954823830505e-01 -8.592349918397960140e-01 1.882499999999999729e-01
5.429995890152464200e-02 7.183234563163678477e-01 6.935869999999999536e-01
2.733735212492243716e-01 -2.347274475616344669e-01 9.328290000000000193e-01
2.119341424199520374e-01 7.687995166340307884e-01 6.033500000000000529e-01
-3.154560970050996338e-01 8.786342701865829108e-01 3.584539999999999393e-01
-6.332431203697406197e-01 -7.724661468338882564e-01 -4.795000000000002038e-02
-1.917028779349394529e-01 -6.774731025997815514e-02 9.791119999999999823e-01
6.845834824602172741e-01 5.416663817393888580e-01 4.877940000000000609e-01
8.359045437205376849e-01 -3.983602591164934759e-01 -3.775880000000000347e-01
9.101002249235260466e-01 -2.842750702561645526e-01 3.015049999999999675e-01
2.394420802467658593e-01 -8.373242806213737621e-01 4.914830000000000587e-01
-2.378337634016182700e-01 -4.363165659497963977e-01 8.677920000000000078e-01
-4.863081162984496664e-01 -8.737872089623729410e-01 5.739999999999361065e-04
2.781258711388807647e-01 -4.137608082965793521e-01 8.668609999999999927e-01
2.569696460238509172e-01 -2.760666197177353287e-01 -9.261500000000000288e-01
-8.387976732865392027e-01 -5.296287937084691588e-01 -1.261419999999998931e-01
4.455866568037168962e-01 -4.522236516918223814e-01 7.726229999999999487e-01
5.299718489029040525e-01 6.720218084038920292e-01 5.172200000000000131e-01
5.547275050278203112e-01 3.791073451419922358e-01 7.406449999999999978e-01
8.061074880250225227e-01 2.284188549266197854e-01 5.459079999999999488e-01
3.838841141355194275e-01 -8.492532524979740094e-01 3.624940000000000384e-01
8.311591524302753831e-01 -2.983200547103498912e-01 4.692330000000000667e-01
2.380850674028582026e-01 7.405132096423240329e-01 -6.284549999999999859e-01
3.105410988671076233e-01 -9.505213026178893632e-01 8.572000000000025779e-03
7.442576479714962945e-01 -5.701977303005829611e-01 -3.477859999999999285e-01
4.763651073147094905e-01 -8.470651908253845619e-01 -2.357050000000000811e-01
6.844268126085269188e-02 1.784647763925010233e-01 9.815629999999999633e-01
3.914641337073537786e-01 3.442781175906350355e-01 8.533629999999999827e-01
-7.910116302915632946e-01 -5.613904473254884009e-02 6.092199999999999838e-01
