4.251795500780659598e-01 3.156526659786249578e-01 8.482840000000000380e-01
1.851957910683049990e-01 -3.828975680277751925e-01 9.050369999999999804e-01
-4.802668677875288616e-01 -1.170819677685527027e-01 8.692729999999999624e-01
-4.771638888733267803e-01 -7.156368333353749778e-01 5.100770000000000026e-01
-7.029848537047591606e-01 5.584238837887385287e-01 -4.404259999999999287e-01
-7.075050355985680328e-01 -6.902600347308750495e-01 -1.515839999999999410e-01
9.440773886459802311e-01 4.189901724846376019e-02 -3.270509999999999806e-01
-2.647850477994148077e-01 5.101480920927390361e-01 8.183139999999999858e-01
9.184667619078579204e-01 6.880598216357482200e-02 3.894670000000000076e-01
8.552495475259229429e-02 9.222525120776667862e-01 3.770089999999999830e-01
-1.448170436328087285e-01 9.476292855169965446e-01 -2.846519999999999606e-01
-7.040940359130593018e-01 6.566510334931785486e-01 2.702979999999998717e-01
