4.018760363824637194e-01 4.755180430493892718e-01 7.825459999999999638e-01
2.806579821812193454e-01 9.586189391379488223e-01 -4.775799999999990469e-02
4.910585103847766031e-01 -4.175295836975918551e-01 7.645459999999999479e-01
8.673629705061943751e-01 4.566769844711583426e-01 1.978070000000000106e-01
-3.511237665908554240e-01 5.381996422323692686e-01 7.661940000000000417e-01
-7.100467598830023652e-01 -1.675959433239654073e-01 6.839190000000000547e-01
9.071932441509080736e-01 1.850660498064160275e-01 -3.778239999999999377e-01
9.898900751046146862e-02 -8.120650616127341737e-01 5.751100000000000101e-01
4.527743834468558881e-01 3.044602578421679029e-01 8.380330000000000279e-01
-7.708696812863294334e-02 -7.678506825345244868e-01 6.359740000000000393e-01
1.899758146876610598e-01 -2.536017526235956887e-01 9.484700000000000353e-01
-4.344699986884138776e-02 -8.760439973553822979e-01 4.802699999999999747e-01
2.817223714718700145e-01 3.623334777636005866e-01 8.884520000000000195e-01
-6.240819815314962993e-01 5.966999823418138726e-01 5.044509999999999827e-01
-7.973801008840693261e-02 -9.719331229684174955e-01 -2.213320000000000565e-01
7.718963153136914057e-01 5.470392234613037363e-01 3.239200000000000412e-01
-3.326600485902544285e-02 7.103451037571240079e-01 7.030669999999999975e-01
-4.691191099032646084e-01 8.822432066882515134e-01 -3.967599999999993354e-02
2.345979379494882167e-01 5.185128628547684970e-01 8.222580000000000444e-01
8.961682210104128243e-01 -3.486210859759232283e-01 2.744919999999999582e-01
-9.661020387529664077e-01 -1.129980045326555438e-01 -2.321169999999999345e-01
-8.454609985562647756e-01 1.566019997325817370e-01 5.105600000000000138e-01
-1.166650602942458231e-01 -9.929255131587364502e-01 -2.209499999999993414e-02
-4.115835786902042881e-01 -5.968863890084648016e-01 6.887130000000000196e-01
-5.286860370318697822e-01 -7.673210537470847026e-01 -3.629180000000000739e-01
-1.636175789257795221e-01 1.009907400976261388e-01 9.813410000000000188e-01
-9.760908247763440126e-01 1.320189763005173711e-01 1.726780000000000814e-01
-4.973980895514948930e-01 4.303930774879203280e-01 7.532309999999999839e-01
2.446290686325776065e-01 9.580822687973917784e-01 1.491140000000000798e-01
-2.428032156391759511e-01 -6.923006148482577782e-01 6.795339999999999714e-01
-9.263932090571490585e-01 1.756170396311169946e-01 -3.330980000000000607e-01
-5.729602297925945331e-01 -4.710393668007137324e-01 6.706999999999999629e-01
-7.934809238837471357e-01 -8.040999228651134548e-03 6.085420000000000273e-01
2.445095080665830520e-02 -1.764046450880765726e-01 9.840140000000000553e-01
2.013951261669569837e-01 -5.963043735636989195e-01 7.770850000000000257e-01
-7.395127508297527630e-01 -6.279887884064588865e-01 2.423859999999998793e-01
4.672787351707701209e-01 -8.553785152160447991e-01 2.235580000000000900e-01
5.016305227855297755e-01 -5.338794921062267607e-02 8.634330000000000060e-01
6.796153511021825189e-01 -5.384502781736278942e-01 4.981909999999998839e-01
-1.277558275593070058e-01 -2.840466166030438111e-01 9.502610000000000223e-01
-3.784802152809869091e-01 -7.313714160068451875e-01 5.673169999999999602e-01
3.174723471879377645e-01 1.959315971097605469e-01 9.278049999999999908e-01
6.936387581709083650e-01 3.548758762766500707e-01 6.268399999999999528e-01
-2.825055035936170911e-01 -1.989923547232828605e-01 9.383989999999999831e-01
9.270158912399907303e-01 3.709979564735172985e-01 5.479099999999997167e-02
-1.025400249570405410e-02 9.938802418988004206e-01 -1.099860000000000004e-01
7.376355093924736872e-01 1.714298859805538089e-01 6.530740000000000434e-01
1.517169747961291393e-01 -9.611828403242073104e-01 2.304550000000000765e-01
6.322215858735312777e-01 6.390095814271651298e-02 7.721479999999999455e-01
8.475021616690692206e-01 -2.750280524642074731e-01 4.539820000000000522e-01
-2.158058865246417768e-01 -8.186135695554486169e-01 5.322590000000000376e-01
5.906441480795869836e-01 -7.135331788889279769e-01 -3.768420000000000103e-01
-3.117998789241338553e-01 -9.198846427970712725e-01 2.378929999999999378e-01
4.849232126539692045e-01 1.272610558079463883e-01 8.652480000000000171e-01
1.047179807710613975e-01 6.258358850802911988e-01 7.728930000000000522e-01
-7.590718465855226249e-01 3.193849354497558801e-01 5.672770000000000312e-01
-7.376862010055318386e-01 1.596670435062481908e-01 6.559920000000000195e-01
-6.659325228087004112e-01 -1.719001349549409115e-03 7.460099999999999509e-01
-6.317315160044655320e-01 3.130907601282730268e-01 7.091469999999999718e-01
-1.205368946627071447e-01 -4.635515949018744752e-01 8.778329999999999744e-01
-1.957278723460980363e-01 6.327755873031682965e-01 7.491900000000000226e-01
-1.820520283848593990e-01 -9.123221422457959973e-01 3.667769999999999087e-01
-8.576190725842021134e-01 3.139770265733036747e-01 4.073180000000000134e-01
8.109819776432047878e-01 2.784569923236198674e-01 5.145580000000000709e-01
-4.997019449945197533e-01 -6.925409237674650109e-01 -5.202740000000002363e-01
-4.382955138807613782e-01 -2.809833294396650860e-01 8.537829999999999586e-01
-5.455410633840718226e-01 -6.160630715777208888e-01 5.682000000000000384e-01
6.350386190984927959e-01 -2.890898266014895190e-01 7.163469999999999560e-01
-5.845322030724258155e-01 -3.097331076044282927e-01 7.499249999999999527e-01
6.150293950180356628e-01 5.318414768469541531e-01 5.821370000000000156e-01
7.479782455634370608e-01 4.577781502899004318e-01 4.805909999999999349e-01
9.931821830286656771e-01 4.236200780668632204e-02 -1.086030000000000467e-01
-2.685227697789979162e-01 -5.441385334767381288e-01 7.948640000000000150e-01
-1.717119217466334946e-01 7.719186482175943720e-01 6.120919999999999694e-01
3.511391371997148458e-01 -1.509954890142079509e-01 9.240680000000000005e-01
-7.997271303270171439e-01 5.801890945501425589e-01 1.543279999999999375e-01
4.137904181980828905e-02 -5.371455428671774168e-01 8.424739999999999451e-01
2.221139413996615353e-01 9.169487580813376892e-01 3.314670000000000671e-01
-4.939946021252448194e-01 5.811045319648789897e-01 6.467509999999999648e-01
2.934429397001730444e-01 6.406968683426825795e-01 7.095059999999999700e-01
3.342890773130438586e-01 7.447101722335970342e-01 5.776310000000000056e-01
3.031369557906000711e-01 -3.500011035532236389e-05 -9.529469999999999885e-01
-3.505632411497743295e-01 1.707226304435507658e-01 9.208469999999999711e-01
4.035661959765860507e-01 9.113254425505674661e-01 8.136500000000002064e-02
3.390624708297385048e-01 -4.829212463112724785e-01 8.073559999999999626e-01
9.267339119629667277e-01 6.148999415862893211e-03 3.756679999999998909e-01
7.587098365881405071e-01 -1.324799714663004759e-02 6.512940000000000396e-01
5.359938302096328711e-01 -8.105457432379785665e-01 -2.360639999999999683e-01
6.714550454097303334e-01 6.932690468849860288e-01 2.617750000000000354e-01
-3.995591606237582916e-01 8.982873611137127678e-01 1.828450000000000075e-01
6.047466752716171845e-01 2.438622723012423277e-01 7.581639999999999491e-01
1.272869886658340166e-01 -9.034779195505464600e-01 4.092990000000000239e-01
-6.799277860959109798e-01 7.051767781526225853e-01 2.010569999999999857e-01
-8.156867090501690454e-01 -3.412728782703146058e-01 4.671060000000000767e-01
5.270510855129064698e-01 -5.919130960366283389e-01 6.098000000000000087e-01
-5.970412714791802772e-02 3.692607863901951615e-01 9.274059999999999526e-01
5.043280425962919367e-01 -2.349650198454928673e-01 8.309299999999999464e-01
-1.707719622214659561e-01 9.845357821989154656e-01 -3.906700000000004613e-02
9.035598466228041969e-01 1.968769665805898683e-01 3.805509999999999171e-01
-4.746997472249166461e-01 -8.370295542862272731e-01 2.721059999999999590e-01
-9.771547920168124346e-01 -2.125209547658304943e-01 1.832000000000000295e-03
6.479329087618905803e-01 6.267179117492618357e-01 4.329059999999999575e-01
7.178713642570657694e-01 -6.095663093017027467e-01 3.362880000000000313e-01
-8.571526890226286444e-01 9.677596488941170305e-02 -5.058890000000001441e-01
6.422094524982253638e-01 -1.151090811054006208e-01 7.578369999999999829e-01
4.620160903451859258e-01 5.927981159190277571e-01 6.596450000000000369e-01
-1.406351077921183523e-01 -9.119006989414633890e-02 9.858529999999999793e-01
3.009598851936774039e-02 -3.611498622331760777e-01 9.320220000000000171e-01
-4.807702400086582423e-02 9.943514963971342713e-01 9.462399999999990263e-02
-8.881672136267989570e-01 -3.486690838637803713e-01 2.993140000000001355e-01
-3.464066401845026788e-01 3.698506158330474025e-01 8.620980000000000310e-01
-1.016349604988748684e-01 -6.266387564525450760e-01 7.726539999999999520e-01
-2.134790004698548516e-01 9.630260021195645725e-01 1.643400000000000971e-01
-5.103298014553760142e-02 5.544407842939272912e-01 8.306569999999999787e-01
-7.557317137230674664e-01 4.651368238026264423e-01 4.609960000000000169e-01
-6.611874731365028346e-01 -6.187664427806072176e-01 4.242159999999999265e-01
4.097418638313480854e-01 -7.247947591304817472e-01 5.538809999999999567e-01
9.099167875972262731e-01 -4.057799052783961913e-01 8.598900000000002375e-02
7.426869995641454114e-01 -3.675859997842778060e-01 5.597290000000000321e-01
-1.364069936368791092e-01 8.795159589722908455e-01 4.558999999999999719e-01
-9.772201988300569520e-01 7.050001434428163072e-02 -2.001759999999999651e-01
-6.950804797668865831e-01 -4.833556382323835332e-01 5.321939999999999449e-01
8.573880331856318371e-01 3.715940143827317632e-01 3.560950000000000504e-01
8.465110758954094150e-01 9.104600816288677123e-02 5.245279999999999943e-01
5.455711840434566140e-01 8.154572750870646702e-01 1.933430000000000148e-01
3.523110532599368350e-01 -3.215550486104577499e-01 8.789080000000000226e-01
4.900804456421033461e-01 -5.508405008927036439e-02 -8.699350000000001248e-01
4.431899391634780416e-01 8.897178778687503398e-01 -1.094750000000000306e-01
1.319533924463735797e-01 2.843948458268775181e-01 9.495829999999999549e-01
-9.577253348281252743e-01 -2.506700876361878799e-02 2.865900000000000114e-01
-8.938501948854933321e-01 4.364210951525666626e-01 1.028030000000000194e-01
-1.765577131813490797e-02 1.970074483113818387e-01 9.802429999999999755e-01
5.556680266422230341e-01 4.208320201773360636e-01 7.170309999999999739e-01
-4.298784794118462038e-01 -1.054308723219100491e-01 8.967100000000000071e-01
6.789506764535658823e-01 7.302266520185669574e-01 7.612500000000002598e-02
-7.887852086823156084e-01 -4.936821306093586159e-01 3.661910000000000442e-01
-9.442312398566261172e-03 -1.178260330180772898e-02 -9.998860000000000525e-01
7.594533374261368541e-01 -1.952110867325477506e-01 6.205829999999999957e-01
7.847653900894021595e-01 6.041283002987267725e-01 1.384639999999999482e-01
-7.300311004200139564e-01 5.940650817170991527e-01 3.378479999999999261e-01
-9.257122367267867080e-01 1.479110378243941593e-01 3.481080000000000285e-01
9.937595619653717405e-01 -1.110039510710877225e-01 1.095700000000002575e-02
-9.955509227342903555e-01 -6.202199518641044601e-02 -7.093399999999988603e-02
6.103980362915154556e-01 -7.841400466214319964e-01 1.119760000000001171e-01
-8.229620501053481751e-01 -1.767800107631015416e-01 5.398910000000000098e-01
-7.339106588602345438e-01 6.596456933804211165e-01 -1.619960000000000011e-01
5.936001739292497657e-03 8.278392425630420881e-01 5.609340000000000437e-01
1.634681336538593432e-01 1.078844282356080653e-01 9.806319999999999482e-01
-8.542432364699668046e-01 -5.198421439017005818e-01 5.713000000000040095e-03
-2.819545741866827937e-01 -3.787067712177939471e-01 8.815229999999999455e-01
-7.175130281946189292e-01 6.962450273588945970e-01 2.044299999999990222e-02
-6.232110950003489913e-01 -7.714211175930212328e-01 1.285199999999999121e-01
8.809004208747966969e-02 4.505392152577022413e-01 8.883999999999999675e-01
-2.066626963514795190e-01 2.754995952097501477e-01 9.388239999999999919e-01
-3.175569022577826583e-01 9.357897119692228927e-01 -1.531510000000000093e-01
-3.044920264088799566e-01 8.100180702536294852e-01 5.011539999999999884e-01
4.785900167378972364e-02 9.139420319636186729e-01 4.030130000000000656e-01
3.005500217128651008e-01 -8.953180646811479404e-01 3.287479999999999847e-01
-8.457649979235685178e-01 -5.004289987714003463e-01 1.850739999999999330e-01
-8.308152640957524593e-01 5.124011628797354723e-01 -2.172349999999999282e-01
2.709989027277473483e-01 -8.258387035737407844e-01 4.945200000000000706e-01
-5.782310517241835424e-01 8.127880727058836019e-01 7.088299999999990442e-02
-2.716969431706289795e-01 9.043278108466730192e-01 3.291989999999999639e-01
-2.018783679619936544e-01 4.678658527751323737e-01 8.604340000000000321e-01
-3.374320028731366272e-01 6.857450058389222836e-01 6.448979999999999713e-01
2.425488779713887433e-01 -7.222486366299492033e-01 6.477089999999999792e-01
9.599385619839042594e-01 -2.412668899108908471e-01 1.425069999999999115e-01
-1.819475264198996134e-01 7.329180923322753394e-02 -9.805730000000000279e-01
4.451858442739040633e-01 -8.036647188779232343e-01 3.948829999999999840e-01
6.129300083819363421e-01 -4.514790061740627802e-01 6.484469999999999956e-01
-4.326044247272011756e-01 -4.452764371684709843e-01 7.839530000000000109e-01
-5.042800418389209449e-01 -7.418170615468049345e-01 4.420510000000000828e-01
8.286595483532032125e-01 -5.588866953883097066e-01 3.112900000000009063e-02
-1.513250289733095444e-01 -9.723301861663181667e-01 1.779740000000000488e-01
6.327100191439177790e-02 -6.928920209648463668e-01 7.182600000000000096e-01
-1.595899317565023512e-02 -9.529725924919453250e-01 3.026360000000000716e-01
9.271311735192285797e-01 3.544950663462865248e-01 -1.214950000000000058e-01
8.423290289484705040e-01 -4.556390156590265361e-01 -2.878799999999999137e-01
6.022178717705806150e-01 -7.445088414727608628e-01 2.881670000000000620e-01
1.508150209765960204e-01 7.491381041963016685e-01 6.450169999999999515e-01
-4.264860217605336290e-01 8.237400420295675207e-01 3.735800000000000787e-01
-6.038329249990648240e-01 1.525619810505674245e-01 7.823750000000000426e-01
-9.252084159098533656e-01 3.000241348701460087e-01 2.323250000000001148e-01
-8.906193721112530826e-01 -1.447800604908136210e-02 4.545189999999998953e-01
3.671741199630398356e-01 8.266142700712149072e-01 4.264879999999999227e-01
3.400090119823307999e-01 2.315800081611609287e-02 9.401370000000000005e-01
-4.701588374592247099e-01 7.132877534060082514e-01 5.197800000000000198e-01
1.865921535700698908e-01 -4.285043526699389149e-01 8.840630000000000432e-01
-5.735017457577425981e-01 -1.353059400167691828e-01 8.079530000000000323e-01
-9.592823920929763881e-01 2.784461138108721978e-01 4.738200000000002132e-02
5.727602568609574396e-01 -6.821963059388185258e-01 4.544820000000000526e-01
-6.114953124902332560e-01 -7.336383749085595429e-01 2.963919999999999333e-01
3.896899262713308665e-01 8.834468328533668924e-01 2.601220000000000199e-01
1.913639995676882366e-01 8.457099980894502433e-01 4.981509999999999549e-01
-4.811243317766031313e-01 2.626936351503724731e-01 8.363680000000000003e-01
3.820966025226172902e-01 -6.060613695424525993e-01 6.976329999999999476e-01
-6.378192305994372369e-01 4.621181670758487403e-01 6.161440000000000250e-01
-5.516281841301668987e-01 -8.339492783672486365e-01 -1.532799999999997186e-02
-3.287289112354206400e-01 9.438787451304191389e-01 3.209700000000010461e-02
-7.537309042198087061e-01 -6.537959169190256103e-01 6.663799999999993340e-02
9.392949703885852264e-01 2.771289912634670172e-01 2.022980000000000056e-01
-7.120593715799503620e-01 -3.311691728168039139e-01 6.191109999999999669e-01
-8.022345156973209601e-01 4.486422883989925059e-01 -3.938780000000000059e-01
-8.905399126051694036e-02 9.526759065073346910e-01 2.906509999999998817e-01
-3.497428371942049585e-01 -8.422946079106453654e-01 4.101459999999999551e-01
9.603382138648757227e-01 1.951650434627583974e-01 -1.991509999999999114e-01
