-2.372315654180991995e-01 -4.345972038661524706e-01 8.688190000000000079e-01
9.250216554260827229e-01 -4.646703292431607346e-02 3.770620000000000083e-01
-6.230510034747136494e-01 -7.481510041723878901e-01 2.282050000000000467e-01
-7.636427814200157371e-01 -6.444018155507493795e-01 -3.994999999999999246e-02
-6.271660058546547623e-01 -5.896470055044111813e-01 5.088999999999999080e-01
6.269481035732514806e-01 6.961471150050855261e-01 3.497359999999999358e-01
-3.779688687356769217e-01 -8.085287192070994555e-01 4.510219999999999230e-01
4.133518991480955029e-01 -4.366198934710403545e-01 7.990639999999999965e-01
-6.359811975017783947e-01 -1.719100533860772329e-01 -7.523130000000001205e-01
-1.953748529987622551e-01 7.864834337550881405e-02 9.775700000000000500e-01
1.725951189196567870e-01 7.988005503810757801e-01 5.763059999999999850e-01
-8.365886558819234375e-01 3.709998473948408673e-03 5.478189999999999449e-01
4.906909868491812765e-01 -6.622339822517240293e-01 5.662760000000000016e-01
-7.066670473494743865e-01 6.116190409808837103e-01 -3.557299999999999907e-01
2.680166163374990695e-01 -1.984394563361776276e-01 9.427560000000000384e-01
-3.674879914982321916e-01 -9.127569788835335762e-01 1.784019999999998940e-01
4.948051723358937171e-01 -8.207382858552698668e-01 2.855809999999999182e-01
-9.568704647129679941e-01 7.573303678044807086e-02 2.804699999999999971e-01
4.236566377361786206e-01 4.140666459364681362e-01 8.056449999999999445e-01
-9.727350380165130650e-01 1.955510076425410193e-01 -1.246850000000000180e-01
-6.546530729586951258e-01 5.473330609982713924e-01 5.213980000000000281e-01
3.677069969624998103e-01 8.638279928642160765e-01 3.443729999999999847e-01
9.974329568400568391e-01 6.761899707405691351e-02 -2.356200000000010369e-02
8.524427393736324632e-01 -3.436588949295180107e-01 3.940049999999998831e-01
3.882491487901495453e-01 1.188227394892258509e-01 9.138619999999999521e-01
-8.399476508597902846e-01 3.240358653083323381e-01 4.353030000000001065e-01
-2.863919472380166420e-01 9.063018330320297133e-01 3.107999999999999097e-01
-1.541861548258131043e-01 6.161596187158246973e-01 7.723820000000000130e-01
-6.352641190372737556e-02 -2.065480878794038189e-01 9.763720000000000176e-01
8.259316897618711462e-01 2.158631802742199679e-01 5.208070000000000199e-01
-8.122090201533337384e-01 -5.129910127288405119e-01 2.777709999999999346e-01
-4.099270549772033867e-01 7.161780960499398718e-01 5.648440000000000127e-01
2.265661054972708810e-01 -9.513314429738982669e-01 2.088930000000001064e-01
-1.777666088278638812e-01 3.649012497400374588e-01 9.139180000000000081e-01
-6.818553312226278695e-01 2.574831250767330437e-01 6.846719999999999473e-01
-8.566091318232144092e-01 5.041490775832868643e-01 -1.097929999999999739e-01
1.031883414340467875e-01 5.925947322657060257e-02 9.928949999999999720e-01
-3.860842340518210736e-01 -1.559654985168792418e-01 9.091829999999999634e-01
2.225530467579317218e-01 -8.475231780628550426e-01 4.818449999999999678e-01
-9.253398548078347607e-01 -2.282199641907235732e-01 3.027570000000001094e-01
-6.654781785981634945e-01 4.016001077797050067e-01 -6.291710000000001468e-01
-4.608126027002468206e-01 1.739568500192633094e-01 8.702820000000000000e-01
1.033000269853295294e-01 -9.925302592812120794e-01 -6.490600000000010250e-02
8.149497376828539197e-02 8.683767204857039124e-01 -4.891630000000001810e-01
1.292349993209813419e-01 3.449649981875060334e-01 9.296759999999999469e-01
4.391362230445274295e-01 6.610443357553160704e-01 6.084239999999999648e-01
-2.232979783414519304e-01 -9.713229057875760741e-01 -8.166899999999994997e-02
-6.742050357569864261e-01 7.377680391280992955e-01 -3.385100000000003384e-02
2.191952030077841118e-01 -6.673986181116772221e-01 7.117109999999999825e-01
-7.723693411918866047e-01 -3.082347370849221058e-01 5.553709999999999480e-01
1.528149713597513060e-01 5.962238882570191079e-01 7.881399999999999517e-01
5.479747334109428269e-01 -1.453671945598669357e-01 8.237670000000000270e-01
7.698288431439161972e-01 -1.006019795018949087e-01 6.302720000000000544e-01
3.748598842503214623e-01 6.288238058310414713e-01 -6.812200000000000477e-01
7.417397735179848128e-02 9.743477024937322595e-01 -2.124730000000000507e-01
-5.642809240420297856e-01 7.734988958791556568e-01 2.885940000000000727e-01
4.439600808167869922e-02 9.434331717389481398e-01 3.285770000000000080e-01
-9.211734423315879328e-01 -3.887101866519228621e-01 1.854399999999994941e-02
-4.254977659210730789e-01 9.044795024190297461e-01 2.947000000000005171e-02
8.936581974878467227e-02 -4.558050806393317833e-01 8.855819999999999803e-01
-5.455132369584978491e-01 -3.743571626122061402e-01 7.498479999999999590e-01
-5.333670982301128571e-01 -8.422161551107822941e-01 -7.868599999999993655e-02
-4.466234036565340793e-01 4.705773716725578648e-01 7.609759999999999858e-01
-8.165704474625508358e-02 -6.861263759820841468e-01 7.228849999999999998e-01
-6.432550569800774554e-01 -6.801500602482678237e-02 7.626249999999999973e-01
-1.259699220092389549e-01 8.181874934420509948e-01 5.609819999999999807e-01
-7.823249232684299503e-01 5.819249429239523597e-01 2.221060000000000534e-01
6.631831246409289893e-01 4.617600867847869717e-01 5.890379999999999505e-01
9.493740266889466595e-01 2.130240059885631365e-01 2.308890000000000664e-01
-9.325180169692161014e-01 3.352230061001197359e-01 1.342969999999999997e-01
8.240931658194103893e-01 4.776130961026316957e-01 3.045589999999999686e-01
