1.968487693983110576e-01 -2.019147891992328081e-01 9.594169999999999643e-01
-4.458781420092236547e-01 -1.988780633413409771e-01 8.727200000000000513e-01
5.854045132300710330e-01 1.133110993409894157e-01 8.027840000000000531e-01
-7.026804557468103729e-01 -7.114534614368355214e-01 -8.610999999999913862e-03
5.955036010657420720e-01 3.984527330722347771e-01 6.975749999999999451e-01
8.207889175480482802e-01 -5.034149494296958904e-01 2.699610000000000620e-01
4.527606623474145220e-02 -4.230146188316750155e-01 9.049909999999999899e-01
-4.118199176922227728e-02 9.745708052188510884e-01 2.202629999999999033e-01
6.523968976604428427e-01 -5.650429113634022338e-01 5.050789999999999447e-01
9.068102136441625882e-01 2.385300561975960687e-01 3.475609999999998978e-01
-8.712809987092869912e-01 -1.372999997966041219e-01 4.711879999999999957e-01
-9.348285212671429978e-01 1.051279461631721146e-01 3.391809999999998992e-01
8.335463992558455049e-01 5.069152428045685665e-01 2.196299999999999364e-01
2.987419478048274901e-01 4.374559235691955483e-01 -8.481659999999999755e-01
7.470377700552077727e-01 6.011788149518763058e-01 -2.837580000000000102e-01
-2.718510241612537848e-01 8.945610795057414855e-01 3.547639999999999683e-01
-2.899446351700890045e-01 4.097180713715277423e-02 9.561659999999999604e-01
9.861818196102242196e-01 8.257898489487001947e-02 -1.436180000000000789e-01
3.527302091888786378e-02 8.870655260798131492e-01 4.602940000000000365e-01
-5.468175666954967484e-01 -4.528096411884535710e-01 7.042399999999999771e-01
8.667450030499443958e-01 4.952210017426077471e-01 -5.923899999999999305e-02
-9.068584608812170211e-01 -3.226991640013188722e-01 2.710589999999999389e-01
-3.384961920436100336e-01 -8.480754811501011181e-01 4.076619999999999688e-01
7.105520275633980809e-01 -7.036350272950770979e-01 3.683000000000088980e-03
-8.804876935729852860e-01 4.740638350164720904e-01 -2.214000000000077451e-03
-1.915816378099545469e-01 5.470679657538498608e-01 8.148699999999999832e-01
9.396563874486389967e-01 -2.552411052435977212e-01 2.278109999999999302e-01
3.848091782943303674e-01 3.260633037378513066e-01 8.634840000000000293e-01
-4.912017261526606671e-01 7.437595853504319621e-01 4.533679999999999932e-01
-1.667510781881737236e-01 6.561953076844433408e-01 -7.359360000000001456e-01
-5.121141715043675546e-01 8.400212813187503125e-01 1.791740000000000277e-01
-6.415110355988468127e-01 -7.100360394014483267e-01 -2.903659999999999020e-01
-8.132844637465667104e-01 2.927751669446356231e-01 5.028430000000000399e-01
-5.507745472858592839e-01 6.334294793468869811e-02 8.322469999999999590e-01
-9.777133602855921923e-01 2.011810741348592779e-01 6.002300000000010405e-02
9.875306004767906431e-01 8.322996632782493978e-03 1.572070000000000134e-01
-1.319819863137630112e-01 2.874059701966432123e-01 9.486719999999999597e-01
3.352596100987045857e-01 4.010007297330735881e-02 9.412719999999999976e-01
-7.649605825802299197e-01 6.035496706581092163e-02 6.412430000000000074e-01
-2.689129590808571058e-01 9.616228536746499467e-01 5.447300000000007691e-02
-3.542539127370568641e-01 -6.711328346806508804e-01 6.512179999999999636e-01
-7.204349756242668379e-01 6.422739782688242638e-01 2.616439999999999322e-01
4.234448647076177741e-01 -6.372547963944620308e-01 6.438949999999999951e-01
-5.717740756388376422e-01 -6.623810876250564306e-01 4.840719999999999468e-01
-6.725168530802762001e-01 5.343538832637060310e-01 5.120419999999998861e-01
-2.276397833699399798e-01 7.658002712374074594e-01 6.014399999999999746e-01
-3.900802429031363094e-01 3.203563782284194472e-01 8.632549999999999946e-01
-1.004119326460493483e-01 -8.103324564481452219e-01 5.773030000000000106e-01
3.365456246949630192e-01 5.762263574105900288e-01 7.447820000000000551e-01
-1.520521473134582857e-01 -2.262177314035448972e-01 9.621359999999999912e-01
5.999942382438199218e-01 -3.791531505529373014e-01 7.044500000000000206e-01
3.383019163571553412e-01 -4.304638935707341685e-01 8.368109999999999715e-01
-8.772566842855247238e-01 4.031988548934225536e-01 2.604829999999999646e-01
2.842498037293322843e-02 7.120925083096986130e-01 7.015099999999999669e-01
4.914458685285365003e-01 -1.733969536128946998e-01 8.534720000000000084e-01
1.388118967384223967e-01 2.361651229857650303e-01 9.617470000000000185e-01
2.654250367527967724e-01 7.802691080420758318e-01 5.663300000000000001e-01
-6.808726804995828275e-01 -2.008309057598283986e-01 7.043289999999999829e-01
-2.894490904777686224e-01 -9.480732963545552838e-01 1.318190000000000472e-01
-4.727851648438782250e-01 8.740133047382898646e-01 -1.121380000000001126e-01
5.446971371183215727e-01 8.100992039288177349e-01 -2.168969999999999787e-01
-6.288501899134406325e-02 -9.414292843126659260e-01 3.312950000000000617e-01
9.259509093019256676e-02 4.933804845092977787e-01 8.648709999999999454e-01
-6.195853407347018393e-01 3.257291791314730900e-01 7.141530000000000378e-01
-1.026251492616559874e-01 -6.184148994445580749e-01 7.791219999999999812e-01
-1.701770294670313655e-01 8.391061452955622668e-01 -5.166629999999998724e-01
-4.417348918959380644e-01 5.721238599863528451e-01 6.910460000000000491e-01
3.929610627981393045e-01 8.515311360810928765e-01 3.470970000000000444e-01
0.000000000000000000e+00 0.000000000000000000e+00 1.000000000000000000e+00
4.822318063722323966e-01 8.731906493927736879e-01 7.064400000000006785e-02
2.211179312555884846e-01 9.606317013446146191e-01 1.682070000000000232e-01
7.795309714535045842e-01 1.816709933471916394e-01 5.994390000000000551e-01
1.206499464561829743e-02 9.981545570242122967e-01 -5.951399999999992113e-02
8.978916547136840398e-01 -3.927502863808629563e-02 4.384609999999999341e-01
5.342203187928959984e-01 6.476613864881992644e-01 5.432709999999999484e-01
-7.557892504446678261e-01 -4.128365905685777992e-01 5.082799999999998430e-01
8.107390471607395233e-01 -3.106040180678545926e-01 4.962129999999999597e-01
7.500548483442184278e-01 4.600339069844000539e-01 4.751699999999999258e-01
6.418378055312241592e-01 -7.174947826081123914e-01 2.706390000000000184e-01
4.223699018505603364e-01 -8.064418126007282250e-01 4.138300000000000312e-01
9.603830064337226524e-01 2.706340018130101166e-01 6.649599999999994404e-02
7.278552955963741855e-01 -1.039830422295618811e-01 6.778009999999999868e-01
-2.178528881436587739e-01 9.453275146225600389e-01 -2.426850000000000118e-01
