-8.396472830669992060e-01 -1.359740458403972951e-01 5.258359999999999701e-01
-6.459359939468094503e-01 -2.502829976545499213e-01 7.211969999999999770e-01
-8.324788895862601512e-01 1.467389805376451417e-01 5.342719999999999692e-01
9.526616728333258122e-01 -1.048549639903117447e-01 2.853789999999998828e-01
-1.527375687048271868e-01 -1.755996538297790177e-01 9.725409999999999888e-01
-6.314942028104233440e-01 -7.418332382468635355e-01 -2.256070000000000297e-01
-3.836948513498880109e-01 -9.004486511504068424e-01 2.048669999999999103e-01
1.255472367067231865e-01 2.284144306525004720e-01 9.654350000000000431e-01
-5.383562364943481615e-01 7.765603411349575325e-01 3.273019999999999263e-01
6.966470784767309077e-01 -6.833950769839035599e-01 2.182980000000000198e-01
3.952507174115734156e-01 6.087065647991949380e-01 6.879340000000000455e-01
6.428654941061731076e-01 -1.560591199469799628e-01 7.499130000000000518e-01
-3.794430229638647289e-01 9.245100559512827720e-01 3.611300000000006866e-02
-3.501038671795073665e-01 -8.057646943133919271e-01 4.776720000000000410e-01
-1.242680553872129584e-01 3.998511782166968009e-01 9.081169999999999520e-01
-5.970997934251501965e-02 9.828736599613994152e-01 1.743390000000001050e-01
8.119148359612901045e-01 5.315068926147161754e-01 -2.414430000000000187e-01
8.104473105602187921e-01 -2.629681007683409288e-01 5.234720000000000484e-01
-8.957100549786345400e-02 6.639310407520511159e-01 7.424100000000000144e-01
5.967209507748574282e-01 4.015499668750455720e-01 6.947529999999999539e-01
-1.467274694807854107e-01 1.079040806631761384e-01 9.832739999999999814e-01
5.778944314904930213e-01 -4.396565674833935455e-01 6.875609999999999777e-01
6.421712179967403733e-01 5.967502025777476904e-01 4.811500000000000221e-01
-7.992329778402914586e-01 -6.001439833602766338e-01 -3.246300000000010288e-02
-7.549388756171503401e-01 6.002319011064913834e-01 2.641759999999999664e-01
9.395086999736180777e-01 3.423308906787148054e-01 1.153100000000009846e-02
-6.551249505925080818e-01 4.102299690617273314e-02 7.544060000000000210e-01
-6.057587783459711384e-01 -6.979267446206633974e-01 3.820400000000000462e-01
-2.927119266749536042e-01 9.032937737227222375e-01 3.136560000000000459e-01
2.454837501063615313e-01 -7.569442294579683539e-01 6.056179999999999897e-01
1.662070577296370921e-01 9.860323424841890283e-01 -1.074399999999997926e-02
-2.692962681707197214e-01 -6.506456479262148207e-01 7.100279999999999925e-01
-7.563637208781069932e-01 -4.230588438780416016e-01 4.989339999999999331e-01
-6.090947710493229694e-01 3.279468767291019438e-01 7.221180000000000376e-01
4.542220196284393330e-01 -8.577470370660932319e-01 2.407330000000000025e-01
-9.984122270869307814e-01 -5.632801281169742130e-02 4.239999999999295331e-04
-3.976380004577208527e-01 2.234860002572547077e-01 8.899089999999999501e-01
4.183068937564792256e-01 7.966077976738650257e-01 4.363890000000000269e-01
-4.141084182065156161e-01 -3.644833680903663553e-01 8.340659999999999741e-01
-6.169969664918014685e-01 -7.809169575895472670e-01 9.738299999999994183e-02
4.172308716930251959e-01 9.013897228043363796e-01 1.158229999999999676e-01
3.325646711935157929e-01 -5.356394704135877260e-01 7.762029999999999763e-01
1.483647905621624241e-01 5.211442643313324297e-01 8.404740000000000544e-01
-5.536097578249685874e-02 -8.245596392987045720e-01 5.630600000000000049e-01
8.002640860038732207e-01 3.007040323164714701e-01 5.188009999999999566e-01
6.294570548860908277e-01 -7.759650676609926023e-01 -4.076800000000006113e-02
-7.665072100111381959e-01 4.164091140896666321e-01 4.889479999999999382e-01
-9.109797778609969310e-01 3.282929199470021597e-01 2.496790000000000675e-01
9.291458565223196242e-01 2.543669607209339545e-01 -2.683009999999999562e-01
1.933320679804103881e-01 9.285443264995043577e-01 3.169040000000000190e-01
-5.346046394653612976e-01 -5.579476237229720192e-01 6.347380000000000244e-01
-1.998890373710030532e-01 9.056471693186556315e-01 -3.739620000000000166e-01
4.187500083027349829e-02 -6.299290124898715426e-01 7.755229999999999624e-01
1.702249847370514713e-01 7.672099312093596524e-01 6.183950000000000280e-01
-5.625826883431052083e-01 6.014506668112060694e-01 5.672369999999999912e-01
9.724713768601320751e-01 -2.327720902057610897e-01 1.079699999999999237e-02
6.385944922964825743e-01 1.258500970186258172e-01 7.591830000000000522e-01
-3.630954655409273091e-01 5.116826560512064415e-01 7.786800000000000388e-01
4.973570465124080853e-01 -7.095120663529651539e-01 4.992279999999999496e-01
-1.035589904832705105e-01 -9.466619130048942177e-01 3.051340000000001274e-01
-4.241822014847099198e-01 -7.210103424767914937e-02 9.027020000000000044e-01
1.321293999874205150e-01 -6.766871698919814382e-02 9.889200000000000212e-01
1.284507646522511926e-01 -3.558483480139425503e-01 9.256739999999999968e-01
8.381452980904888772e-01 2.011500715400102099e-02 5.450760000000000050e-01
7.156870080123503008e-01 -5.306230059404982713e-01 4.541270000000000029e-01
8.830081015449043891e-01 -3.966020456087738788e-01 2.510049999999999226e-01
8.336267680771042299e-01 4.722938686033535949e-01 2.863649999999999252e-01
-9.597373709214190862e-01 4.069101572635380054e-02 2.779360000000000719e-01
3.973724108341801231e-01 -2.504476286728055112e-01 8.828200000000000491e-01
4.003138535571378887e-01 3.845208198829183632e-02 9.155710000000000237e-01
8.481721751043086455e-01 -5.297161093593680814e-01 -2.192000000000085373e-03
1.363410414032717177e-01 -9.845312989768640888e-01 1.100420000000000703e-01
3.782808011050035613e-01 3.279538275662545188e-01 8.656500000000000306e-01
-1.490762970513784536e-01 -4.442038851264689114e-01 8.834359999999999991e-01
9.434775440923425238e-01 1.840469110647660334e-01 2.756389999999999674e-01
-3.150520243788910713e-01 7.520720581957307527e-01 5.789039999999999742e-01
-5.253902372936358756e-02 8.731643943665851060e-01 4.845859999999999612e-01
