-6.695501079511523290e-01 -2.415390389431907592e-01 7.023970000000000491e-01
3.118342131483863300e-01 3.397991425844490987e-01 8.872970000000000024e-01
-3.386650333736115903e-01 -8.031110791422633177e-01 4.902229999999999643e-01
-1.244393282206808643e-01 5.345985218821473761e-02 9.907859999999999445e-01
1.407549693995945039e-01 8.989318045704686178e-01 4.148609999999999798e-01
-5.164592470797410018e-01 -4.828202309864686459e-01 7.072159999999999558e-01
-7.474898434366791800e-02 -5.975578748402452511e-01 7.983339999999999881e-01
-5.539852328731160735e-01 -1.658427703504714024e-01 8.158410000000000384e-01
-6.197499390936094255e-01 2.927809712267302467e-01 7.281410000000000382e-01
-3.832758151308079397e-01 2.626178733289392109e-01 8.855119999999999658e-01
-6.697028303818186590e-01 -6.163858438856143485e-01 4.142059999999999631e-01
-2.740811874229598932e-01 -1.970104159170786851e-01 9.413110000000000088e-01
-7.399488351165630640e-01 2.109949529838125726e-01 6.387150000000000327e-01
-6.040417577590264653e-01 -7.967436804791021565e-01 -1.825000000000001274e-02
-8.600794230800509199e-01 4.955282437543663265e-01 1.213059999999999278e-01
7.456780017941333494e-01 -2.339190005628191960e-01 6.238960000000000061e-01
6.332231075087693117e-01 6.323921073676818105e-01 4.462159999999998905e-01
-5.265231917686030716e-01 1.900590692227099032e-01 8.286440000000000472e-01
3.819600079015362804e-01 4.648400096160594797e-01 7.987680000000000335e-01
-2.103588034477509860e-01 -6.630723804472860028e-01 7.183899999999999730e-01
2.119851651535802628e-01 4.791103732657114866e-01 8.517719999999999736e-01
-1.113760627609426124e-01 -2.864851614357548648e-01 9.515890000000000182e-01
-5.509196119949583137e-01 7.567994669966366869e-03 8.345240000000000435e-01
8.843482667399094055e-01 2.832070854218130540e-01 3.711090000000000222e-01
8.928895922955988607e-02 8.129326288049348870e-01 5.754719999999999835e-01
-7.607678006101147306e-01 4.604238793273529029e-01 4.574299999999999478e-01
-3.912292641656621717e-01 -4.254452872689913345e-01 8.160490000000000244e-01
6.672872005643568638e-01 3.801101142484683559e-01 6.405030000000000445e-01
6.767088585998507488e-01 8.389698246949822691e-02 7.314549999999999663e-01
3.984041463003503147e-01 -8.075192965339520468e-01 4.349560000000001203e-01
-3.691809071749440480e-02 3.542598705100182821e-01 9.344179999999999708e-01
3.499990339687364949e-01 7.108930689948744774e-01 6.100259999999999572e-01
5.328419493179634703e-01 4.301399590866125666e-01 7.287379999999999969e-01
-9.964908760949909849e-01 4.013399500968545253e-02 7.345200000000010054e-02
7.449625516321614072e-01 -3.814102824278590709e-01 5.473179999999999712e-01
-2.344370020996182635e-01 9.223280082603713126e-01 3.071649999999999103e-01
7.028675702785813773e-01 4.911473984973180329e-01 5.145400000000001084e-01
6.461881418457410264e-01 -6.467411419671308392e-01 4.051749999999999519e-01
-6.833781356054144940e-01 7.267561442130832106e-01 -6.942499999999991733e-02
9.543995488687466722e-01 2.695848725710195404e-01 -1.282400000000000762e-01
-8.205086351770312092e-01 -5.496407556130872285e-01 1.570370000000000654e-01
-2.780528781747452216e-01 9.511715832565332818e-01 1.340120000000001033e-01
-7.537738589607125839e-01 6.254618829692788484e-01 2.015500000000000902e-01
1.333123168143009740e-01 3.445178187403423187e-01 9.292660000000000364e-01
-8.605807191103564957e-01 3.550118841257311475e-01 3.651949999999999918e-01
-8.084155404623142305e-01 -4.237637591147035421e-01 -4.085199999999998832e-01
3.784205350095168341e-02 4.889296912469431322e-01 8.715019999999999989e-01
-2.294268822353109083e-01 -5.169157346674453368e-01 8.247189999999999799e-01
-1.560899968498578351e-02 8.840159821591655476e-01 4.671959999999999447e-01
8.754863799759384779e-01 -4.809802087535688386e-01 4.670800000000005503e-02
-6.739281647145595189e-01 -6.744391640812116839e-02 7.357120000000000326e-01
-4.245521082847195649e-01 9.027552302534722628e-01 6.919899999999992724e-02
-7.264565534001675706e-01 -6.836105797403587703e-01 7.026700000000007940e-02
-8.225920653110129210e-01 -5.685090451376849652e-01 -1.182199999999992111e-02
6.755580810793834212e-01 6.864310823843433607e-01 2.691349999999999576e-01
-8.406465814955232929e-01 -3.645988184894328743e-01 4.004760000000000542e-01
5.795182892680191822e-01 7.929013957787364175e-01 1.883239999999998804e-01
9.588337822892331053e-01 2.810769361792664900e-01 4.041700000000009868e-02
-6.552148082608154622e-01 1.112239674519066440e-01 7.472100000000000408e-01
8.344681801771322016e-01 -1.106050238816727593e-01 5.398419999999999330e-01
3.388846079458913141e-01 -1.363992446949741644e-01 9.308880000000000488e-01
-9.158985436787747680e-02 -4.450952922778121379e-01 8.907869999999999955e-01
3.570005178372544496e-01 -2.997224347541108669e-01 8.847129999999999717e-01
-4.210670976760569895e-01 -9.570702220141305561e-02 9.019660000000000455e-01
-8.627202391736891185e-01 -2.066200572816995207e-01 4.615429999999999811e-01
1.267050219537717015e-01 -9.836091704267982960e-01 1.282920000000000726e-01
3.077529175592672583e-01 3.429610225315393723e-02 9.508480000000000265e-01
-6.418791614522526556e-01 5.436901367547080088e-01 5.407330000000000192e-01
5.963634159709896299e-01 -4.778503333066225905e-02 8.012909999999999755e-01
9.699997928797653435e-01 -5.474298831094535217e-02 -2.368619999999999337e-01
-9.222205945114350101e-01 -2.508108897216692057e-01 2.942839999999999345e-01
3.615547749165290980e-01 -5.952416294363641613e-01 7.176109999999999989e-01
9.373294948285224026e-02 -7.848685769969676596e-01 6.125319999999999654e-01
-1.804690122450163525e-01 -9.463710642122931116e-01 2.679790000000000227e-01
-9.671776233810797097e-01 2.027199210608724711e-01 1.532060000000000088e-01
-5.248081838995835025e-01 -6.971172442789096424e-01 4.884709999999999330e-01
6.261603746864375930e-01 -2.129511274272574972e-01 7.500499999999999945e-01
-9.374657599679566689e-01 3.453709115700125398e-01 4.332299999999989631e-02
7.241515513098493173e-01 -7.844395139549406593e-02 6.851650000000000240e-01
-9.532106491850637908e-02 8.003765450972447626e-01 5.918710000000000360e-01
-1.755589590073815820e-01 6.966898373245044018e-01 6.955590000000000384e-01
-3.244538525365122106e-01 -8.869735968726549791e-01 3.286450000000001315e-01
5.594437837139329961e-01 -8.115126862617972892e-01 1.687299999999998801e-01
3.118848754029832082e-01 9.320946276311573575e-01 1.841939999999999689e-01
-2.657800636949139705e-01 7.825741875460292540e-01 5.629729999999999457e-01
9.636791555632163719e-01 -1.544000249242337419e-02 2.666159999999999641e-01
-3.266749093779591773e-01 4.300708806951502594e-01 8.416190000000000060e-01
1.065929845102597529e-01 -8.829768716887183011e-01 4.571540000000000048e-01
-2.821280970345100281e-01 9.586753297246601857e-01 -3.667900000000001021e-02
-4.823230132833790096e-01 3.679500101334982620e-01 7.949699999999999545e-01
-3.334809221396660694e-01 -9.285417832062691224e-01 1.630970000000000475e-01
7.252413802533995701e-01 -5.171162711307234483e-01 4.545500000000000651e-01
-3.795298823654249393e-02 -9.282227122991102419e-01 3.700840000000000241e-01
9.168902190194505586e-01 -1.420680339360831657e-01 3.729999999999999982e-01
-4.132891983890921717e-01 -2.654701274322622817e-01 8.710440000000000405e-01
-9.327935827865840857e-01 -9.397395796798277412e-02 3.479439999999999200e-01
-1.268890215968175306e-01 9.911661686988727515e-01 3.858499999999991797e-02
8.660597208197436947e-01 -4.515498544398254821e-01 2.145769999999999067e-01
-9.170444783687612400e-01 6.562003423015476400e-02 3.933489999999999487e-01
9.666408592697128821e-01 -1.680469755345546656e-01 1.933019999999999738e-01
-7.758229304909634028e-01 -1.443859870638897480e-01 6.142079999999999762e-01
1.488294652087927827e-01 6.979074921982704460e-02 9.863969999999999683e-01
3.440704598763320160e-02 -1.927422576146830824e-01 9.806460000000000177e-01
-3.446648709620893647e-01 -7.079577349501072758e-01 6.164429999999999632e-01
2.636080187296581667e-01 -8.903010632569323679e-01 3.713150000000001172e-01
-7.878012525876593175e-01 -5.199941667223922925e-01 3.301139999999999630e-01
-5.620999266228003666e-02 -7.334189042586143348e-01 6.774489999999999679e-01
-3.312559032708217721e-01 -9.435147244867096994e-01 -7.035000000000026475e-03
2.174911628783318951e-01 -5.643894226691628102e-01 7.963430000000000231e-01
8.290670126808663554e-01 -4.100450062717800326e-01 3.801460000000000949e-01
5.433507411513039953e-01 1.306761782473319089e-01 8.292730000000000379e-01
-7.698091107144029444e-01 3.596700517279613485e-02 6.372600000000000486e-01
-4.208981971695880397e-01 5.282202474445585327e-01 7.374469999999999636e-01
6.356700013663569848e-01 -3.707440007969051710e-01 6.771059999999999857e-01
7.848290963287329891e-01 3.181230390459393598e-01 5.318279999999999674e-01
-4.591738558990651198e-01 -8.003267488362391102e-01 3.855340000000000433e-01
-9.922475321556747385e-01 -1.233589418363067458e-01 1.508000000000003088e-02
-1.837230213150202740e-01 -9.780921134754541058e-01 9.788599999999988976e-02
4.044091414450609601e-01 7.959012783723047324e-01 4.505489999999999773e-01
8.979630237811949689e-01 1.208300032000001953e-02 4.399050000000000460e-01
9.361271940128976787e-01 1.362740282428704652e-01 3.241840000000000832e-01
7.405469224837867293e-01 2.049339785486840870e-01 6.399939999999999518e-01
-9.117004423875627594e-01 3.546431720847342817e-01 2.074380000000000390e-01
-7.381198468855739714e-01 -4.646879036058682022e-01 4.891260000000000607e-01
1.131579456713463355e-01 6.111837065624710075e-01 7.833579999999999988e-01
-5.377877207296809514e-01 8.238405721839479057e-01 1.790839999999999932e-01
-7.001696531144114832e-01 3.830248102377242780e-01 6.025399999999999645e-01
4.711637711959429931e-01 3.050488518637909374e-01 8.276170000000000471e-01
-8.827544353240046604e-01 -4.061042002673671547e-01 2.362710000000000643e-01
-4.962090415414681654e-01 7.926080663553063399e-01 3.543289999999998940e-01
7.517318363164694484e-01 5.631668773749649581e-01 3.431360000000000521e-01
-4.265070090507195322e-01 8.984710190660628593e-01 -1.041230000000000488e-01
1.543449717881618111e-01 9.545968255146837222e-01 2.547989999999998867e-01
2.129082669176355358e-01 -4.165105221685628245e-01 8.838489999999999958e-01
9.951896167771163704e-01 -2.603398997495498524e-02 9.444500000000009832e-02
7.877442442476284556e-01 -6.009491863300362446e-01 1.353480000000000238e-01
-1.916639328012214871e-01 -7.859357244451793401e-01 5.878520000000000412e-01
4.573548107588697453e-01 -3.348998614274370685e-03 8.892780000000000129e-01
9.790509756326849500e-01 1.318469967184984215e-01 1.551629999999999676e-01
9.097047935663218343e-01 -2.928389335478733813e-01 2.944190000000000418e-01
5.425437101364787296e-01 -7.711925879767935754e-01 3.330289999999999084e-01
-1.821219435078287319e-01 -9.803136959177563003e-01 -7.626700000000002921e-02
-6.676806294096642169e-01 7.371235908659513614e-01 1.041699999999999710e-01
6.744361509876890537e-01 -6.986281564036130876e-01 2.388609999999999067e-01
7.692788442395364079e-01 -5.653598855282209179e-01 2.976210000000000244e-01
-1.227040007822628315e-01 9.710170061904304095e-01 2.051090000000000413e-01
2.275682698546069305e-01 -7.007998310212273374e-01 6.760859999999999648e-01
6.136389874826209123e-01 2.597549947013605975e-01 7.456369999999999942e-01
-6.163371095949641276e-01 -5.511110979966971080e-01 5.624989999999999712e-01
-3.456519914662636861e-01 6.660129835569317258e-01 6.610230000000000272e-01
5.324309678476948221e-02 -3.568216486268283028e-01 9.326539999999999830e-01
-1.737719604877508428e-01 8.778418003964287841e-01 4.463150000000000173e-01
-3.022400426492379694e-02 -9.991071409844861639e-01 2.951999999999993518e-02
-4.162822131666970571e-01 8.061104127870190317e-02 9.056549999999999878e-01
-3.597956475088367467e-01 -5.732294384081271232e-01 7.361760000000000526e-01
-3.941267150121556817e-01 8.851013599948466259e-01 2.475070000000000880e-01
-5.410484310414975795e-01 -3.312526516596265291e-01 7.730059999999999709e-01
6.251356488932061639e-01 -5.233807060437650760e-01 5.790319999999999911e-01
-9.770056943909687375e-01 -1.093629657910797637e-01 1.830289999999999417e-01
5.601917800377568257e-01 -8.283616747394397795e-01 -1.450999999999900286e-03
-9.036118943183103491e-01 -4.227489505575087181e-01 6.905699999999989624e-02
5.079666088499642518e-01 -4.763036332314370958e-01 7.177080000000000126e-01
2.428091258432630017e-01 -8.133414215390917246e-01 5.286960000000000548e-01
-1.499499361812898016e-02 9.471825968789714389e-01 3.203439999999999621e-01
1.629820132459545642e-02 -1.822852798728008886e-02 9.997009999999999508e-01
-7.683952012911458018e-01 -3.087520808816348050e-01 5.605719999999999592e-01
-6.109748031330107798e-01 -7.770567496184425105e-01 1.513029999999999098e-01
9.355475649902567081e-01 2.859668670314818306e-01 2.073010000000000963e-01
-9.204305684368205842e-01 2.117409007208369831e-01 3.285930000000000240e-01
7.999757735296209038e-01 4.632998688414069477e-02 5.982410000000000228e-01
8.434856317324886943e-01 -2.635708849244252638e-01 4.680409999999999293e-01
1.795967857545837376e-01 -9.721542532757887489e-02 9.789250000000000451e-01
-8.183351569179229124e-01 4.976340954226494140e-01 2.875550000000001161e-01
-1.887240146788299322e-01 -8.794660684042930887e-01 4.369470000000000298e-01
4.964339930722746486e-01 -6.088649915033025328e-01 6.187380000000000102e-01
-7.053301218557726793e-02 6.020341040099217444e-01 7.953489999999999727e-01
8.959622455450979572e-01 4.338551189012128106e-01 9.498099999999992660e-02
4.156188615605613812e-01 -8.678187109362778262e-01 2.723080000000000500e-01
-1.277437958137036811e-01 -1.204827505791052633e-01 9.844619999999999482e-01
-2.555635146443507866e-01 -3.613667277069469441e-01 8.967169999999999863e-01
4.392851724650517209e-01 5.834792290761940947e-01 6.830669999999999797e-01
-5.770888677507426401e-01 6.789948443973384817e-01 4.537999999999999257e-01
3.707331247141884001e-01 -7.213152426496018954e-01 5.850309999999999677e-01
-7.062380707785702594e-01 6.001670601482250733e-01 3.755360000000000364e-01
2.512360882946250706e-01 8.167802870499601964e-01 5.193750000000000311e-01
5.468199799108378611e-01 7.528639723411599816e-01 3.663109999999998867e-01
-1.473208858243507113e-01 4.707756351426107266e-01 8.698660000000000281e-01
-2.529983344275265611e-01 5.725607568432343752e-01 7.798500000000000432e-01
-4.755857662291136378e-01 -8.498155822790417480e-01 2.272259999999999835e-01
2.757758953508183120e-01 -9.388876437185944557e-01 2.060039999999999927e-01
1.903028897059645119e-01 7.192135831646669919e-01 6.682190000000000074e-01
-4.358498365656277712e-02 -8.466056825409674635e-01 5.304330000000000434e-01
-8.125640439650058111e-01 2.933980158747432898e-01 5.036439999999999806e-01
-6.528309119304505082e-01 -4.018979457823297352e-01 6.420979999999999466e-01
-7.121301667068935526e-01 -6.949961626958900407e-01 -9.925199999999989586e-02
1.187930082972089435e-01 -9.478680662047325178e-01 2.956930000000000391e-01
3.949347495421585141e-01 1.736378898831486828e-01 9.021510000000000362e-01
4.701090596664109916e-02 1.928726142073976524e-01 9.800969999999999960e-01
8.638929931002867768e-01 4.346529965285271802e-01 2.544909999999999672e-01
-2.779095762000672321e-01 -2.377413483807735636e-02 9.603129999999999722e-01
1.997576527539276781e-01 -2.596055487181296861e-01 9.448290000000000299e-01
5.046699282196719372e-01 -3.303889530080433290e-01 7.975910000000000499e-01
-3.445989610415359783e-01 8.418759048221383656e-01 4.153270000000000017e-01
-6.326089688520882826e-01 7.216619644673657463e-01 2.810869999999999758e-01
-2.226246695386129848e-01 3.248875177408687698e-01 9.191770000000000218e-01
4.987877315807932033e-01 6.818186330839651754e-01 5.351019999999999666e-01
8.541337779097155636e-01 1.660069568351782709e-01 4.928459999999999508e-01
-3.005900533937796992e-02 -9.892361757179157777e-01 -1.432070000000000287e-01
-8.454283715329277138e-01 1.391330611435755982e-01 5.156480000000001063e-01
-8.588056403712674980e-01 -4.290198203460166004e-02 5.105020000000000113e-01
-4.779322828910685939e-01 -6.214093678160408363e-01 6.208310000000000217e-01
-7.830744174835549964e-01 6.210923311254060719e-01 3.222999999999989068e-02
4.606318593255269156e-01 8.812117308827136508e-01 1.062269999999998910e-01
-4.776062109303098602e-01 -8.762933870067675102e-01 6.326300000000006918e-02
9.731999672353946682e-03 7.165449758761673893e-01 6.974730000000000096e-01
2.945181397598455320e-01 8.881634214666803695e-01 3.527390000000000247e-01
-9.820339987911426149e-01 1.876829997689671570e-01 -1.960400000000003112e-02
-4.301939668736405875e-01 7.382889431493071530e-01 5.194830000000001391e-01
-5.700388363924986379e-01 4.618398674468090492e-01 6.795290000000000497e-01
-4.415118503166849950e-01 -8.530177108061340885e-01 -2.782589999999999231e-01
5.226399561777180791e-01 -6.978989414826138882e-01 4.896780000000001132e-01
-9.373697837018957202e-01 3.255209248860375104e-01 -1.239919999999999217e-01
3.655582479642763838e-01 -4.529593072498773743e-01 8.131389999999999452e-01
-5.965791645258091691e-01 -7.365512031275812665e-01 3.187249999999999250e-01
-7.990174878081499621e-01 -5.742083505599279158e-01 -1.784819999999999740e-01
2.836321406820933588e-01 6.006932979450438914e-01 7.474760000000000293e-01
-1.112696780357981391e-01 2.106653904294909507e-01 9.712049999999999850e-01
6.516901955674407609e-02 -5.131621539961932488e-01 8.558139999999999636e-01
4.877570136023947067e-01 -1.731230048279930045e-01 8.556409999999999849e-01
-2.712918512825350792e-01 1.510983602117996483e-01 9.505630000000000468e-01
5.795066037674854176e-01 5.449495677637287150e-01 6.059719999999999551e-01
7.909103913519179019e-02 -6.583263257477369734e-01 7.485659999999999537e-01
-2.922199921831448999e-02 -9.792569738049786698e-01 2.005039999999999600e-01
-5.036852268634057772e-01 6.125702759060053237e-01 6.091459999999999653e-01
2.324602643767967602e-01 2.079923418058215734e-01 9.501060000000000061e-01
-7.176588770336170819e-01 -6.533508880523907214e-01 2.410359999999998892e-01
