6.770595080846850689e-01 -1.180400885806351108e-01 7.264000000000000457e-01
1.166195777129473143e-01 -1.496397412890499989e-01 9.818390000000000173e-01
-6.087363041501280270e-01 3.263796269136240435e-02 7.927009999999999890e-01
9.953342505757202252e-01 6.860601727158709140e-02 6.784499999999989150e-02
-4.087381282506000191e-01 -8.780812755173612594e-01 2.488099999999999201e-01
3.946600746873979992e-01 8.986001700554799854e-01 1.917320000000000968e-01
-3.455770309465062695e-01 9.369300839023141370e-01 5.233100000000003027e-02
-5.825280760046701589e-01 -6.910020901576906516e-01 4.279920000000000391e-01
3.983288207455168983e-01 -2.334968949225789958e-01 8.870249999999999524e-01
-4.474201591125040456e-02 -7.979542837701903979e-01 6.010550000000000059e-01
-7.470444706410358515e-01 6.381804020562324986e-01 1.861460000000000337e-01
-8.543513695056634827e-01 4.818792084120223085e-01 1.946180000000000410e-01
8.467919800421456200e-01 5.319129874634594968e-01 3.452000000000045310e-03
-6.828351061262268873e-01 -2.905870451630362394e-01 6.702949999999999742e-01
-6.375275846914213451e-02 -1.897522811129692399e-01 9.797599999999999643e-01
-2.939878800999176645e-01 -8.780806418833958515e-01 3.775519999999999987e-01
2.633340864137787007e-01 -8.204532692339160382e-01 -5.074559999999999071e-01
-5.564952008247272541e-01 -7.845822831354569704e-01 2.733930000000000526e-01
-2.358810324164743177e-01 5.972910820840523494e-01 7.665530000000000399e-01
-7.216893309924118927e-02 5.489344911365264812e-01 8.327440000000000397e-01
7.754479630910551258e-01 6.159759706814329494e-01 -1.387590000000001045e-01
-5.120136018171688175e-01 -1.151289104665279700e-01 8.512269999999999559e-01
2.908192264218035783e-01 -5.487834272638192346e-01 7.837480000000000002e-01
-1.782200820334625402e-01 8.766424035123933090e-01 -4.469180000000001485e-01
-5.391509702642059976e-01 8.181409548770707252e-01 -1.999039999999999428e-01
-6.642126348348019738e-01 5.896076758504844584e-01 4.595480000000001231e-01
-8.012766242834133967e-01 1.589951238748462115e-01 5.767809999999999881e-01
9.325977559268894268e-01 1.360399643965503128e-02 3.606609999999999538e-01
1.814999437288638759e-03 -9.992256902061928958e-01 3.930300000000004623e-02
8.725487724821573421e-01 4.658618785261146034e-01 -1.470760000000000678e-01
-3.822351612357496320e-01 8.944753773106782768e-01 2.319700000000000095e-01
9.602922907867750268e-01 -2.182760660963270483e-01 1.737649999999999750e-01
-8.632031138819105109e-01 3.837630506296473287e-01 3.280339999999999923e-01
5.471351437705040954e-01 8.157432143525497059e-01 1.876329999999999665e-01
9.290961057706568216e-01 -1.590510181067712470e-01 3.338910000000000489e-01
3.611260757800686116e-01 2.532960531526067816e-01 8.974569999999999492e-01
5.884947847217439909e-01 -8.083307043032005312e-01 1.659400000000011213e-02
-9.122802994373451213e-01 3.835131258803376464e-01 -1.437439999999999274e-01
3.553039194620633001e-01 9.302637891339723408e-01 -9.147899999999999088e-02
9.816052807942613478e-01 1.816980519758515100e-01 -5.862500000000006595e-02
-3.554512879773031875e-01 -8.741707082301616860e-02 9.305980000000000363e-01
-1.687571186767682085e-01 -8.549776012545096116e-01 4.904430000000000178e-01
8.352806698733643564e-01 4.712448137506701773e-01 2.832569999999999255e-01
1.850408688466974871e-01 -4.328626931954973056e-01 8.822640000000000482e-01
8.063597522843851673e-02 4.677158563165874638e-01 8.801930000000000032e-01
-2.135998962462479778e-01 -1.935648121808095368e-01 -9.575529999999999875e-01
1.278829406124678547e-01 -5.779387316111527229e-01 8.059979999999999922e-01
7.379229330625176608e-01 6.746589388012367294e-01 1.746600000000006134e-02
6.329062488062197067e-01 -7.094332788902979470e-01 3.100549999999999140e-01
-9.403591086924283360e-01 -2.882990333233568792e-01 1.805779999999999608e-01
4.369860950763138074e-01 -5.794301260682688248e-02 8.975999999999999535e-01
-8.921902620568257503e-02 6.811142000589253120e-01 7.267209999999999503e-01
3.935312269023243936e-01 -8.840215097093233609e-01 2.522679999999999922e-01
-5.541647442007994195e-01 1.932292594920930473e-01 8.096689999999999721e-01
7.877450087041522053e-01 -2.396800026483331125e-02 6.155350000000000543e-01
-7.419067929451899079e-01 3.194359108503351252e-01 5.895209999999999617e-01
-4.648569789197194435e-01 -5.546999748455299084e-01 6.900840000000000307e-01
6.375525935686090495e-01 3.323803094497927435e-01 6.950180000000000247e-01
-5.285660857815193125e-01 8.034971304003539760e-01 2.738800000000000678e-01
7.298001124667634620e-01 6.050670932446247097e-01 3.182539999999999814e-01
2.257620895165238228e-01 6.666292643239818405e-01 7.103779999999999539e-01
-4.067554618251698062e-01 -2.496262834226249949e-01 8.787700000000000511e-01
2.166190071940717610e-01 9.476430314719012094e-01 2.346249999999999725e-01
4.745437976778453248e-01 1.288849450497932536e-01 8.707449999999999912e-01
-5.398527784177563626e-01 7.197947045607023808e-01 4.364109999999999934e-01
-5.529452162034413920e-01 -2.764776080946330650e-01 7.860099999999999865e-01
4.424309460973434582e-01 -7.277479113363428675e-01 5.240590000000001636e-01
4.707869762218495624e-01 8.128579589447886278e-01 3.429599999999999316e-01
1.891950558764834145e-01 8.812462602654801413e-01 4.331399999999999140e-01
-8.353430381560118523e-01 4.775570218133993183e-01 -2.722890000000000033e-01
-1.168156999415778247e-01 -3.434141178899889346e-01 9.318910000000000249e-01
-6.986870001495665283e-01 -5.656780001210932607e-01 4.380010000000000847e-01
8.215921877596751299e-01 -5.674061296701601309e-01 -5.510499999999995263e-02
3.765753772576623248e-01 4.234994242667270425e-01 8.239170000000000105e-01
-6.351102457342060470e-01 7.590372936835424467e-01 1.431689999999999352e-01
-7.602496112209415624e-02 3.927277991655087064e-01 9.165069999999999606e-01
8.432703997040418287e-01 3.553981684561494103e-01 4.032209999999999406e-01
-5.881488987332199603e-01 -5.720959014972057943e-01 5.716529999999999667e-01
9.779955808120753824e-01 -4.675497995990636479e-02 2.033189999999999997e-01
2.364253264164318802e-01 -2.768392112759383017e-01 9.313770000000000104e-01
1.336098840599795300e-02 -4.530106068998989155e-01 8.914050000000000029e-01
3.313753408170077019e-01 7.058507259620819263e-02 9.408549999999999969e-01
4.937419869132307904e-01 -7.871189791371917543e-01 3.696790000000000354e-01
-7.342435692724712526e-01 1.943098860124605962e-02 6.786079999999999890e-01
8.544028774484895006e-02 3.079540371241745178e-01 9.475569999999999826e-01
-7.977314327478919331e-01 -4.213152285522036578e-01 4.314139999999999642e-01
2.081190481895339450e-01 7.851491817996644196e-01 5.832899999999999752e-01
-6.865238062296952215e-01 1.817599486985296831e-01 7.040229999999999544e-01
-6.530752266901509451e-01 6.888652391132883412e-01 3.145749999999999380e-01
-5.780488364648010968e-01 -4.283188788247485057e-01 6.945519999999999472e-01
-6.565512023899586769e-01 -7.430432290521862271e-01 1.297199999999999187e-01
-6.535975408314815827e-01 4.744726666711579499e-01 5.896489999999999787e-01
4.997427590138625586e-01 3.068398520355734571e-01 8.100039999999999463e-01
5.452789264111128631e-01 -1.783029759368702505e-01 8.190720000000000223e-01
6.362375975732762479e-01 4.887936908330404728e-01 5.968940000000000357e-01
8.263545467808361966e-01 2.305891525758285432e-01 5.137770000000000392e-01
-4.483000285563860654e-01 8.908240567448453273e-01 -7.388899999999994084e-02
3.410250167099266316e-01 -8.432580413189039170e-01 4.154730000000000922e-01
-1.327046703799860394e-01 8.920712286773499478e-02 9.871330000000000382e-01
-1.174129709006609956e-01 -9.305327693790694799e-01 3.468759999999999621e-01
6.462935161956946672e-02 -3.064536672781613680e-01 9.496890000000000054e-01
-9.283033789854079343e-01 2.230300910533691283e-01 2.975069999999999659e-01
9.660619108197980864e-01 1.287779881121004499e-01 2.239210000000000367e-01
8.353146514595444216e-01 -5.401097746356936513e-01 1.026199999999999196e-01
-1.887373857925935816e-01 -6.799213898075112672e-02 9.796709999999999585e-01
-1.070299866587105242e-01 9.506138815059645975e-01 2.913380000000000969e-01
-7.474723893752944770e-01 -4.912692559132804671e-01 -4.471459999999998769e-01
-7.899727185740179625e-01 -5.391618079248339246e-01 2.919720000000000648e-01
-3.176561818268550108e-01 -5.332043052069104228e-01 7.840840000000000032e-01
2.028898859052988279e-02 -7.022756050767912095e-01 7.116160000000000263e-01
-8.469647657859955547e-01 2.746949240376924672e-01 4.551850000000000063e-01
7.555088188341548827e-01 -6.186468516527181549e-01 2.155980000000000396e-01
-9.630868953916146280e-01 2.690399707774688287e-01 -9.006999999999891829e-03
-1.213259786779443128e-01 -9.892998261385872460e-01 -8.103000000000007419e-02
5.358893938503099530e-02 1.303404203445249765e-01 9.900200000000000111e-01
4.289200374433067148e-02 9.216760804592882828e-01 3.855819999999998693e-01
2.933661095008076591e-01 -9.478143537778693783e-01 1.248369999999999480e-01
-8.584848412758447900e-01 -1.572389709282895898e-01 4.881390000000000451e-01
8.445615037424644145e-01 -2.686791602548798674e-01 4.631709999999999439e-01
-2.142039621664716953e-01 4.539339198244438656e-01 8.649050000000000349e-01
-4.853116792780345912e-01 3.495094891992692188e-01 8.014459999999999917e-01
-2.582650122446005780e-01 9.001200426755846529e-01 3.508319999999999217e-01
9.633734449701565339e-01 2.492311151167378447e-01 9.897199999999996278e-02
-4.664710837631313445e-01 -6.886741236636162444e-01 5.550969999999999516e-01
6.815978727144349492e-01 7.098428674397996296e-01 1.776159999999998851e-01
-3.953127381721933120e-01 6.210055886888643517e-01 6.768159999999999732e-01
-4.472939120903238752e-01 -7.969078433783505222e-01 4.060370000000000923e-01
4.474976898654532409e-01 -5.026816516206681351e-01 7.396329999999999849e-01
-9.054475854688094349e-01 4.237958059781893327e-01 2.370199999999995227e-02
6.315589243545632891e-01 6.131289265620298856e-01 4.745590000000000086e-01
-3.343402541064054434e-01 3.497982658548554613e-01 8.751330000000000497e-01
-7.116803551337196922e-03 -3.025091433678818095e-02 9.995169999999999888e-01
8.696448426441968360e-01 -1.014239816480805578e-01 4.831469999999999376e-01
-1.926139595494348877e-01 -7.493628426274474563e-01 6.335260000000000336e-01
-3.379269218755718840e-01 -6.641288464618150256e-01 6.668870000000000076e-01
-3.741161237797145933e-01 4.929281630897562327e-01 7.855309999999999793e-01
5.727425858499056721e-01 -1.448998952229033207e-03 8.197339999999999627e-01
-9.242818971085440261e-01 -5.287999411337656469e-02 3.780300000000000327e-01
8.947387285921972744e-01 -3.232499019461851364e-01 3.081430000000000002e-01
2.317192050847284024e-01 5.280484673530467798e-01 8.169889999999999652e-01
6.940768001482267024e-01 5.439506270792072995e-02 7.178430000000000089e-01
9.319462277639275483e-01 3.617210884031860085e-01 -2.518099999999996730e-02
-1.121119903304957505e-01 8.835469237952984223e-01 4.547260000000000191e-01
7.920003436996192817e-03 -8.850213840673896160e-01 4.654829999999999801e-01
2.859843657769639003e-01 -1.109447539595617288e-01 9.517900000000000249e-01
-1.833930111897385251e-01 9.830390599802025786e-01 1.099999999999926557e-03
-1.055719128758875608e-01 7.926893458264252512e-01 6.004150000000000320e-01
2.335155940664289109e-01 3.709499437010373435e-01 8.988140000000000018e-01
5.044961145219767351e-01 -3.454250784124230922e-01 7.913059999999999539e-01
-6.193099153854287470e-02 9.459578707564375577e-01 -3.183209999999999651e-01
9.174110189998456732e-01 3.081310063814816647e-01 2.518179999999999863e-01
-6.477664463762330405e-01 -1.311350903652665489e-01 7.504680000000000240e-01
-7.688749829491986487e-01 4.386519902723224340e-01 4.652049999999998686e-01
-2.289493522121585356e-01 2.473853000496049337e-01 9.414789999999999548e-01
-1.219489896171798426e-01 9.792519166258236707e-01 -1.618459999999999344e-01
3.783374079308701177e-01 5.689061097054156635e-01 7.302100000000000257e-01
7.236219739833811282e-01 -5.754649793101183075e-01 3.810660000000000713e-01
6.700920558677980754e-01 -7.290570607839059747e-01 1.394719999999999571e-01
-5.219867065438291709e-01 4.906587241561353729e-01 6.976989999999999581e-01
-6.471398828045243912e-02 9.906588205940719538e-01 1.200299999999999145e-01
-5.171277201797692680e-01 -8.480185411331961909e-01 1.159460000000001045e-01
3.494037922205069369e-01 -3.961707644096530978e-01 8.490969999999999906e-01
-2.420248982667455029e-01 -9.432726035028110578e-01 2.272900000000000476e-01
-9.949184647166591233e-01 -1.059400494835591178e-02 1.001249999999998946e-01
-1.839039949223426618e-01 -9.801699729371445846e-01 7.379800000000000249e-02
4.615420474030355047e-01 8.862520910232112303e-01 3.919399999999991641e-02
8.962059775521491467e-01 4.246649893631412875e-01 1.283530000000000781e-01
-6.098871683906685881e-01 -7.919332186538282636e-01 -2.965500000000008754e-02
-6.944089892161803279e-01 -4.390189931822572333e-01 5.701389999999999514e-01
7.269796110653683474e-01 -6.866476326430068777e-01 -3.958999999999933059e-03
-9.940938783737783835e-01 1.017469875513752897e-01 -3.774799999999998990e-02
5.103269726196609790e-01 6.010809677504785897e-01 6.150349999999999984e-01
7.932556118620488483e-01 2.969922290790900643e-01 -5.315459999999998519e-01
-4.635513785855234214e-01 4.451794032141027924e-02 8.849510000000000431e-01
7.980448987247715786e-01 5.816839261818820273e-01 1.573789999999999356e-01
-2.311128827447486989e-01 9.570465144419114667e-01 1.750680000000000569e-01
-4.060540647714351303e-01 8.235811313729783922e-01 3.960229999999999584e-01
-4.404770633927651557e-01 -4.098750589885727380e-01 7.987379999999999480e-01
6.061374643565033971e-01 1.830588382309591977e-01 7.740070000000000006e-01
5.237787545068881556e-01 -5.928287221434307419e-01 6.117270000000000207e-01
7.812905479713511125e-02 6.143474308829705022e-01 7.851580000000000226e-01
6.688237133522242361e-01 -5.175977781653836596e-01 5.336359999999999992e-01
-9.020939629724622488e-01 -2.412109900992031875e-01 3.578319999999999834e-01
-6.211453998667165743e-01 3.407152193378171212e-01 7.057560000000000500e-01
-9.780155358680662214e-01 1.645019219331469718e-01 1.281589999999998841e-01
-5.388087913580742461e-01 6.144937620507235909e-01 5.762659999999999449e-01
2.908878819911716596e-01 9.542806128627417950e-01 6.879499999999996729e-02
8.734148620654865747e-01 3.871029388665593873e-01 -2.954619999999999469e-01
-1.780530378099834665e-01 -6.396441358299446156e-01 7.477650000000000130e-01
9.096088803476383156e-01 1.851559756440924742e-01 3.719260000000000344e-01
-4.036250903673210821e-01 2.003575412530606559e-01 8.927169999999999828e-01
-4.058179308061652946e-01 7.321358751674461596e-01 5.470730000000000315e-01
2.537849237452297624e-01 -7.187577840348083891e-01 -6.472869999999998347e-01
-7.696151134285186268e-01 5.457970804414479238e-01 3.313579999999999304e-01
4.984596750680566069e-01 7.173065324079012095e-01 4.868359999999999355e-01
9.649882281485167024e-01 1.256620297097983674e-01 -2.302320000000000477e-01
1.223450542319801798e-01 -7.981243537851565595e-01 5.899400000000000199e-01
3.486872333643188937e-01 8.020035367532596382e-01 4.849819999999999687e-01
1.738141005184952459e-01 1.461675617044848677e-02 9.846700000000000452e-01
3.665548136940614543e-01 6.974906454919032051e-01 6.157470000000000443e-01
-3.262849708560169315e-01 -7.842019299545802680e-01 5.277929999999998456e-01
5.893219407935972320e-01 -6.594129337518850331e-01 4.667700000000000737e-01
7.409799492881616878e-01 1.898999870034574489e-01 6.441170000000000506e-01
5.820397581210267485e-02 9.702605967876177795e-01 2.349610000000000587e-01
-2.912273812942667295e-01 -3.777964946363105425e-01 8.788949999999999818e-01
-7.022773549912883495e-02 2.411040919222741108e-01 9.679550000000000098e-01
4.693299980044651071e-02 8.418889964203898346e-01 5.376060000000000283e-01
-8.986343202660884710e-01 1.127350401778669797e-01 4.239659999999998985e-01
3.680780164090872719e-01 -6.498780289718614211e-01 6.649639999999999995e-01
6.268596854563998622e-02 7.388926292408763974e-01 6.709009999999999696e-01
7.311833340712400320e-01 -3.622731655194257883e-01 5.780389999999999695e-01
-8.409746023002575566e-01 8.030005751036248815e-04 5.410740000000000549e-01
-3.835002628510983391e-02 -5.879784030004260309e-01 8.079669999999999908e-01
2.009840233794515929e-01 -6.873430799551327741e-01 6.979720000000000368e-01
6.461677933679487174e-01 -2.835689093201084754e-01 7.085590000000000499e-01
7.943711965412120213e-01 -4.273051057226945337e-01 4.317229999999999679e-01
7.719069524164856588e-01 -1.980719877900292691e-01 6.040919999999999623e-01
4.924678610032021675e-01 -8.635127562774801424e-01 -1.087249999999999883e-01
-5.999897565411237144e-02 -9.788816027975280054e-01 1.954249999999999599e-01
-7.638559910333735381e-01 -1.427749983240163834e-01 6.293959999999999555e-01
5.178106065327248153e-01 4.588595374809285032e-01 7.220250000000000279e-01
6.076819787800222805e-01 7.194769748761919992e-01 3.362669999999999271e-01
-9.643243255547238046e-01 5.680101917595536259e-02 2.585579999999998990e-01
-1.672420551154477630e-01 -4.893361612631560442e-01 8.559090000000000309e-01
9.305319264195989204e-01 -3.274219741096038860e-01 -1.640280000000000626e-01
8.571965024657206556e-01 7.342004303687045541e-02 5.097289999999998766e-01
2.330479520290537621e-01 -9.278168090167713267e-01 2.912810000000000676e-01
7.413800490619253392e-01 3.631240240302713307e-01 5.643550000000000511e-01
5.956441843997952734e-01 -4.425641370092052718e-01 6.703320000000000389e-01
-2.427754709913852449e-01 -2.247594360397600632e-01 9.436860000000000248e-01
3.200088226556778714e-01 8.843325099155447955e-01 3.399269999999998682e-01
2.859397929769125213e-01 -7.740464395831302413e-01 5.648809999999999665e-01
-2.982009077840259703e-01 7.798523740287474637e-02 9.513120000000000465e-01
-6.836818457989246589e-01 -6.708888486843221921e-01 2.872060000000000168e-01
