4.034788616048959886e-01 5.165758228121185569e-01 7.552179999999999449e-01
6.162576012806819659e-01 9.709009473051245787e-02 7.815370000000000372e-01
4.031391957224920719e-01 -3.453131676481830947e-01 8.474890000000000478e-01
8.761221255376638872e-01 -2.933340420312069430e-01 -3.825770000000000559e-01
6.312663150779102006e-01 5.408452699469199487e-01 5.558680000000000287e-01
3.418451733877147514e-01 -6.785623441744489392e-01 6.501500000000000057e-01
4.573740330259368769e-01 -8.095280584541768576e-01 3.680669999999999775e-01
5.648162167559769298e-01 7.583942910442202923e-01 3.253010000000000068e-01
6.010886315438692673e-01 -1.791188902034579200e-01 -7.788510000000000710e-01
1.300431687281034532e-01 -1.636364706388951928e-01 9.779120000000000035e-01
4.739124225256596268e-01 3.416653046182192566e-01 8.115860000000000296e-01
-7.356699778097514075e-02 -9.550789711916465308e-01 2.870750000000000801e-01
-5.511213013690851037e-01 -7.987614367858817399e-01 2.413409999999999445e-01
7.985795797798783680e-01 -2.677968590827620177e-01 5.390319999999999556e-01
-1.983624291445335724e-02 -5.065895879347214609e-02 9.985190000000000454e-01
-3.714353295949930911e-01 6.098865411858657160e-01 7.000530000000000364e-01
-6.332788056207125371e-02 -4.165662143459502031e-01 9.068969999999999532e-01
2.917961701785456996e-01 8.934815210876682068e-01 3.413880000000000248e-01
2.183839229579613295e-01 -6.067707859418506322e-01 7.642889999999999961e-01
-8.405623807039469542e-01 2.194700994014668963e-02 5.412700000000000289e-01
9.405639201672586491e-01 2.324249802723420133e-01 2.476250000000000673e-01
9.027381887454900555e-01 1.609430336501458947e-01 3.989500000000000823e-01
9.056979615342161116e-01 -4.130399824578310786e-01 9.544200000000006845e-02
-1.699979926039304201e-01 -9.841279571837363571e-01 -5.092000000000009713e-02
-9.158127389583451405e-01 -5.567998412907521066e-02 3.977269999999999417e-01
5.196059763656063479e-01 -4.174359810128313031e-01 7.454910000000000148e-01
4.806563716756715454e-01 -7.110875498604786182e-01 5.131510000000001348e-01
6.090810450601693571e-01 -7.044390521148100603e-01 3.643979999999999442e-01
1.658759202462558313e-01 7.482886402201077702e-01 6.422999999999999821e-01
-5.213033863000244850e-01 5.279553912293416529e-01 6.704520000000000479e-01
-9.631125902288960594e-01 -1.218079481749301807e-01 2.399520000000000264e-01
-8.299439296865381843e-01 -1.621949862587210023e-01 5.337469999999998604e-01
-8.774061221772679886e-01 -4.786750666546659705e-01 -3.207299999999992102e-02
-1.441170035233265145e-01 9.797010239514182262e-01 1.393419999999999936e-01
-7.344963343654747900e-01 -1.274298845171483417e-02 -6.784930000000000128e-01
-7.981717912395928094e-01 -3.478229090275391511e-01 4.918750000000000067e-01
8.847184418983604359e-02 -5.152470925843729566e-01 8.524629999999999708e-01
4.067205086905666817e-02 4.844716059348627146e-01 8.738609999999999989e-01
-3.368198089940074857e-01 -4.576997404446271796e-03 9.415580000000000060e-01
1.027318174855588045e-01 -3.474553827070662182e-01 9.320519999999999916e-01
-2.626278969026768495e-01 -9.394216312202295915e-01 2.202579999999999261e-01
9.657811898989696608e-01 4.975000978221123804e-02 2.545419999999998795e-01
1.486138814102643813e-01 1.463498832168718712e-02 9.887869999999999715e-01
-2.343922047951975951e-01 -4.727274130355105797e-01 8.494639999999999969e-01
-2.731720113932753491e-01 8.521640355414866752e-01 4.463109999999999578e-01
-1.727026692102663352e-01 6.292451512446735340e-02 9.829620000000000024e-01
8.358894774699771046e-01 8.522604868212917129e-02 5.422409999999999730e-01
-9.939343977217965920e-01 5.768902308420147812e-02 -9.362899999999990674e-02
-5.587249199196525629e-01 3.527259494448599653e-01 7.506070000000000242e-01
2.090500186037476393e-01 5.303240471945173118e-01 8.216170000000000417e-01
7.967154222091962223e-01 5.896503124776772964e-01 1.325030000000000097e-01
-4.365713804825333555e-01 -4.491043914053560182e-01 7.795579999999999732e-01
-3.188100011097726172e-02 9.520950033142301372e-01 3.041360000000000174e-01
8.210011533030787678e-01 -2.018050376824484238e-01 -5.340710000000001845e-01
3.131471121270988922e-01 9.376973357568304523e-01 1.505409999999999526e-01
6.008148614538976195e-01 -7.772098207777497492e-02 7.956010000000000026e-01
-6.483951395113546345e-01 -6.805351464267300754e-01 3.412559999999998928e-01
-3.696061805166372949e-01 9.281224532974637897e-01 -4.449699999999991162e-02
-9.971276836229838736e-01 -1.671699469589188122e-02 7.387099999999999222e-02
-9.851788717625302727e-01 1.558129797183404885e-01 7.172799999999991682e-02
-4.928366748274343734e-01 -8.970912283618544258e-02 8.654849999999999488e-01
6.786438063374018448e-01 -7.302397916136063039e-01 7.869199999999995643e-02
-4.116964567327855984e-01 4.478364090431567468e-01 7.936929999999999819e-01
-1.893565892928382732e-01 -2.963849223735638416e-01 9.361089999999999689e-01
9.187749707670501698e-01 -3.097389901449379424e-01 2.447740000000000193e-01
7.355112179416950502e-01 1.893020560927012319e-01 6.505290000000000239e-01
-7.702486284804280769e-01 3.795318169376835082e-01 5.125160000000000826e-01
2.886808166076219040e-01 6.435875911433940333e-01 7.088430000000000009e-01
-3.862818240788911672e-01 -5.914627306350627167e-01 7.077839999999999687e-01
3.176726185104733480e-01 7.714515020206524909e-02 9.450570000000000359e-01
-7.382992669525509366e-03 1.298588710648671818e-01 9.915049999999999697e-01
2.343599545689704078e-01 8.323118386550981684e-01 5.023269999999999680e-01
4.186068139858890591e-01 -8.832616075096795250e-01 2.112279999999999436e-01
-2.516928348996504416e-01 5.251066555512101663e-01 8.129659999999999664e-01
-4.464775222959548318e-01 2.677407135335699295e-01 8.537989999999999746e-01
-6.256584285376818322e-01 -1.805198351172480620e-01 7.589230000000000143e-01
6.996557101511592380e-01 3.710098463004414260e-01 6.106009999999999494e-01
-2.840308300275296571e-01 -7.274785646552567320e-01 6.245810000000000528e-01
2.070100341166964883e-02 -9.996401647476705898e-01 1.705899999999995267e-02
-2.412798125452638928e-02 -8.951473045435489606e-01 4.451170000000000404e-01
7.211440698013383832e-01 -6.530750632127690913e-01 2.311799999999998856e-01
4.788273361449474907e-01 1.713887623834579599e-01 8.610170000000000323e-01
-7.545121920685767813e-01 6.531031662539014127e-01 6.455700000000005878e-02
-2.114941426134662184e-01 -8.980386055600254602e-01 3.857419999999999183e-01
-7.060140283821765284e-01 2.638570106072060106e-01 6.572090000000000432e-01
4.768263330988358750e-01 6.103304263614242053e-01 6.325610000000000399e-01
3.599348031208324805e-01 7.336255987173345705e-01 5.764029999999999987e-01
-2.078460583699209552e-01 6.754581896905886840e-01 7.075000000000000178e-01
-7.422470246181862574e-01 -8.466100280796061417e-02 6.647570000000000423e-01
-8.285603487694309655e-02 5.894532481210624786e-01 8.035419999999999785e-01
-4.980243154188845334e-01 6.629334198624711183e-01 5.590089999999999781e-01
9.675488487879666533e-01 -2.353699632155309140e-01 9.192500000000010385e-02
-3.913698729085429706e-01 -8.642127193599680179e-01 3.161740000000001216e-01
-6.051903640334264090e-01 -6.165963708943550392e-01 5.035409999999999053e-01
2.474070241356209898e-01 -4.406130429837004092e-01 8.629310000000000036e-01
3.244233305410341717e-01 2.438132484108745668e-01 9.139500000000000401e-01
1.845371215196962567e-01 -7.495304935739606211e-01 6.357279999999999598e-01
-5.435183341452263228e-01 -5.326333474802326107e-01 6.487600000000000033e-01
5.806551142976694724e-01 8.018401578363111293e-01 1.410389999999999144e-01
-4.367267518618999089e-01 7.889985517091615552e-01 4.321470000000000589e-01
6.752221557602295920e-01 6.196481429404177010e-01 4.001390000000000780e-01
-6.812952019034788087e-01 -4.487621329917422242e-01 5.783160000000000522e-01
-3.106748753937459973e-01 9.418666222337854776e-01 1.279389999999998861e-01
-1.608219566144749590e-01 7.963927851542176306e-01 5.830049999999999955e-01
9.420520528746720856e-01 -3.292450184795758794e-01 -6.430900000000010219e-02
-9.108091054128085728e-01 1.211990140270100963e-01 3.946359999999999313e-01
-4.533392697913529168e-01 -6.858964081908017763e-01 5.692359999999999642e-01
9.130842195443996667e-01 -2.369500569729022718e-02 4.070820000000000549e-01
2.111979993283455981e-01 -9.306899970402089384e-01 -2.986830000000000318e-01
1.892800668369500061e-02 -8.029772835404386244e-01 5.957090000000000440e-01
-6.978468345066173306e-01 -7.151228304096394206e-01 -4.011399999999998300e-02
5.690019302714476312e-01 -2.494809694272621670e-01 7.835790000000000255e-01
-8.659594721498281578e-01 4.968542709014294179e-01 5.700900000000001105e-02
8.926180673520102138e-01 -2.028850153085783869e-01 4.025800000000000489e-01
8.902377154715443996e-01 -3.990718724528274364e-01 -2.195869999999999211e-01
1.573839925760571745e-01 -8.574139595550211990e-01 4.899709999999999899e-01
-5.776711319969748404e-01 -8.146341861426720232e-01 5.164500000000004504e-02
6.240162684246932656e-01 -6.014112587009999844e-01 4.989069999999999339e-01
5.288207181732078599e-01 -8.466665487822065961e-01 5.919800000000004919e-02
-4.920401426704658077e-01 -2.675140775675696747e-01 8.284519999999999662e-01
-8.430763240799585834e-01 -4.198986633544154468e-01 3.360170000000000101e-01
8.086877293179077775e-01 -4.575168468610159023e-01 -3.697329999999999783e-01
-2.502230788535145800e-01 9.476792986448885348e-01 -1.982230000000000381e-01
1.038969893386898213e-01 9.055339070793296807e-01 4.113560000000001105e-01
1.172800421398240839e-01 -9.341693356558440353e-01 3.370059999999999167e-01
-3.802390649343990181e-01 8.798141502481157117e-01 2.852109999999998813e-01
1.625150078984905211e-01 9.548060464051081331e-01 2.488659999999999206e-01
-9.694211560204004652e-01 5.389800867444340116e-02 2.394110000000000127e-01
4.677270211129618271e-01 -1.311997254173806211e-03 8.838719999999999910e-01
-5.369512422132121099e-01 8.016843616316140508e-01 2.626509999999999123e-01
3.689997757468653494e-02 8.302234954462489602e-01 5.562080000000000357e-01
6.977498412800429983e-02 -9.813917767588725694e-01 1.788899999999999935e-01
4.442620918542285469e-01 8.624241783121023852e-01 2.426020000000000953e-01
6.538736789102899127e-01 -4.276794440551511811e-01 -6.241309999999998803e-01
-3.183733229298801870e-01 1.722106337674483567e-01 9.321920000000000206e-01
4.415636161449120189e-01 -1.746932437618258505e-01 8.800590000000000357e-01
-7.674771013372396755e-01 -5.870180775095331649e-01 2.576600000000000001e-01
-5.044680985559334419e-01 -7.574271479755403380e-01 4.145069999999999588e-01
-1.589990839876229689e-01 -8.257604361890299449e-01 5.411460000000000159e-01
-7.152704782959072582e-02 -5.730813832151447906e-01 8.163709999999999578e-01
-1.239289523824671918e-01 -9.847856216133459295e-01 1.218150000000000344e-01
-9.329732266804142693e-01 -3.529770857612948287e-01 7.048500000000010313e-02
-1.071641328538934096e-01 -7.196988922276267298e-01 6.859659999999999647e-01
9.505769082562343097e-01 2.969669713385965637e-01 9.063199999999993484e-02
-6.228577741376921661e-01 1.306001623203736873e-03 7.823339999999999739e-01
-7.154139260187527549e-01 5.942959385436136222e-01 3.674170000000000491e-01
9.883565818849038287e-01 1.198799492858979576e-01 9.370200000000004914e-02
8.423932045105787525e-01 -3.787390919477394702e-01 3.833149999999999613e-01
7.420599601078350371e-01 -4.364969765344982044e-01 5.087409999999998877e-01
4.874670867483517633e-01 -5.887371047700958870e-01 6.447979999999999823e-01
2.778800333761977451e-02 9.886971187525067650e-01 1.473289999999999877e-01
-3.122997749410960297e-02 7.285324749829051871e-01 6.842989999999999906e-01
1.592972330415393656e-01 1.898810857913694472e-01 9.687980000000000480e-01
-6.492197679158605572e-01 5.574318007283725063e-01 5.174779999999999935e-01
-3.070850813471855401e-01 -9.506132518185261837e-01 4.509099999999992281e-02
6.781744080685193632e-01 -6.983154201876923262e-01 -2.289870000000000239e-01
-7.222438474781117668e-01 -2.718799425849838802e-01 6.359599999999999698e-01
8.381149511804875107e-01 -4.897109714747353015e-01 2.403050000000000741e-01
7.154445906105428854e-01 -1.585831309128201971e-01 6.804339999999999833e-01
5.341579109270235826e-01 6.893298850514736342e-01 4.893869999999999609e-01
5.761201301981082601e-01 -7.877791780312010106e-01 2.179210000000000036e-01
8.076800852595732438e-01 -5.824960614889069799e-01 9.138500000000003565e-02
9.162589029767370663e-02 6.384942355402738468e-01 7.641529999999999712e-01
-9.796469083750981577e-01 -1.868239825266338749e-01 7.340800000000007042e-02
-2.294139009049780686e-01 -6.126057353857869980e-01 7.563619999999999788e-01
-3.422605882726733606e-01 -3.461635949811063817e-01 8.735150000000000414e-01
1.636634283822407387e-01 3.616889467058277963e-01 9.178209999999999980e-01
3.737261357998724609e-01 -5.218741896320369111e-01 7.667960000000000331e-01
2.999364688253682298e-01 -9.386514671894402584e-02 9.493300000000000072e-01
4.153538758338636838e-01 8.052837592679908951e-01 4.230829999999999314e-01
-4.781931450813780571e-01 8.901521315584301486e-02 8.737319999999999531e-01
-8.917042910749880535e-01 -2.342680764710657060e-01 3.872749999999999249e-01
7.436230235054572812e-01 -5.541250175155441049e-01 3.741259999999999586e-01
-3.356948278603196778e-01 7.413096198666453418e-01 5.811790000000000012e-01
-2.899493634636999828e-01 3.540864438622230437e-01 8.891299999999999759e-01
-3.450946293142582166e-01 -1.777898090258681063e-01 9.215750000000000330e-01
-8.637780031064080655e-01 -3.514690012639892780e-01 -3.610500000000000376e-01
-4.361969659082006734e-01 -8.886669305445544786e-01 1.414329999999999199e-01
5.620618608009593231e-01 4.499788885591890497e-01 6.939779999999999838e-01
7.601361621249442813e-01 4.554420971385500505e-01 4.634279999999999511e-01
-7.358096656198458430e-01 9.302195772725209422e-02 6.707689999999999486e-01
2.938120403921570811e-01 -8.859181217926391794e-01 3.589199999999999613e-01
-1.583831939282936141e-01 2.445102993844481820e-01 9.566240000000000299e-01
4.698748105105828299e-01 -8.755986468917388299e-01 -1.120029999999999498e-01
6.132578571207628615e-01 2.715229367395140536e-01 7.417479999999999629e-01
8.020990720096926596e-01 -5.590610501905760588e-01 -2.099709999999999910e-01
8.293493996795707757e-01 -9.387893204620295640e-02 5.507870000000000266e-01
3.201003425372398459e-01 4.049184333005126368e-01 8.564910000000000023e-01
-7.922250866092277466e-01 -6.069410663532346373e-01 6.326100000000010881e-02
3.246169114640169995e-01 -7.958717829340116179e-01 5.110889999999999045e-01
-5.918006744994270818e-01 -3.673767979364280234e-01 7.175000000000000266e-01
9.585055237476636236e-01 -1.311080716402196200e-01 2.531360000000000832e-01
7.920754689254987380e-01 5.295313134937831290e-01 3.036659999999999915e-01
4.523639586377253829e-01 8.904169185839889700e-01 5.024499999999990779e-02
-7.358839131239328646e-01 -5.260549378956611566e-01 4.263110000000000510e-01
-1.261501048287391458e-01 4.247973529998722575e-01 8.964560000000000306e-01
8.844948005117606593e-01 4.209809050523083962e-01 2.011070000000000635e-01
3.397468981439946689e-01 8.099117571887287648e-01 -4.781369999999999232e-01
-1.840590958462186566e-01 -1.174650611682997170e-01 9.758710000000000440e-01
-6.834299221616855213e-01 -7.133999187482938931e-01 1.548679999999999779e-01
2.674752384249203252e-01 -2.672172381949413089e-01 9.257710000000000106e-01
6.188561112700051714e-01 -7.808601403982450284e-01 -8.529100000000010284e-02
3.307999971502065695e-03 3.079369973471658417e-01 9.514010000000000522e-01
-9.354298527684540288e-02 8.881188602149466815e-01 4.499940000000000051e-01
-5.851302818721788590e-01 7.023723383506674800e-01 4.053340000000000276e-01
-8.144083285322952781e-01 -2.740021105324429995e-01 -5.115289999999999004e-01
-9.258295102793141496e-01 -2.978351641545461947e-01 2.326669999999999294e-01
-8.625920979855805637e-01 -4.775110542425531346e-01 1.670869999999999300e-01
9.456367257831927997e-01 -2.288499336378374271e-01 -2.310820000000001206e-01
5.673894825241276862e-02 -6.726513865221791511e-01 7.377810000000000201e-01
-3.182730672805039740e-02 -2.334782500907497671e-01 9.718409999999999549e-01
6.920833202304267351e-01 6.840713165232323867e-01 2.303629999999999844e-01
2.000259825364973099e-01 -9.792809145027329132e-01 3.159899999999994658e-02
6.772595074254742498e-01 -3.234817647299519372e-01 6.608169999999999877e-01
6.194215062041013020e-01 -4.805303926994028418e-01 6.208120000000000305e-01
