-1.112200652730743755e-01 8.151814784154833848e-01 5.684270000000000156e-01
9.829398046517048848e-02 -8.226308365113191856e-01 5.600150000000000405e-01
3.265621054322393468e-01 9.251472986885186378e-01 1.935449999999998838e-01
-2.456421012595906561e-01 -9.086966753157583315e-03 9.693180000000000129e-01
-8.544842012803951503e-01 -4.242450999342305407e-01 -2.997879999999999434e-01
7.344925949455874958e-01 -2.760928477416559335e-01 6.199139999999999651e-01
2.310050174461537043e-01 8.325300628750305076e-01 5.035180000000000211e-01
8.311569485612810837e-01 2.202189863710667384e-01 5.105699999999999683e-01
-3.337438960543830380e-01 -1.568324812353654174e-01 9.295259999999999634e-01
1.659791360431105978e-01 -2.079231704221117250e-01 9.639600000000000390e-01
9.789018052537292736e-01 7.866198435069991779e-02 -1.885830000000000839e-01
-8.789702566813646367e-01 -2.436400711490125659e-01 4.099400000000000266e-01
4.369540474992633650e-01 8.496690923636162074e-01 2.951840000000000575e-01
-7.857251453591280743e-01 -5.685981051906321415e-01 -2.435820000000000762e-01
-9.351459853420157620e-01 2.447759961632484660e-01 2.560989999999999656e-01
-1.597989210965360118e-01 7.081666503305440452e-01 6.877240000000000020e-01
-9.305605381350127159e-01 -9.641705575713933885e-02 3.532150000000001122e-01
1.187049897527477638e-01 9.081399216044848677e-01 4.014860000000000650e-01
-7.323659219040250523e-01 1.564379833182068802e-01 6.626969999999999805e-01
-6.135920006670113613e-01 1.429930001554420016e-01 7.765680000000000360e-01
4.134548303846801165e-01 6.094227499909855572e-01 6.765050000000000230e-01
-3.962684791938602541e-02 2.603010010122395190e-01 9.647139999999999604e-01
-9.939324588786697667e-01 1.058800488826936170e-01 -2.979399999999995594e-02
-6.027628704063869858e-01 -6.643218571712458109e-01 4.419880000000000475e-01
-9.150897828717259597e-02 -9.955737637748585112e-01 2.142400000000004717e-02
5.227320707938476474e-01 3.222500436424733938e-01 7.892439999999999456e-01
1.332757668918497784e-01 2.409705785264858180e-01 9.613380000000000258e-01
6.550676210644912345e-01 -5.405275124699094880e-01 5.279360000000000719e-01
-4.834562872775894915e-01 -1.582520940359683215e-01 8.609449999999999603e-01
1.006198477976321531e-02 -1.691497441360515497e-01 9.855390000000000539e-01
-1.265310188218310150e-01 -4.259440633603306381e-01 8.958580000000000432e-01
6.423684171168349000e-01 1.670098484557670099e-02 7.662139999999999507e-01
5.556337446424050031e-01 5.649307403697011454e-01 6.100200000000000067e-01
-7.131382301512600996e-01 -6.218922007034084487e-01 3.235490000000000310e-01
-6.414570487497285312e-01 6.870310522132813125e-01 3.413519999999999333e-01
-9.210744527396175219e-02 -2.873622693328130029e-01 9.533829999999999805e-01
-4.891201600108608938e-01 -8.706762848332036953e-01 5.180999999999990474e-02
1.129139591168700496e-01 -7.224047384365316349e-01 6.821890000000000454e-01
1.070379639650179820e-01 -4.051785074783086082e-02 9.934290000000000065e-01
-3.380182642090868161e-01 -6.988255462310146715e-01 6.303860000000000019e-01
-6.734417136086345845e-01 4.450618107306735238e-01 5.902509999999999701e-01
9.316451668587200086e-01 3.021400541136309847e-01 2.018629999999999869e-01
7.483217914736987053e-01 5.335378513250903509e-01 3.941469999999999696e-01
-1.884108819405742596e-01 -6.904485673606506335e-01 6.984139999999999793e-01
-2.790458594024257666e-01 7.623816158731541170e-01 5.838729999999999754e-01
-9.070731528652298259e-01 3.826410644848921017e-01 1.755110000000000836e-01
-2.345899296677240176e-01 -9.676977098750891848e-01 9.235099999999998865e-02
6.232886090116225297e-01 6.255966075638170754e-01 4.691910000000000802e-01
-7.422547328322934845e-01 -1.595129425847957860e-01 -6.508560000000001011e-01
-4.939201673826632694e-02 -9.885273349981409385e-01 -1.427380000000000870e-01
-5.678396253246753567e-02 8.968064082638523837e-01 4.387639999999999318e-01
-3.565030882901650267e-01 -9.341362313445372711e-01 -1.717700000000003252e-02
3.760358321293793549e-01 -8.490926209464815244e-01 3.709969999999999102e-01
-2.064204207980424033e-01 2.632152614355010023e-01 9.423949999999999827e-01
9.085255280116079080e-01 1.076189440908474210e-01 4.037320000000000353e-01
3.805524697078804808e-01 3.550015053126292508e-01 8.539050000000000251e-01
6.906774859676995115e-01 4.845136394038234706e-01 5.368529999999999136e-01
-5.900741101106649067e-01 -5.617141048185515517e-01 5.799050000000000038e-01
6.543149374214866087e-01 2.749179737069152862e-01 7.044799999999999951e-01
7.514085766913072284e-01 4.015003081435916665e-03 6.598249999999999948e-01
-1.715751101515496091e-01 -1.497709690710572195e-01 9.737200000000000299e-01
-1.057219710545830998e-01 4.059378888590394197e-01 9.077650000000000441e-01
9.772005453461947086e-03 7.493014181625559100e-01 6.621569999999999956e-01
9.569842570254578629e-01 1.450430389554511756e-01 2.512839999999999518e-01
-5.656124052592106377e-01 5.715434095087532640e-01 5.944920000000000204e-01
5.361333647405436276e-01 -5.459363714096938658e-01 6.438279999999999559e-01
-8.015012608336027355e-01 -5.936861932040740086e-01 7.164099999999988533e-02
-5.542988478010503206e-01 -7.151010937483622161e-03 8.322869999999999990e-01
4.815698145314766254e-01 6.931537330434853761e-01 5.363099999999999534e-01
3.775738920692230938e-01 -3.869709142709548688e-01 8.412439999999999918e-01
5.208108302595888528e-01 -7.596727524107453888e-01 3.894269999999999121e-01
3.235406043396970022e-01 5.014079365770985897e-01 8.024409999999999599e-01
2.664762140778403343e-01 -7.426678096390670891e-02 9.609760000000000524e-01
2.666469616501892514e-01 -5.067409271192947484e-01 8.198250000000000259e-01
9.514417723349632983e-01 -1.850599557180662019e-02 3.072720000000000451e-01
-1.687497942567342882e-02 -5.232013621019951932e-01 8.520419999999999661e-01
-6.288312161271617517e-01 7.345912524765284557e-01 -2.548470000000001012e-01
-9.695876260996244556e-01 2.238029136952749965e-01 9.905600000000003291e-02
2.576429927346167159e-01 -7.569759786537154644e-01 6.005059999999999842e-01
4.356500830896724991e-02 -9.917111891448233685e-01 1.208760000000000528e-01
-4.071383657018015079e-01 -1.024800920501658767e-02 9.133090000000000375e-01
-6.643850453289247282e-01 7.457080508773407113e-01 5.012000000000009503e-02
5.062526169404834020e-01 3.579597291473145954e-02 8.616420000000000190e-01
-6.065023586695545976e-01 -7.421904389119189371e-01 2.851459999999999551e-01
4.773937019421300443e-01 -2.589068383530816475e-01 8.396799999999999820e-01
-9.426617030700651378e-01 -2.256309289282924513e-01 2.459260000000000335e-01
3.315348697104608111e-01 7.314897125326285110e-01 5.958250000000000490e-01
-2.986888155393787048e-01 6.443776020530842530e-01 7.039619999999999767e-01
-8.807949732128722564e-01 -4.513319862738910948e-01 -1.431769999999999987e-01
3.953031749918636262e-01 -7.658923390433879375e-01 5.070940000000000447e-01
-8.530996891536258842e-01 3.071238880923903292e-01 4.217769999999999575e-01
-4.722603230528015783e-01 1.364170933170160693e-01 8.708390000000000297e-01
-2.048431764644950415e-01 -7.947316846306908822e-01 5.713500000000000245e-01
-4.752296751590162627e-02 -7.705874732685982220e-01 6.355600000000000138e-01
-7.639784360742492009e-01 3.091071764364979324e-01 5.663829999999999698e-01
-2.511084558327282834e-01 -3.007563482427307866e-01 9.200490000000000057e-01
6.907337915805259465e-01 -1.431609568031394220e-01 7.087959999999999816e-01
6.513492658147788938e-02 3.841985669406191573e-01 9.209500000000000464e-01
5.135998856535303747e-03 5.175128847823459166e-01 8.556599999999999762e-01
-7.048690238188074497e-01 -5.307320179344011679e-01 4.706199999999999273e-01
-3.169831666774614587e-01 5.199052733788421810e-01 7.932339999999999947e-01
-7.576778501222038997e-01 5.626928886925753881e-01 3.306069999999999842e-01
-9.340807671490968245e-01 3.563279111733385629e-01 2.288100000000008183e-02
-4.672479022392296844e-01 -8.749678169333082733e-01 -1.269279999999999575e-01
-5.055470133804150779e-01 7.900930209115520908e-01 3.466630000000000544e-01
-9.688900942926922388e-01 1.405410136774962182e-01 -2.037159999999999804e-01
-6.679801436162352557e-01 5.779111242513279567e-01 4.688509999999999622e-01
2.294724355094040769e-01 -3.505971375487575981e-01 9.079779999999999518e-01
1.085729774123828650e-01 6.429188662465974424e-01 7.581999999999999851e-01
5.749929013555746815e-01 7.857608651967202817e-01 2.279539999999999067e-01
-4.927197678802073266e-01 -8.400536042515825974e-01 2.270179999999999698e-01
-1.403659596350588790e-01 1.217139649987999533e-01 9.825899999999999634e-01
4.068690358175907074e-01 -6.607490581672168517e-01 6.307679999999999954e-01
-5.940490430643924347e-01 -8.022180581551873191e-01 -5.959800000000005371e-02
-9.983851828365074565e-01 -5.205600953313329476e-02 2.274200000000005384e-02
2.968793285681263772e-01 2.234804945692989153e-01 9.283959999999999990e-01
-6.207897708242280377e-01 -1.500019446240692667e-01 7.694929999999999826e-01
4.710215071451948066e-01 4.728535052282780704e-01 7.446800000000000086e-01
3.499120967494482870e-01 -9.093102514210453791e-01 2.252029999999998755e-01
-8.659160169810430352e-01 4.991180097879517885e-01 3.272100000000007641e-02
5.374983899449269353e-01 7.489225433291557543e-01 3.875700000000000811e-01
5.352066610906693889e-01 -6.632395800162844690e-01 5.231320000000000414e-01
-9.558366695577673600e-01 5.872297969888261998e-02 2.879720000000000613e-01
2.027338224568569491e-01 8.989403445741829535e-02 9.750990000000000490e-01
-7.062016302343805396e-01 -7.079906292976645421e-01 5.341000000000095671e-03
6.094296076548049168e-01 4.251244238863612357e-01 6.692270000000000163e-01
-8.845471383422832679e-01 -4.659880728800661065e-01 2.077200000000007860e-02
3.312748772594156788e-01 -2.282066043210822792e-01 9.155210000000000292e-01
1.241640287455659519e-01 -6.027911395538841921e-01 7.881789999999999630e-01
8.899232306425349792e-01 -6.891501786079279324e-02 4.508740000000000525e-01
5.354108417809018139e-01 -8.423917510650649199e-01 -6.092100000000010701e-02
1.214217299183830145e-01 -4.632239696384754524e-01 8.778839999999999977e-01
-1.775571016507173638e-01 9.278395311843513626e-01 3.280050000000000465e-01
-1.211589859195034008e-01 9.753268866523456815e-01 1.845479999999999898e-01
4.044089702701260669e-01 -5.348069606839989110e-01 7.419130000000000447e-01
-2.221130450363719699e-01 -8.766251777474056706e-01 4.268419999999999992e-01
-4.272968383530217906e-01 6.791377430812629568e-01 5.968160000000000132e-01
4.229768832200991313e-01 -9.807797292160301550e-02 9.008169999999999789e-01
2.639449345239317513e-01 6.339088427480383814e-01 7.269750000000000378e-01
1.679358668557555667e-01 5.154105913680915307e-01 8.403270000000000461e-01
6.484238771451806826e-01 -6.487818770773514654e-01 3.982819999999999694e-01
-5.414666935665345404e-01 6.922716082211696209e-01 4.770469999999999988e-01
-7.823518241429506803e-01 -2.672669399237351806e-01 5.625780000000000225e-01
-4.972039878839061289e-01 8.327739797065830674e-01 -2.434660000000000157e-01
5.303765645760971648e-01 -2.797967702949001323e-01 -8.002589999999999426e-01
3.586246962280412731e-01 6.245794709518577570e-02 9.313900000000000512e-01
2.405639374701445676e-01 -8.504047789540345459e-01 4.679110000000000769e-01
4.489801226880697493e-01 1.953774885471859513e-01 8.719200000000000284e-01
-4.003581948942240842e-01 -3.074713816862287286e-01 8.632349999999999746e-01
-3.262303402523639151e-02 -6.576006858656613385e-01 7.526599999999999957e-01
8.936901732124823416e-01 2.679470519327339373e-01 3.598919999999999897e-01
-9.067406407683284986e-01 1.668029339161671842e-01 3.872959999999999736e-01
8.996617997562448288e-01 -4.189519067510668049e-01 1.228330000000000394e-01
8.023201932619596077e-02 -9.020482172843317104e-01 4.241129999999999067e-01
-2.230910696235642032e-01 9.737743039011729218e-01 4.465399999999993680e-02
1.917839673225337216e-01 -9.690798348815381491e-01 1.552520000000000289e-01
-7.993019638725392673e-01 -4.966269775530743891e-01 3.383460000000000356e-01
-9.746616044360468800e-01 -2.093231298116644823e-01 7.885800000000005305e-02
-6.952310591273425100e-01 -4.158860353698756729e-01 5.862530000000000241e-01
-3.533539185184307319e-01 -7.955098165595886339e-01 4.922449999999998771e-01
-8.520634483842520757e-01 4.191082205487468570e-01 3.135859999999999759e-01
-6.734149384924024984e-02 -2.277547598081764574e-02 9.974699999999999678e-01
8.493178030754361396e-01 -3.664659150304629964e-01 3.799499999999998989e-01
-7.986853787410275185e-01 1.320200626046432076e-02 6.016040000000000276e-01
5.937562679607095717e-01 1.608448016952058190e-01 7.884050000000000225e-01
1.688149741562300354e-01 9.534028540442027744e-01 2.500489999999999657e-01
2.834840242145598710e-01 8.909970761069414547e-01 3.546279999999999433e-01
-7.434838495924522839e-01 -1.362749724314327726e-01 6.547220000000000262e-01
-7.296100250021624045e-02 9.969200341623011274e-01 2.875999999999990717e-02
-7.159485965113110417e-01 6.895826113704462967e-01 -1.090569999999999318e-01
-5.615322444733700236e-01 4.295891870295379666e-01 7.072019999999999973e-01
9.893416977475452123e-01 1.653199494933240560e-02 1.446710000000000218e-01
-8.312202368125186369e-02 -9.310812652626694330e-01 3.552159999999999207e-01
3.189869031611853450e-02 1.118144197638047538e-01 9.932170000000000165e-01
2.684829366721596666e-01 -6.426888484071378027e-01 7.175430000000000419e-01
7.750877784637119072e-01 -6.304998197899726042e-01 -4.133900000000001462e-02
6.101652562036206096e-01 -2.804116581759220073e-01 7.409909999999999553e-01
5.147207245715873514e-01 -4.118077796405745783e-01 7.519820000000000393e-01
8.394139527028305903e-01 -4.764949731516692766e-01 2.614130000000000620e-01
7.435412659324183160e-01 -6.157512202274688651e-01 2.607619999999999383e-01
-2.320170854697015395e-01 8.566993155881154065e-01 4.606890000000000152e-01
9.234493273891231091e-01 3.586671271577256959e-01 -1.363790000000000280e-01
7.404129388558825520e-01 3.319759725850578436e-01 5.844489999999999963e-01
-8.250748488786692203e-01 5.338399022214815881e-01 1.851120000000000820e-01
-6.103669077340050375e-01 -7.832508816000328666e-01 1.181959999999998984e-01
9.156316755664095641e-01 -1.933099315049524869e-01 3.524909999999998877e-01
8.394797052689738637e-01 5.842504908441997769e-02 5.402409999999998602e-01
-6.862363670925454295e-01 2.293001226608925875e-03 7.273749999999999938e-01
-3.895521329341484762e-01 9.181633133220121756e-01 7.228599999999994752e-02
-8.301605232046063154e-01 1.646771037869385057e-01 5.326490000000001501e-01
2.182170659670797930e-01 -9.218192786662249283e-01 3.203599999999999781e-01
9.803841819326576390e-01 1.753760325450249569e-01 8.994499999999995554e-02
-1.321999745749521948e-03 9.548028163697843684e-01 2.972369999999998624e-01
-3.138636896808805754e-01 1.329624449079664927e-01 9.401119999999999477e-01
-9.634834155233104047e-01 2.520381086969508133e-01 -9.042400000000000437e-02
6.977376403194700538e-01 6.983366400106884031e-01 1.596499999999999031e-01
-8.479196155449397754e-01 -1.238069438647189380e-01 5.154649999999998400e-01
-7.689194284396023704e-01 4.467562489312436047e-01 4.573529999999999540e-01
-6.684785601068524707e-01 -2.878518105787580272e-01 6.857680000000000442e-01
-1.705440095226154473e-01 -5.660530316065359724e-01 8.065350000000000019e-01
-2.872079175379746441e-01 9.368497310153319768e-01 1.995599999999999041e-01
-6.482000489422384826e-02 -8.622330651027672044e-01 5.023469999999998770e-01
-4.770872036016177709e-01 -6.895872942881041689e-01 5.448460000000000525e-01
-3.968200195103205319e-01 7.879440387405877155e-01 4.708269999999999955e-01
8.379038045013863512e-01 -2.479949421381462682e-01 4.862260000000000471e-01
5.975180147111983642e-01 -7.956260195887187026e-01 9.975700000000004009e-02
9.445383059077180343e-01 3.263331056895363846e-01 3.679800000000005289e-02
-4.492270813358134052e-01 5.515990998710081916e-01 7.028039999999999843e-01
9.192275789241716177e-01 -3.103758578243576705e-01 2.422550000000000814e-01
5.253798974956438300e-02 -3.397119337204311251e-01 9.390610000000000346e-01
-4.884768526498229346e-01 -7.774607654771545917e-01 3.961629999999999319e-01
-2.123429542961885741e-01 -9.734107904871235339e-01 -8.591800000000003601e-02
-8.025281106240053086e-01 -3.845960530144117984e-01 4.561080000000000689e-01
4.648649252986608027e-01 -8.810758584157613038e-01 8.721200000000002561e-02
8.035273055566676259e-01 5.887512238839436307e-01 8.783999999999995978e-02
-2.874328226514198392e-01 -4.461557247179928631e-01 8.475420000000000176e-01
-1.673021143769543306e-01 5.460743733265648325e-01 8.208609999999999518e-01
-2.644172956273144193e-01 3.977679403988430007e-01 8.785579999999999501e-01
8.056593842484066625e-01 -1.237499054200783405e-01 5.793089999999999629e-01
-2.370679463393800257e-01 -9.339867885909461931e-01 2.673340000000001271e-01
-7.565656769156137162e-01 4.016663593795468667e-01 -5.160160000000001412e-01
-3.467637890754699526e-01 8.741544682817923295e-01 3.400129999999999542e-01
-6.398701133994601220e-02 -8.399231488533825951e-01 -5.389199999999999546e-01
-8.894284306144233376e-01 2.110398648985679221e-02 4.565869999999999651e-01
3.891242351060663629e-01 8.032974853465676413e-01 4.508829999999998672e-01
-8.417097048076962462e-01 -5.049478229119724881e-01 1.911870000000000236e-01
-5.403281884158360748e-01 -3.028971056221248515e-01 7.850470000000000503e-01
6.702751116679572796e-01 6.703311116772869838e-01 3.184139999999999748e-01
7.570921899539951871e-01 -5.177691299079770770e-01 3.984049999999999536e-01
-7.210683102223022223e-01 -6.694432880118775797e-01 1.786230000000000318e-01
-9.966104077375176340e-02 -9.755353991152205806e-01 1.959549999999999903e-01
8.176072746457704321e-01 -5.640481894717113143e-01 1.156199999999999589e-01
2.274186416445256320e-01 3.749034092450465039e-01 8.987370000000000081e-01
-3.203998640916289053e-01 -5.804257537929082833e-01 7.486319999999999641e-01
-8.822389853252935454e-01 -3.658559939145408779e-01 2.963169999999999416e-01
-9.874668708710672149e-01 7.804198979461580976e-02 1.371810000000000807e-01
6.436860037861461548e-01 -4.161020024475024504e-01 6.422830000000000483e-01
5.649076632394611774e-01 -1.237291452663098340e-01 8.158250000000000224e-01
-4.611648266031261878e-01 -5.780957826373658293e-01 6.731510000000000549e-01
3.192839736532187001e-01 -9.448939220289285235e-01 7.234099999999990538e-02
-3.671592464260726163e-01 -8.676745823566797133e-01 3.351640000000000730e-01
8.075067152049180130e-01 3.837158646693717423e-01 4.479899999999999438e-01
-6.571661480303196967e-01 2.973990669907892737e-01 6.925940000000000429e-01
6.130701340977095376e-02 -9.590042097643649566e-01 2.766810000000000103e-01
-5.157197761290052695e-02 6.371047234364962675e-01 7.690500000000000114e-01
-4.359405041692019367e-01 -4.491494891455427019e-01 7.798850000000000504e-01
-3.686099417805096534e-01 -9.154568554096742528e-01 1.614480000000000082e-01
-3.760194580876367598e-01 2.726953322124895940e-01 8.855769999999999476e-01
-4.522279834327528891e-01 8.662189682663072876e-01 2.124959999999999904e-01
-5.723740187543471247e-01 -4.388200143783306806e-01 6.926940000000000319e-01
-5.964649412692065722e-01 7.762519235665198414e-01 2.041139999999999344e-01
-7.207507335056594355e-01 6.650167541130477256e-01 1.956300000000000816e-01
1.738419153766474212e-01 7.496016351063934380e-01 6.386519999999999975e-01
-4.306087437115797001e-01 4.063067581755626101e-01 8.059100000000000152e-01
