6.084895312759661667e-01 3.547323097189695740e-01 7.098630000000000217e-01
8.400046495922487422e-01 5.421927738244060047e-01 2.047399999999998180e-02
-3.807429772507660015e-01 -8.146479513251246862e-01 4.374739999999999185e-01
2.075317482988972007e-01 -2.330958404755503754e-01 9.500509999999999788e-01
-7.896432964390177611e-01 6.130152301312925545e-01 -2.599600000000002256e-02
-9.374595170345553230e-01 -2.157598888436565096e-02 3.474249999999999838e-01
3.049861867832593387e-01 -7.537124615975291375e-01 5.821520000000000028e-01
8.733257299076303548e-01 -1.613339501044485369e-01 4.596449999999999703e-01
3.210478864293838663e-01 8.715746916806530464e-01 3.705209999999998782e-01
-4.866922947787794551e-01 -2.486561506055413873e-01 8.374369999999999870e-01
-4.133692044596944115e-02 4.273621775298365733e-01 9.031350000000000211e-01
-5.829260142489580687e-01 5.274130128920062610e-01 6.180879999999999708e-01
-2.205420501962121194e-01 9.716252211456078980e-01 8.547300000000009057e-02
