-4.198190545091218251e-01 -5.908210767119491669e-01 6.889720000000000288e-01
3.112670027038573206e-01 7.946900069031678226e-01 5.211339999999999861e-01
-1.228857558262707594e-01 -8.175050281806271746e-02 9.890480000000000382e-01
2.769999122626018700e-03 8.708167241761384236e-01 4.916000000000000369e-01
3.454070964490638107e-01 8.756772445179943354e-01 3.374659999999999327e-01
1.995338979719938621e-01 5.190971330205829126e-02 9.785150000000000237e-01
-9.619528997963471273e-01 -9.281199033206258275e-02 2.569679999999999742e-01
-6.032793861421662518e-01 3.407246533007716183e-01 7.210830000000000295e-01
2.783181363929747576e-01 6.828583346425095568e-01 6.754580000000000028e-01
-3.795260661787573930e-01 -3.246900566168873237e-01 8.663349999999999662e-01
6.515103024305622659e-02 9.917844603855560104e-01 1.100859999999999617e-01
-9.465791939348898731e-01 -3.186480652845299355e-01 4.950999999999993600e-02
-5.238588565536071995e-01 -7.725287884612115352e-01 3.588469999999999716e-01
-3.313818524815773103e-01 -7.289706754903644281e-01 5.989889999999999937e-01
-5.455299924533828504e-01 -8.223729886236610387e-01 1.615540000000000309e-01
-7.241878066915777845e-01 -4.716678740970620121e-01 5.030719999999999636e-01
-8.863597630523293303e-01 -2.160579422419334206e-01 4.094939999999999691e-01
-7.084750533273441730e-01 4.044690304446275642e-01 5.783319999999999572e-01
-6.422371973774769760e-01 -6.307971938616433460e-01 4.354609999999999870e-01
-8.114662485821891869e-01 -1.164480356723493343e-01 5.726799999999999669e-01
-7.605335531255745796e-01 6.462966202489294210e-01 -6.236500000000004540e-02
3.135379977485759362e-01 -7.288539947663139618e-01 6.086589999999999501e-01
1.847487697803649742e-01 3.970095052774449962e-01 8.990280000000000493e-01
1.385339574296521881e-01 -2.857599121883250270e-01 9.482350000000000501e-01
6.953796613533481941e-02 -9.741425255971331021e-01 2.149670000000000192e-01
7.758418831178188757e-01 6.298029051188923644e-01 3.765200000000008818e-02
9.825092537708445262e-01 -1.833910473677991260e-01 3.230000000000007865e-02
7.329602910152122064e-01 6.452372561855796995e-01 2.154949999999999644e-01
6.109689333400599720e-01 7.194789215010466421e-01 3.302529999999999633e-01
-8.640800893913044289e-01 4.916080508581152642e-01 -1.081069999999999393e-01
8.258389055550824365e-01 1.528199825231403575e-02 5.636989999999999501e-01
-8.843819781155757287e-01 4.204429895959514996e-01 2.027219999999999300e-01
-3.218918584447322262e-01 8.583136225477238090e-01 3.996040000000000703e-01
5.889768914722033344e-01 -5.870768918223067123e-01 5.553799999999999848e-01
3.718499468537105335e-01 9.181468687747579294e-01 1.368719999999999659e-01
-5.830396187602553404e-01 -6.950695455057803729e-02 8.094649999999999901e-01
2.822470826643957431e-01 -9.569782802793582732e-01 -6.729899999999994220e-02
-7.849579146086207437e-01 -6.019569345163199303e-01 1.465909999999999713e-01
-6.365028409159578793e-01 7.712638072345381346e-01 -4.034000000000080924e-03
2.009569964830049960e-01 -9.181719839308589703e-01 3.414330000000000420e-01
3.474442307751611780e-01 -8.292495507940035315e-01 4.377529999999999477e-01
3.606822025841348034e-01 3.965432227261703746e-01 8.441929999999999712e-01
-9.997311972229390442e-02 6.330987581641522866e-01 7.675880000000000480e-01
7.189322906607544805e-01 4.636561874538938643e-01 5.178409999999998847e-01
6.352428878697707892e-01 -6.683988820172231948e-01 3.869230000000000169e-01
-9.333629753485558345e-01 -2.728499927936432479e-01 2.332089999999998886e-01
-9.758827854077188890e-01 -1.919269577961160989e-01 -1.040040000000000409e-01
1.241100728846507642e-02 -8.123134770377047342e-01 5.830889999999999684e-01
-5.799097072317464796e-02 -2.558558708307939189e-01 9.649739999999999984e-01
6.011077871059651301e-01 6.278727776266221916e-01 4.944139999999999646e-01
-3.770026523047411704e-01 7.541793044490086029e-01 5.376640000000000308e-01
9.598061240240569614e-01 -2.395160309497398610e-01 -1.463020000000000431e-01
4.055361991159150969e-01 8.781204311520242056e-01 -2.538599999999999191e-01
-4.219299842166538972e-01 6.229269766978585698e-01 6.587389999999999635e-01
-8.416673543278637704e-01 -3.877791632485352302e-01 3.757969999999999366e-01
-6.507697181907533546e-01 6.822247045694895817e-01 3.332690000000000929e-01
-3.846610067211170825e-01 9.200200160753551071e-01 -7.482699999999996299e-02
5.886772783373633855e-01 -7.848683711000936647e-01 -1.934960000000000568e-01
-2.532061288541306854e-01 -9.067734614481751665e-01 3.371179999999999732e-01
-5.833047401501235685e-01 -5.396697595885809884e-01 6.070520000000000360e-01
5.725442524074418893e-01 5.151752271161760266e-01 6.377990000000000048e-01
2.102110897064038142e-01 9.500154054137471826e-01 2.308289999999999509e-01
-3.129929309892763856e-01 -2.348699482143415743e-02 9.494650000000000034e-01
-4.794480856009957770e-01 2.671340476942993813e-01 8.359240000000000004e-01
8.420880977941747059e-01 5.067140588461983564e-01 1.847389999999999866e-01
1.292259446451517746e-01 2.263919030234256280e-01 9.654260000000000064e-01
-4.243439435369666390e-01 8.777398832082859981e-01 2.224970000000000558e-01
4.348550699282813792e-01 -6.018800967872832697e-01 6.698070000000000412e-01
2.663802741783609096e-01 -5.981376156476545525e-01 7.558259999999999978e-01
-2.329570778603235470e-01 -6.344452120481162138e-01 7.370280000000000165e-01
4.763640329536792950e-01 -7.180290496714641924e-01 5.074560000000000182e-01
4.471188534451676633e-01 6.677727811201042973e-01 5.951170000000000071e-01
-3.355244518127726283e-01 3.892735241905598276e-01 8.578400000000000469e-01
6.348349784413458430e-01 7.625109741055376977e-01 1.247460000000000513e-01
-4.948926676639783806e-01 7.852874726547157680e-01 3.720280000000000253e-01
2.623295176217628755e-01 -1.215692398772537236e-01 9.572899999999999743e-01
6.898868531110786684e-01 4.771498984064798804e-02 7.223429999999999573e-01
5.406147735530548726e-01 -4.547388095238619754e-01 7.077769999999999895e-01
-8.135314188493251164e-01 7.358103788343908769e-02 5.768469999999999986e-01
4.695530796800623796e-01 7.692851305426154918e-01 4.332670000000000687e-01
-4.647796305065842737e-01 4.608376251589739181e-01 7.560480000000000533e-01
3.190497059333968211e-01 -2.925357303712025625e-01 9.014600000000000390e-01
4.757608141323421691e-02 5.381019208118117403e-01 8.415359999999999507e-01
-4.921206962386940470e-02 2.166463065051777159e-01 9.750090000000000146e-01
-7.193119239616788674e-01 2.104819777499918054e-01 6.620329999999999826e-01
9.940136463318062221e-01 -4.507598396204931523e-02 -9.952399999999993196e-02
-9.035341436794771530e-01 -3.886500618029074122e-02 4.267500000000000182e-01
-8.807801786748639672e-02 -9.540551935394171457e-01 2.863929999999999532e-01
-1.852363549395800169e-01 9.837065743756062686e-02 9.777580000000000160e-01
-3.594539678573749897e-01 -8.175259268962601356e-01 4.499380000000000046e-01
6.427600966546954953e-02 9.945781495591407007e-01 -8.174900000000001610e-02
-2.592218621309974602e-01 9.347515028457232811e-01 2.429890000000000938e-01
2.344492799673998373e-01 5.498686566251688168e-01 8.016720000000000512e-01
-3.119192618018316598e-01 -4.879264095291424574e-01 8.152509999999999479e-01
-2.290880551011836574e-01 -9.728652339974724894e-01 -3.243299999999989247e-02
-7.246481109363028805e-01 6.756971034423986389e-01 1.353460000000001051e-01
-7.804908962224753610e-01 5.625889251956860404e-01 2.726309999999999567e-01
-9.635094810883677585e-01 -8.139404064072731926e-02 -2.549989999999999202e-01
1.391389207453419263e-01 7.936865479097031661e-01 5.922009999999999774e-01
6.574539956167826382e-01 -7.252499951647897181e-01 2.043689999999999396e-01
4.983250235652786353e-01 8.337870394289326192e-01 2.376369999999999316e-01
-6.694743265344348382e-01 -7.401553610089335322e-01 6.304100000000005533e-02
-9.954194475440515666e-02 9.787534567936457819e-01 1.792569999999999164e-01
-4.962116647272168390e-01 -6.889675344888496200e-01 5.282969999999999056e-01
-4.676417910662751809e-01 5.965110090623872152e-02 8.819029999999999925e-01
-6.934896855229040202e-01 -1.902409137313627041e-01 6.948959999999999582e-01
3.747348421134509833e-01 5.268297780314872003e-02 9.256339999999999568e-01
-9.867337931792913297e-01 -1.414039703615407040e-01 7.975799999999992618e-02
-9.587311245925757008e-01 9.369001217555143757e-02 2.684340000000000059e-01
-2.907162238196304149e-01 5.594494307147470646e-01 7.762090000000000378e-01
7.680090747508934168e-01 1.823850177516691540e-01 6.139200000000000212e-01
9.482703939043883590e-02 6.757272806920289199e-01 7.310269999999999824e-01
-6.647062517874066101e-01 -7.016712657895695093e-01 2.565600000000000658e-01
-1.065270090038739348e-01 9.942920840395383930e-01 -5.937000000000062019e-03
8.176650532471760879e-01 3.056730199057364761e-01 4.878399999999999403e-01
2.317490188355912639e-01 9.599780780230040556e-01 -1.572719999999999951e-01
-7.688841583444361305e-01 -5.500771132831904220e-01 3.259330000000000283e-01
7.356288279368392580e-01 -1.143109732627289321e-01 6.676699999999999857e-01
8.588321055753170841e-01 -4.270240524936124715e-01 2.829450000000000576e-01
8.210076954651790437e-01 -3.570928675442226474e-01 4.454560000000000741e-01
1.784580718077132533e-01 8.891853577891806193e-01 4.213099999999999623e-01
-2.411350859110317491e-01 7.057162514308985557e-01 6.661970000000000391e-01
6.804840420276737634e-01 3.463860213932992149e-01 6.457230000000000469e-01
-6.504674610021770054e-01 -3.725946912563049551e-01 6.618650000000000366e-01
9.026973076913933358e-01 -2.863590976077241002e-01 -3.211479999999998780e-01
5.286559168648736762e-01 -8.360758685207699825e-01 1.466289999999999816e-01
3.695858582446989726e-01 -8.916036580238605458e-01 2.616280000000000827e-01
-7.815275746878229679e-01 -2.991472199746627036e-01 5.474719999999999587e-01
-4.887040291134189252e-01 8.705890518633406794e-01 5.694799999999990842e-02
8.923146745335104324e-01 -1.408389486298281257e-01 -4.288809999999998457e-01
-4.065401050826004947e-02 -9.506012457116782555e-01 -3.077409999999999313e-01
5.943132452516639574e-01 -1.209940499298851474e-01 7.950800000000000090e-01
4.831341910803211848e-01 -2.943315071958212403e-01 8.245909999999999629e-01
-1.112201371858544813e-01 -5.367886621086176424e-01 8.363540000000000418e-01
-1.494440924607486898e-01 -8.674375366817966837e-01 4.745719999999999383e-01
7.369570296161781497e-01 5.633000226374038633e-01 3.736139999999999461e-01
6.205421970609250604e-01 2.119730673146949795e-01 7.549799999999999844e-01
-1.310270119904502761e-01 9.176140839720444697e-01 3.752549999999999497e-01
9.970493589801954215e-01 9.659003477652259098e-03 7.615299999999995684e-02
2.280709072641881885e-01 -9.631136083887976707e-01 1.428140000000000243e-01
5.258663322685431796e-01 3.827092418147624575e-01 7.596039999999999459e-01
8.427268331527335565e-01 4.140029180336349812e-01 3.441120000000000290e-01
7.392849141436170779e-01 -5.231979392387404726e-01 4.239359999999999795e-01
-5.450830980963399242e-01 6.681051202361018015e-01 5.064779999999999838e-01
9.706655475313279435e-01 -1.142880644674119511e-01 2.115339999999999443e-01
8.535699502880359502e-01 -1.574259908315010503e-01 4.966239999999999544e-01
4.660295776773475396e-01 2.250602789784837965e-01 8.556660000000000377e-01
5.386982705859384435e-01 4.947202484959577901e-02 8.410450000000000426e-01
8.863129368657706175e-01 1.400329900251090220e-01 4.414070000000001048e-01
9.190583036574291320e-01 2.551000842852248485e-01 3.004259999999999153e-01
3.865177802768520188e-01 9.197774771355597956e-01 -6.792199999999991300e-02
-6.036577277610225556e-01 1.377329378848767827e-01 7.852559999999999540e-01
3.815568528112923685e-01 -4.564278239291968409e-01 8.037959999999999550e-01
-5.192680532909215163e-01 -8.541010876538307484e-01 -2.953000000000005967e-02
-3.969298974287700787e-02 -6.821758237179560425e-01 7.301100000000000367e-01
7.689190817964340896e-01 -5.884470625980970926e-01 2.499869999999999870e-01
-7.099020389637229478e-01 3.235000177556505551e-03 7.042929999999999469e-01
1.348098616684063888e-02 -4.208005682065667497e-01 9.070529999999999982e-01
3.015384392414282022e-01 2.296215729822517759e-01 9.253909999999999636e-01
-1.869093351563029526e-01 -3.796936808473757585e-01 9.060340000000000060e-01
3.182899205214851507e-02 -9.077957733190566980e-01 4.182030000000000469e-01
8.376532783393372261e-01 -5.410341797773601247e-01 -7.495999999999990171e-02
4.097510320260053795e-01 5.432710424618852896e-01 7.327759999999999829e-01
6.829161216602649409e-01 -4.390150782097377302e-01 5.838590000000000169e-01
7.566153941973857711e-01 -2.754901435306434943e-01 5.929910000000000458e-01
-5.122168531647227629e-01 7.919637729707266205e-01 -3.323060000000000458e-01
-8.120020540547499702e-04 3.841219716817356744e-01 9.232820000000000471e-01
-6.916262911236032984e-01 5.556172338738321059e-01 4.614569999999999506e-01
1.414478516770159844e-01 -7.169602481915973158e-01 6.826130000000000253e-01
7.651153413813234494e-02 -1.193647131267424333e-01 9.898979999999999446e-01
-4.936545733570760208e-01 -4.346436243575227953e-01 7.532529999999999504e-01
8.433791064678188010e-02 -5.752233905699031258e-01 8.136370000000000546e-01
-8.105069963239449615e-01 4.292089980533221882e-01 3.985699999999999799e-01
1.444538470671557530e-02 4.904712016698777738e-02 9.986920000000000242e-01
4.354462028773910531e-01 -1.225290570871333251e-01 8.918369999999999909e-01
-4.963702579634008544e-02 7.642323971712358111e-01 6.430280000000000440e-01
-1.963084733628955025e-01 3.080301736468836205e-01 9.309030000000000360e-01
-8.127372858929341470e-01 2.771850975041532106e-01 5.124710000000000099e-01
-1.625219796391761118e-01 -7.683819037367831672e-01 6.190120000000000067e-01
-8.761401616157500349e-01 -4.819870889089534205e-01 8.176999999999903096e-03
-3.394575723435189762e-01 1.864407651176228642e-01 9.219589999999999730e-01
-4.336750683615844815e-01 -1.453070229052094986e-01 8.892759999999999554e-01
-1.884629993541075965e-01 8.254709971709809357e-01 5.320520000000000804e-01
1.827619005353267045e-01 -8.344465458684069414e-01 5.199009999999999465e-01
-5.798993489113531963e-01 5.241743153829540036e-01 6.236650000000000249e-01
-9.281699524895833386e-01 3.716129809781739679e-01 2.010800000000008761e-02
9.124329983005864397e-01 -2.367549995590419454e-01 3.337860000000000271e-01
6.296816491663108639e-01 -2.892678388314108839e-01 7.209889999999999910e-01
-2.531701320963121171e-01 -2.079942869656179472e-01 9.447980000000000267e-01
-8.749168928050727878e-01 -4.435099456611057978e-01 1.944719999999999227e-01
-1.496990219933222732e-01 4.804780705903680671e-01 8.641360000000000152e-01
-9.374053429192968911e-01 3.093981131832501119e-01 -1.598249999999999671e-01
-5.508178822230428429e-01 -2.614929440870671917e-01 7.926039999999999752e-01
2.062077536275393752e-01 -4.469864659504624860e-01 8.704490000000000283e-01
-9.231120429114234582e-01 -3.569670165938281237e-01 -1.429640000000000355e-01
9.225064074405192605e-01 -3.714797613850129299e-02 3.841899999999999760e-01
