-7.791245068164304177e-01 7.916805149840468181e-02 6.218500000000000139e-01
-6.331287830785837789e-01 6.835417658061806456e-01 3.632059999999999178e-01
5.988392452209869710e-01 -6.945102843976888041e-01 3.988069999999999671e-01
1.294401038174604890e-01 -7.991766409797804727e-01 5.869940000000000158e-01
5.647603506365249659e-01 -2.205571369348750810e-01 7.952360000000000539e-01
-4.608508775762184539e-01 -4.988488674821557889e-01 7.340069999999999650e-01
-1.293435087964100172e-01 2.358349276999339161e-01 9.631469999999999754e-01
-5.177578206061029809e-01 -8.366027101320067105e-01 -1.789490000000000525e-01
8.164709713178847084e-01 5.124009819996736548e-01 2.661210000000001075e-01
-1.646889286478042114e-01 9.546315864017063113e-01 2.481049999999999645e-01
2.809919303050421591e-01 -9.490477646058950167e-01 1.426600000000000368e-01
-9.169483447979180912e-01 1.259800473719806940e-02 3.988069999999999671e-01
-4.567851681891265669e-01 7.245862667939763080e-01 5.160639999999999672e-01
-9.868960656453784619e-01 1.603520106661368294e-01 -1.798300000000001633e-02
-9.348359710090778929e-01 -2.976899907681053170e-01 -1.935519999999998908e-01
4.753625240364739990e-01 -2.187597809636405294e-02 8.795180000000000220e-01
-3.724351491448265605e-01 -9.275933714626634075e-01 2.937000000000003497e-02
-9.888307395954150092e-01 -4.246598881675309883e-02 1.428649999999999365e-01
-1.132149793929878023e-01 -7.722328594407553704e-01 6.251710000000000322e-01
9.631102219333397274e-01 2.637280607719116876e-01 -5.353700000000009146e-02
-7.442501591270876959e-01 4.901871048062204639e-01 4.536609999999999809e-01
2.637897890255632219e-02 7.711753832274851339e-01 6.360759999999999748e-01
-7.032401989977120349e-02 8.880482512933273176e-01 4.543400000000000771e-01
-3.634300319132648810e-02 -9.019740792035185750e-01 4.302579999999999183e-01
3.484375394155471151e-01 -2.430623762844408009e-01 9.052689999999999904e-01
2.345670579354318108e-01 4.037530997224860752e-01 8.842860000000000165e-01
-1.405539601126239158e-01 -9.900437190385377173e-01 7.617000000000066426e-03
-4.546111981157489185e-02 -4.373511526273569650e-01 8.981409999999999672e-01
-3.404260755035576902e-01 9.349472073631998059e-01 9.991899999999998006e-02
7.065396227612583679e-01 3.087032720985942724e-01 6.367920000000000247e-01
8.777495600674528609e-01 4.777117605684341184e-01 3.670400000000008378e-02
2.657578363611433625e-01 7.493825385720191967e-01 6.064640000000000031e-01
-9.336260667213254205e-01 -1.020490072929038650e-01 -3.434070000000000178e-01
5.004229846087253630e-01 -6.179919809927110208e-01 6.063520000000000021e-01
7.695060348424516139e-01 6.287770284703851909e-01 -1.118030000000000274e-01
6.656500832119248423e-02 9.712531214149067171e-01 2.285529999999999784e-01
-8.226938032223600761e-01 -1.506539639655344043e-01 5.481589999999999518e-01
5.031761176628475329e-01 -8.628362017658648409e-01 4.824399999999992583e-02
9.205707674235674709e-01 -3.855819025851498494e-01 -6.225799999999995227e-02
-5.020459388339935103e-01 8.314388987029016631e-01 2.380319999999999103e-01
3.722400032228002920e-02 -9.773150084614514732e-01 2.084940000000000682e-01
-1.144213073585043511e-01 -2.135695736905675324e-01 9.702039999999999553e-01
-4.211749836390168422e-01 -8.698459662099226053e-01 2.568650000000000100e-01
3.498783325116492371e-01 1.775801687657374006e-01 9.198100000000000165e-01
-4.862295893009171976e-01 -7.131008642645335696e-03 8.738019999999999676e-01
8.473667021876659655e-01 3.182292637071569286e-01 4.250880000000000769e-01
1.878179105497073675e-01 -4.590297813821473394e-01 8.683410000000000295e-01
-3.564571195405287773e-01 -6.864782302155467697e-01 6.337869999999999893e-01
6.023314735712006485e-01 1.544628650017405014e-01 7.831590000000000495e-01
-3.230940269163399270e-01 8.622640718335558008e-01 3.900140000000001383e-01
-8.141536923581121910e-01 5.793737810737144001e-01 -3.846800000000000913e-02
-6.673893738002419918e-01 -9.600290992215135266e-02 7.384950000000000125e-01
1.684199059644258811e-01 8.855655055533351305e-01 4.329069999999999863e-01
-8.111719366714327251e-01 -3.698319711270473542e-01 4.530169999999999475e-01
7.896040198018138279e-01 -5.492660137745796201e-01 2.735550000000000481e-01
4.674734845812372752e-01 3.463283590026606240e-01 8.133420000000000094e-01
2.372093129206926110e-01 -2.711780713281990510e-02 9.710800000000000542e-01
7.103489772240947353e-01 5.169419834252994006e-01 4.776770000000000183e-01
7.226967626474358752e-01 6.807657764186709759e-01 1.194460000000000938e-01
-4.949666960250668213e-01 -6.779215836665987149e-01 -5.435349999999999904e-01
-8.059988845403298283e-03 4.334304001553327956e-01 9.011510000000000353e-01
-2.242760462849192893e-01 7.652081579196634564e-01 6.034540000000000459e-01
-8.753899561608849966e-01 3.870339806175211450e-01 2.896500000000000741e-01
1.125239792671350325e-01 2.104969612153329561e-01 9.710969999999999880e-01
-3.794960233345405221e-01 2.153530132416766885e-01 8.997810000000000530e-01
7.544822261597322610e-01 -2.539407395438049164e-01 6.052030000000000465e-01
-4.930613325979445460e-01 3.896244726088687882e-01 7.778709999999999791e-01
6.048002559611277418e-01 -4.185781771489697767e-01 6.775020000000000486e-01
7.852194652564853383e-01 -5.848273465205943156e-01 -2.034879999999999467e-01
-6.989094192483551460e-01 3.296591977496260428e-01 6.347049999999999637e-01
7.038880389467050414e-01 -4.280500236843604728e-02 7.090199999999999836e-01
8.592350512953977892e-01 -3.258750194543841849e-01 3.943610000000000171e-01
-6.621749414622498664e-01 7.444669341874532442e-01 8.540099999999989366e-02
-9.162038113852835064e-01 3.636569251356007726e-01 -1.682979999999999476e-01
4.071357732589302447e-01 -4.510317488124897523e-01 7.942360000000000531e-01
-2.387079143916519541e-01 2.784910667845148097e-02 9.706919999999999993e-01
8.777603095333937899e-01 4.292881513841728669e-01 -2.127170000000000449e-01
-3.614072524818772170e-01 5.950454157032893932e-01 7.178480000000000416e-01
-1.949482954554825065e-01 -5.972999052427531153e-01 7.779639999999999889e-01
8.127286613810703608e-01 1.160699516400926085e-01 5.709640000000000271e-01
3.650010992250368180e-01 -7.817032125049218072e-01 5.056819999999999649e-01
-6.155681423258686502e-01 -5.486341268500157797e-01 5.657529999999999504e-01
-1.992460056444111394e-01 -9.503080269211385822e-01 2.391979999999999940e-01
2.948120729386173866e-01 9.344742311956149017e-01 1.996090000000000642e-01
4.610902227522283015e-02 -6.396993090381003499e-01 7.672409999999999508e-01
1.173739012469545706e-01 -2.409578501773081416e-01 9.634120000000000461e-01
-2.873493354379576536e-01 -4.016640710585949736e-01 8.695380000000000331e-01
2.801000594744363914e-01 -6.466151372976178813e-01 7.095299999999999940e-01
2.078541260593241846e-01 -9.045645486001065994e-01 3.722360000000000113e-01
-2.573588740857198354e-01 4.274217908814789135e-01 8.666469999999999452e-01
5.032709157205633721e-01 7.298358777792343099e-01 -4.626639999999999642e-01
-3.999278257832107886e-01 -8.280856392688583645e-01 -3.928509999999999502e-01
7.148853045260591399e-01 -4.996692128485441531e-01 4.891519999999998647e-01
-6.614566072848471201e-01 7.305965662355794477e-01 -1.694219999999999338e-01
4.495061223097507330e-01 -8.460002301950344528e-01 2.867540000000000089e-01
9.919280426254732941e-01 7.058500303320303093e-02 1.053400000000000586e-01
-9.277743013660945115e-01 -2.099520681980895087e-01 3.084720000000001350e-01
-1.231169852749691290e-01 6.182789260526377895e-01 7.762559999999999460e-01
5.854689903784191518e-01 8.095879866952537807e-01 -4.234800000000002451e-02
-2.769050933989641861e-01 -8.458322852957972371e-01 4.559509999999999397e-01
6.189280596433512915e-01 7.404680713556229810e-01 -2.619830000000000769e-01
6.302376707018383373e-01 6.972496356881953128e-01 3.415310000000000290e-01
5.655393961717135598e-01 4.909423439149791513e-01 6.626769999999999605e-01
3.529797712063848514e-01 5.696046307949822474e-01 7.422640000000000349e-01
-3.398663402966815017e-01 -1.800496505115751211e-01 9.230779999999999541e-01
9.576964404526532304e-01 -1.321540607787648203e-01 2.556419999999999804e-01
-9.935901167033343862e-02 9.948411168502711011e-01 2.046799999999990294e-02
0.000000000000000000e+00 -0.000000000000000000e+00 1.000000000000000000e+00
-7.366244148615302967e-01 -5.701303210932638921e-01 3.637800000000000478e-01
-5.194125097816304493e-01 -2.765797389657234095e-01 8.085259999999999669e-01
6.808292332998652219e-01 3.364061152763388463e-01 -6.506170000000001119e-01
1.220499931890183798e-01 6.083929660487212843e-01 7.841949999999999754e-01
-5.763440962338882700e-01 5.456590911103219588e-01 6.083450000000000246e-01
8.715934679548661412e-01 -9.214794375030690987e-02 4.814909999999999468e-01
-8.518176916018053157e-01 2.378439138892811111e-01 4.667299999999999227e-01
-6.065221522063261039e-01 1.658600416224660368e-01 7.775739999999999874e-01
-9.584116471795512959e-01 1.757799352900645817e-01 2.248299999999999188e-01
