1.439302207765188746e-01 -4.930877563540009278e-01 8.579909999999999481e-01
4.178633360487072346e-01 -2.368651904886937554e-01 8.770890000000000075e-01
-8.436502493286636428e-02 7.959702352375225276e-01 5.994279999999999609e-01
-3.402130961876596582e-01 -8.891772513950221279e-01 3.059719999999999662e-01
4.805869805151130048e-01 -3.609299853664783841e-02 8.762039999999999829e-01
2.781078209589744055e-01 -8.903026281243367479e-02 9.564150000000000151e-01
-3.490731097665303873e-01 9.364362944637097952e-01 -3.514299999999990348e-02
-1.425180092993963421e-01 9.862620643542654442e-01 -8.352099999999994251e-02
9.152027343011543969e-01 3.838908885499768275e-01 1.226040000000000463e-01
9.445886497775199953e-01 8.662596788193324682e-02 3.166200000000000681e-01
-2.536439527996319776e-01 8.254168463989440818e-01 5.043330000000000313e-01
7.381636220447250762e-01 3.638238137145675122e-01 5.681079999999999464e-01
8.147981940867836670e-01 -4.909911169552010901e-01 3.082719999999999350e-01
8.360412133344857777e-01 -5.399651377840986033e-01 -9.732800000000003948e-02
-5.331253102961438506e-01 -7.777234526601599640e-01 3.330519999999999592e-01
-4.711581860888301443e-01 -5.356532115618118928e-01 7.007750000000000368e-01
-3.951279174512273284e-01 2.510499475515034704e-02 9.182829999999999604e-01
-1.263240194614020928e-01 3.773850581397140136e-01 9.173999999999999932e-01
-9.193831099298052090e-01 -6.738300805692537532e-02 3.875489999999999213e-01
-1.419940309038761339e-01 -9.413562048787211811e-01 3.060819999999999652e-01
6.644779382710569449e-01 5.467139492111442456e-01 5.094830000000000192e-01
6.746913721182512536e-01 -5.830323215647580382e-01 4.526199999999999113e-01
4.656667865824887786e-01 -8.646626037206297521e-01 1.884489999999999776e-01
-3.259330452574553116e-01 -6.923610961378473538e-01 6.437420000000000364e-01
-6.562779987864366671e-01 -7.331959986442027066e-01 1.781089999999999895e-01
-5.851231765163675824e-01 -3.611871089607097129e-01 7.260680000000000467e-01
-4.766888172321179229e-01 -8.664236678033701011e-01 1.485860000000000791e-01
0.000000000000000000e+00 0.000000000000000000e+00 1.000000000000000000e+00
7.514795815981516469e-01 -7.235305599673585997e-02 6.557770000000000543e-01
1.286780500965117036e-01 -7.804493038419341167e-01 6.118339999999999890e-01
1.283319608207706131e-01 9.548267084952621886e-01 2.680239999999999845e-01
-7.191551130406650394e-01 2.684000421885596871e-02 6.943310000000000315e-01
5.624872252877131107e-01 -7.538903019485856394e-01 3.394960000000000200e-01
7.040580706111219111e-01 -2.852620286093899837e-01 6.503290000000000459e-01
-1.818000412825056646e-03 -8.869692014097777522e-01 4.618250000000000410e-01
-4.948250273399830146e-01 -1.960966145398354565e-01 -8.465780000000001637e-01
8.930321249010616524e-01 -3.082900431179939060e-01 3.277970000000000050e-01
1.995328623518034805e-01 -8.767053952027992203e-01 4.376919999999999700e-01
8.210178932224818649e-01 5.474819287972136905e-01 1.618430000000000701e-01
3.104863232074606683e-01 7.409047712608634040e-01 5.955319999999999503e-01
-1.872248627097180818e-01 5.452846001477826832e-01 8.170749999999999957e-01
-6.975537323602897244e-01 7.121517267592835099e-01 7.911199999999998789e-02
5.772060648467151056e-01 -7.820420878591956004e-01 -2.350390000000000257e-01
8.487685781755663905e-01 -4.522797752241719538e-01 -2.739249999999999186e-01
-7.726158173339803259e-01 2.233849471861198699e-01 5.942760000000000264e-01
-7.419997389784986630e-02 -9.904126515915264717e-01 1.165209999999999579e-01
-9.355510154852907378e-01 2.714590044932039259e-01 2.259520000000000417e-01
4.963596042246384843e-02 -6.526614795963827653e-01 7.560219999999999718e-01
1.787162052787952260e-01 6.441557398966087922e-01 7.437230000000000230e-01
-5.219702590909580664e-01 4.013271992072280914e-01 7.526509999999999589e-01
5.263040551620525864e-01 -8.494980890360960268e-01 -3.683800000000007208e-02
-6.681918759492878612e-01 -1.722269680258340374e-01 7.237799999999999789e-01
2.906284278437728519e-01 2.906834277354952700e-01 9.116130000000000067e-01
3.418255986647085187e-01 9.794888499882843658e-02 9.346449999999999481e-01
9.899134780497784725e-01 -3.649501762420199330e-02 1.368920000000000414e-01
3.978808232278887025e-01 8.148986379535172464e-01 4.214630000000000321e-01
-2.438898254609484506e-01 9.115243476702243886e-01 3.311209999999999987e-01
-3.336924769887954501e-01 3.958283796004049004e-01 8.555519999999999792e-01
-8.705828453934794098e-01 -2.727639515599396547e-01 4.094939999999999691e-01
-8.435376574156114859e-01 4.825298040310647962e-02 5.348979999999999846e-01
-4.072499107827898257e-01 -9.119728002119413812e-01 -4.952899999999999664e-02
-6.339867168798800356e-02 1.924330034796491729e-01 9.792600000000000193e-01
1.134550539535774949e-01 7.881783748184105765e-01 6.048989999999999645e-01
-4.156077759535079519e-01 -3.515476563511391594e-01 8.388590000000000213e-01
9.730014481738731291e-01 -5.063102332113880027e-02 -2.251769999999998773e-01
5.108463289167046728e-01 -6.782934367302442258e-01 5.281610000000001026e-01
4.464968443249324737e-01 -5.710288009057662428e-01 6.888879999999999448e-01
7.119690931533688705e-01 -6.522840853442384290e-01 2.600489999999999746e-01
7.585026383462597499e-01 1.457279305169837946e-01 6.351670000000000371e-01
-2.142650765283064251e-01 9.700393464655540088e-01 1.145169999999999383e-01
-7.284635897989464315e-01 6.303736450338262021e-01 2.682719999999998994e-01
5.323970569837824796e-01 -3.671960393019062519e-01 7.627059999999999951e-01
-9.869099880945234604e-01 1.546099981348800501e-01 4.587400000000008832e-02
7.899878775833472089e-01 -6.075839058486970368e-01 8.222499999999990927e-02
-2.042684405875879461e-01 1.453481788379454472e-02 9.788069999999999826e-01
6.281566774220616045e-01 2.850573074139235996e-01 7.239900000000000224e-01
-2.121013696264686388e-01 -3.557986200459132831e-01 9.101759999999999851e-01
-3.920339406450287778e-01 5.595219152869082002e-01 7.302359999999999962e-01
-2.784398058081433147e-02 6.656135357821497678e-01 7.457770000000000232e-01
6.189903410521345739e-01 -4.831112661852982604e-01 6.192370000000000374e-01
-2.692303258195966054e-01 2.118870434336979636e-01 9.394780000000000353e-01
6.753392962950580669e-01 7.172773146947392098e-01 1.715519999999999545e-01
-2.434971761560097703e-01 6.911384999984078181e-01 6.804679999999999618e-01
7.277247678552120069e-01 6.019278079845437057e-01 3.287850000000000494e-01
-5.902009895341850942e-01 -8.071819856865419807e-01 -1.095600000000007679e-02
6.332801827847296394e-01 5.896601701946116436e-02 7.716730000000000533e-01
-6.876502981029050665e-02 9.626094173002828214e-01 2.620200000000000862e-01
3.896147404660523228e-01 -8.308404465525078830e-01 3.973719999999998920e-01
1.518154648284969210e-01 1.202725760217487477e-01 9.810640000000000471e-01
1.011506666051493752e-01 -1.618354665866967024e-01 9.816200000000000481e-01
-2.079830110759805228e-01 -9.753760519429254261e-01 -7.337999999999994527e-02
3.975979485297904126e-01 -8.983878837010783602e-01 -1.865880000000000316e-01
-5.688666007104777878e-01 2.923597947916050516e-02 8.219100000000000295e-01
-8.088929257859964750e-01 -1.462469865821866000e-01 5.694770000000000110e-01
2.688999662852447486e-03 9.972738749615439602e-01 7.374000000000001387e-02
3.800278867031312013e-01 5.787388274618804340e-01 7.215540000000000287e-01
6.909599155744625132e-02 -9.583068829084414597e-01 2.772609999999998687e-01
8.907797765619080987e-01 3.882529026128678784e-01 -2.361589999999999245e-01
8.530332052249293140e-01 2.227940536003681637e-01 4.719079999999999386e-01
7.544971767397429252e-01 6.561671537060941306e-01 -1.336700000000001082e-02
5.090911459646916271e-01 8.325612387088153765e-01 2.183300000000000241e-01
-9.305090695289913727e-01 3.626620270986344874e-01 5.127500000000000807e-02
1.265094744401684332e-02 -3.438755714335762215e-01 9.389300000000000423e-01
-3.214131083803359878e-01 -1.727950582664054269e-01 9.310399999999999787e-01
2.375627322635338323e-01 4.762034633121483007e-01 8.466369999999999729e-01
5.079169771263712940e-01 1.673079924654204131e-01 -8.450020000000000309e-01
6.040383798423811790e-01 -1.642968313187785911e-01 7.798359999999999737e-01
-8.176798889490663469e-02 -7.774578944117053192e-01 6.235969999999999569e-01
-2.992066672723486809e-01 -5.160074261827769515e-01 8.026280000000000081e-01
8.400683340807854060e-01 -1.954808450430215172e-01 5.060360000000001524e-01
3.271992807831303751e-01 -7.458656400579143364e-01 5.801939999999999875e-01
3.499918275803794998e-01 -4.479147793397154076e-01 8.227259999999999573e-01
-9.570848789421059211e-01 -1.802559772001320060e-01 2.269279999999999631e-01
2.540878716251871450e-01 -6.290206821949357874e-01 7.346920000000000117e-01
-9.964966987759120709e-01 -6.362398076754745280e-02 5.428000000000009900e-02
8.662685443409597896e-01 1.246900783520507074e-02 4.994230000000000613e-01
-6.701880250764283842e-01 -6.339070237189021739e-01 3.860180000000000278e-01
8.705244386763373310e-01 4.893992466190029145e-01 -5.172600000000004972e-02
9.600218937317844814e-01 -2.417109732441583281e-01 1.411870000000000624e-01
-1.180124173603141619e-01 -1.810216401974497069e-01 9.763730000000000464e-01
7.867672191798323889e-01 5.758221604141625649e-01 -2.223199999999999898e-01
2.312526307236860978e-01 -3.102985044990944075e-01 9.220829999999999860e-01
-4.210048567725981905e-01 7.090157587902289338e-01 5.657309999999999839e-01
-2.785340124541783036e-01 -9.528950426070941226e-01 1.200410000000000921e-01
9.776230273570231111e-01 1.720820048154055870e-01 1.210000000000000797e-01
-7.858544587912441592e-01 -4.634146808517405902e-01 4.094869999999999344e-01
3.245071503997279949e-01 9.119484226618567169e-01 2.510879999999998669e-01
3.139099722863553099e-02 5.086989550893452616e-01 8.603720000000000256e-01
6.314197989914503983e-01 -7.670717558074970910e-01 1.136219999999999591e-01
5.746698282099576005e-01 7.232067838067740562e-01 3.830489999999998618e-01
9.053184920795449842e-02 3.266774558781002646e-01 9.407900000000000151e-01
4.395645757904347306e-01 3.932156205203134469e-01 8.075670000000000348e-01
-2.072608633384531995e-01 -8.469914415194518265e-01 4.895390000000000019e-01
-8.270169645297170691e-01 3.474599850976407001e-01 4.419440000000000590e-01
9.127892047714861734e-01 2.877870645610012268e-01 2.898180000000000200e-01
-1.877501142965955910e-02 8.966395458470567403e-01 4.423630000000001172e-01
4.963473488111175280e-01 6.597424636380281315e-01 5.642509999999999470e-01
8.183178916566914429e-01 4.330709426624551606e-01 3.778960000000000097e-01
-1.627378341595327738e-01 -6.488903387384222787e-01 7.432750000000000190e-01
-7.219076809999642741e-01 5.267167672518635602e-01 4.487969999999999460e-01
9.562411817862712660e-01 2.870800545753662281e-01 -5.646100000000001812e-02
5.657189876680243090e-01 4.782109895755907170e-01 6.717710000000000070e-01
-4.315569513218847630e-01 8.171909078237228341e-01 3.820439999999998837e-01
-6.805162822311392468e-01 4.013471664510768200e-01 6.130400000000000293e-01
-5.629392349921554795e-01 5.656772361351007916e-01 6.025850000000000373e-01
-3.902337064420616786e-01 -7.871004078943745208e-01 4.776929999999999787e-01
-7.514404358320295185e-02 -5.065632938044029032e-01 8.589219999999999633e-01
1.996461085411630199e-01 8.745564754682056963e-01 4.419189999999999507e-01
9.372567541545248071e-01 -1.134929702304271759e-01 3.296499999999999431e-01
-6.468352251157097887e-01 -5.057301760074329744e-01 5.708250000000000268e-01
4.601479875447607726e-01 -2.213109940095763783e-01 -8.598169999999999424e-01
-5.894451737582510065e-01 6.858232021688280833e-01 4.268500000000000072e-01
2.749321030581723391e-01 -9.306053488369870896e-01 2.416320000000000134e-01
-9.059183749595621782e-01 1.663880688680118292e-01 3.893929999999999891e-01
-6.307471290767973082e-01 2.218090453912508198e-01 7.436120000000000507e-01
-7.426081805502044997e-01 -3.328210809187344132e-01 5.811739999999999684e-01
-5.250849584549655003e-01 -6.586139478900723265e-01 5.389930000000001664e-01
7.749993571480043864e-01 -3.962781826194574086e-01 4.922799999999998843e-01
-8.903911611293963135e-01 4.366120790113868777e-01 -1.287380000000000191e-01
