-3.442077852164857621e-01 4.644607101794096526e-01 8.159640000000000226e-01
6.733129579781893526e-01 -7.348849541354490755e-01 -8.120199999999994089e-02
5.612700921225235451e-01 6.838291122384113629e-01 4.662120000000001263e-01
-3.961039847008310244e-01 -7.381299714903766240e-02 9.152339999999999920e-01
-6.598775119711741688e-01 -1.251339074541065743e-01 7.408799999999999830e-01
-7.600314668233624227e-01 4.203347051271499324e-01 4.956520000000000925e-01
-9.222828004322587425e-01 -1.869299595512461387e-01 3.383069999999999689e-01
-1.104809967292134792e-01 -7.873269766912091017e-01 6.065559999999999841e-01
5.159873135399430932e-01 5.077393245129163679e-01 6.898969999999999825e-01
7.692939679307118084e-01 5.996919750008506966e-01 -2.203549999999999398e-01
6.631303841946635247e-01 -5.625233259064357227e-01 4.937869999999999759e-01
-5.750789220097852761e-01 3.861589476304588819e-01 -7.212249999999998940e-01
3.926139504423329929e-01 -8.618128912177314138e-01 3.211429999999999008e-01
-8.894708691439544568e-01 1.221159820346960495e-01 4.403740000000000432e-01
-2.725704465526243570e-01 -3.182643537723050531e-01 9.079720000000000013e-01
8.749673869307803553e-01 -1.857360821367839143e-01 4.471399999999999264e-01
2.877140023564160320e-01 -9.576760078434941592e-01 -8.792999999999948427e-03
7.356414992619160209e-01 -6.405565639845403059e-01 -2.202700000000000213e-01
1.968308987551927736e-01 9.106745315721874734e-01 3.632210000000000716e-01
1.093785454114273026e-01 1.149084718707909236e-01 9.873359999999999914e-01
-3.104749031663732728e-01 9.030837183383558786e-01 2.967240000000000988e-01
4.634526405700870044e-01 2.703297903461874818e-01 8.438799999999999635e-01
8.585956246182245843e-01 -3.471068482433625202e-01 3.772670000000000190e-01
-1.535769753031931695e-01 7.962048719618100012e-01 5.852110000000000367e-01
-4.780541527236433219e-01 -7.949542539635091609e-01 3.735129999999999839e-01
3.591998775764834034e-02 -6.278017860308223730e-01 7.775440000000000129e-01
-7.621539576106017844e-01 -4.543169747318463458e-01 4.612129999999999841e-01
-1.030640198094660148e-01 -8.750611681915236861e-01 4.729119999999999990e-01
6.111963079660821530e-01 7.880883970974512653e-01 -7.318300000000009520e-02
1.369250454320649901e-01 -9.378833111919772092e-01 -3.187889999999998780e-01
1.208299970948200769e-01 5.560839866297765388e-01 -8.222960000000001379e-01
-1.842229769551729512e-01 -9.208498848090137523e-01 3.436530000000000418e-01
4.567019810516378397e-01 8.616109642521438960e-01 2.214720000000000855e-01
-7.678048514312839634e-01 -3.058549408176757245e-01 5.629640000000000200e-01
-9.370452886706401863e-01 -2.230860687249581475e-01 -2.686610000000000387e-01
-1.183022004284576822e-01 -1.107603151529688995e-01 9.867810000000000192e-01
-7.402291651838599496e-01 1.389800310137181971e-02 6.722110000000000030e-01
5.709084993423987342e-01 -2.295412007671175647e-01 7.882730000000000015e-01
2.582910780942749840e-01 8.266442499357854468e-01 4.999449999999999172e-01
1.281149999850752508e-01 9.676889998872696408e-01 2.171740000000000892e-01
-2.181218901611621797e-01 9.607665161903394813e-01 1.713200000000000556e-01
-1.733903376062947699e-01 4.545978851422156630e-01 8.736570000000000169e-01
-2.636880401036759136e-01 -7.281091107363526493e-01 6.327129999999999699e-01
1.584162571695896249e-01 3.924876371560999666e-01 9.060120000000000395e-01
-6.623318370829812674e-01 5.555378633516199205e-01 5.026870000000001060e-01
7.900491564556839652e-01 4.179440827666567326e-01 4.484920000000000018e-01
-6.042932389059980647e-01 3.227535934989699262e-01 7.284640000000000004e-01
6.900736397739338779e-01 -2.665742471435581518e-01 6.728570000000000384e-01
-1.826386428023138719e-01 5.538429168151640658e-01 -8.123430000000000373e-01
6.058598538767469011e-01 7.004928310528573121e-01 -3.771520000000000428e-01
4.110800395034238108e-01 4.343840417428608269e-01 8.014510000000000245e-01
-3.978528983101767835e-01 8.154157915825471781e-01 4.204879999999999729e-01
-9.124922890380476881e-01 3.578291133447697447e-01 1.982830000000000981e-01
-3.200880972808341496e-01 5.607184186501545931e-02 9.457269999999999843e-01
5.943759910382379053e-01 5.658619914681605190e-01 5.714169999999999527e-01
9.781806363843602581e-01 1.770519341851086170e-01 1.086979999999999197e-01
-9.156175383793987432e-01 -1.039980611504379981e-01 -3.883670000000001288e-01
-4.136008559306073029e-01 -5.214608183597968516e-01 7.463330000000000242e-01
9.844196405153315954e-02 8.642606843942842731e-01 4.933179999999999232e-01
-4.519571232798667015e-01 3.333230909201871373e-01 8.274240000000000483e-01
-1.077360158857719880e-01 6.928551021621047745e-01 7.129830000000000334e-01
8.361734205227743244e-01 1.321849083944285907e-01 5.322980000000000489e-01
5.495040256219413388e-01 -6.743250314420197178e-01 4.932859999999999467e-01
9.789118411644590623e-01 -9.751698417716254952e-02 1.795049999999999424e-01
3.662040855766396930e-01 5.823181360793918682e-01 7.258099999999999552e-01
5.134702314867812811e-01 7.832383531058162429e-01 3.505510000000000015e-01
-8.558028425091387392e-01 -1.688369689294330345e-01 4.889739999999999642e-01
5.365902355024520370e-02 9.963934373040772563e-01 6.573300000000002752e-02
3.657969333520869615e-01 1.622775268058053166e-01 9.164379999999999749e-01
5.311196690031594336e-02 6.762685785455212484e-01 7.347380000000000022e-01
-5.371862225386806466e-01 5.683882354646538904e-01 6.231900000000000217e-01
7.835841194395464226e-01 5.334040813052994823e-01 3.185529999999999196e-01
1.859621425164608988e-01 -6.855135253594106803e-01 7.039100000000000357e-01
-2.681159683312586695e-01 6.899549185053988065e-01 6.723660000000000192e-01
-4.610148971359243064e-01 8.503508102652417300e-01 2.537100000000001021e-01
4.445851491992907079e-01 -8.953363004678435155e-01 2.677599999999998037e-02
5.887121730519142560e-01 -8.066282371083304259e-01 5.262000000000001398e-02
-8.403558550925340764e-01 -9.826998305473431256e-03 5.419460000000000388e-01
-9.927391324001844097e-01 3.592900479179941126e-02 1.147960000000000647e-01
3.242458982061611761e-01 -6.029478107104128126e-01 7.289160000000000084e-01
4.574516367063163891e-01 6.522324820175029458e-01 6.044260000000000188e-01
-1.139282896996042654e-01 3.157078027894194561e-01 9.419920000000000515e-01
-1.163230004743749102e-01 -6.803810027746503009e-01 7.235679999999999890e-01
9.286566813977937818e-01 3.382508839533704958e-01 1.522600000000000342e-01
3.981678201078653334e-01 8.916485971533576471e-01 -2.154650000000001009e-01
-7.675513884121056840e-01 -1.479800748839144031e-01 6.236720000000000041e-01
-0.000000000000000000e+00 -0.000000000000000000e+00 1.000000000000000000e+00
6.068799549373793401e-01 7.653539431702199858e-01 2.143130000000000313e-01
-5.019911411934536716e-01 4.556691281646081948e-01 7.350989999999999469e-01
2.604368019872694839e-01 4.969036221991582902e-01 8.278039999999999843e-01
2.474090078230801182e-01 9.475070299601998647e-01 -2.025320000000000453e-01
-8.403788814424532072e-01 4.886369310649076869e-01 -2.345149999999999457e-01
4.040596977554252595e-02 -7.472504410420230947e-01 6.633130000000000415e-01
7.904810135827096129e-01 -2.952750050736634990e-01 5.366119999999999779e-01
-6.847035528401801407e-01 1.728548871135401621e-01 7.080269999999999619e-01
-9.182159554420584735e-01 -3.341599837843379356e-02 3.946680000000000743e-01
8.020946821290209083e-01 5.948267642695180824e-01 5.315300000000004049e-02
-8.298828445206241078e-01 -4.724889114787326760e-01 2.967300000000000493e-01
-4.315699925214438321e-02 9.798739830200362544e-01 1.948959999999999304e-01
2.521938376556744354e-01 8.296514659298224181e-01 -4.980729999999998769e-01
5.223393488116556682e-02 2.786266526426180445e-01 9.589779999999999971e-01
-5.421000777541433620e-03 -9.322931337200600632e-01 3.616630000000000122e-01
6.752724390114236419e-01 3.097227426950806550e-01 6.693869999999999543e-01
-9.714655428785036184e-01 -6.251403493435860048e-02 -2.287940000000000529e-01
4.242102109523624431e-01 -7.688213823215066522e-01 4.784970000000000057e-01
4.310003176296986482e-02 -8.483186251763136232e-01 5.277290000000000036e-01
1.214589400820226817e-01 -9.916485108011565686e-01 -4.336999999999992944e-02
5.441508972717348236e-01 8.354288422824327487e-01 7.719099999999996797e-02
-4.089247421794723336e-01 -2.298442930169293796e-01 8.831489999999999618e-01
-8.457927063905849030e-01 -3.247138872784622321e-01 4.233149999999998858e-01
9.910618727512552351e-01 1.219859843374426767e-01 -5.399800000000007372e-02
-5.247540063182082326e-01 -6.761140081406316060e-01 5.172069999999999723e-01
6.822488362822380914e-01 -4.173818998417778148e-01 6.002739999999999743e-01
-9.081228138018774265e-01 3.502909281776516726e-01 -2.293670000000000431e-01
2.150124209591709745e-01 2.276913868139859576e-01 9.496980000000000421e-01
2.866340663756972162e-02 -1.795345469928538440e-01 9.833340000000000414e-01
5.083224666441537032e-01 9.689789833016647369e-02 8.556979999999999587e-01
-2.242199277520554035e-02 9.959936790718044719e-01 -8.656700000000001893e-02
7.604857751532747567e-01 -5.450348388539238975e-01 3.529849999999999377e-01
6.004275901372596591e-01 2.026381991653173897e-01 7.735790000000000166e-01
-5.913837882184543038e-02 1.592340200030253616e-01 9.854680000000000106e-01
-3.931028304206945490e-01 -7.637726705186815845e-01 5.119780000000000442e-01
9.363516417047120788e-01 -5.247197992157827395e-02 3.471199999999999286e-01
-9.424100034763564782e-02 9.657220035623487187e-01 -2.418670000000000264e-01
-3.073479740640349678e-01 7.825519339633205673e-01 5.414330000000000531e-01
-2.731963214093762193e-01 -4.704825535122261759e-01 8.390530000000000488e-01
-9.611771172041420064e-01 2.502530305153868317e-01 -1.162409999999999555e-01
3.917028477106646034e-01 9.162806437611545896e-01 8.365799999999994074e-02
-7.987962936207957387e-01 1.478610543506284625e-01 5.831479999999999997e-01
7.442189770541985938e-01 -6.328009804894444423e-01 2.137780000000000513e-01
-6.446028275272333019e-01 4.414948818716882273e-01 6.241550000000000153e-01
-5.360797270069921350e-01 -8.139755854914254574e-01 2.237460000000000560e-01
7.699887681284266483e-01 6.433998062489589692e-03 6.380249999999999533e-01
3.154392763775504260e-01 -3.015012641655211434e-01 8.997749999999999915e-01
4.511149424922540896e-01 -3.480919556255361313e-01 8.217830000000000412e-01
-2.258800392595820272e-01 -9.707421687219989215e-01 -8.147300000000004538e-02
1.583009285204133587e-01 7.634006552922095734e-01 6.262269999999999781e-01
4.500542838664600143e-01 -6.414184045671342815e-01 6.213159999999999794e-01
5.689489711413845408e-01 -5.352269728518546099e-01 6.243630000000000013e-01
-2.480200508428974104e-01 9.257011897642167808e-01 -2.855930000000000413e-01
-5.403845278067459512e-01 -5.492125364292772538e-01 6.374560000000000226e-01
2.841606814062934069e-02 -3.417038193925069911e-01 9.393780000000000463e-01
4.530739698225676459e-01 -5.012879666112275423e-01 7.371799999999999464e-01
1.502819554632515708e-01 -6.687153520849702104e-02 9.863790000000000058e-01
-5.324060717217957706e-01 7.622281026817142591e-01 3.681740000000000568e-01
-7.643141846508058057e-01 5.311141283119606982e-01 3.657069999999999488e-01
8.393431392305038541e-01 5.343220886335161568e-01 -1.000150000000000761e-01
-9.075911197058423863e-01 -3.982000525202064600e-01 1.330980000000000218e-01
5.483003178449568082e-01 -6.783191560850537760e-02 8.335259999999999891e-01
7.897572436102757720e-01 -6.092761879386879853e-01 -7.117600000000001703e-02
-4.820583182061498606e-01 6.268217140669647691e-02 8.738939999999999486e-01
-5.453597678318804487e-01 6.765757119712157985e-01 4.948010000000000463e-01
-1.234982650464256232e-01 -4.173888957812879053e-01 9.002970000000000139e-01
9.586938905959530022e-01 2.304599737004125459e-01 -1.667160000000000586e-01
-4.168985864853489431e-01 -3.804736226146539502e-01 8.254909999999999748e-01
-5.337909403934238961e-01 8.394889062571965210e-01 1.016150000000000386e-01
8.704134305680217842e-01 2.628271300128806054e-01 4.162959999999999439e-01
7.805798941718232464e-02 9.730998680706657300e-01 -2.167570000000000607e-01
-4.728259754074631838e-01 -8.785629543043463885e-01 6.754799999999999693e-02
2.289999813188920742e-03 7.898599355657024423e-01 6.132830000000000226e-01
-9.894296348877578140e-01 1.450099464894674672e-01 -1.054999999999979132e-03
4.131732747856478594e-01 7.672305102554926037e-01 4.905559999999999365e-01
5.491155310334625561e-01 -1.963411898757838892e-01 -8.123559999999998560e-01
3.786700977463925422e-01 -9.159582364369772689e-01 -1.327759999999999219e-01
2.119938881645068440e-01 6.391666628133030326e-01 7.392729999999999579e-01
-9.569408733896885844e-01 -2.901219616147319713e-01 9.664999999999895897e-03
9.330687633689057625e-01 -2.059559477684997919e-01 2.948980000000000490e-01
7.416070291779315315e-01 6.409040252158528794e-01 1.981440000000000423e-01
-5.275858248835514352e-01 7.763397423170751432e-01 -3.448909999999999476e-01
9.557790018284207934e-01 -8.379900016030884802e-02 -2.818939999999999779e-01
-5.355803341673084361e-01 -1.008400629176432889e-01 8.384420000000000206e-01
8.504202434683475476e-01 4.951551417588598292e-01 1.777830000000000243e-01
-7.202447269887990444e-01 -5.871797774275185899e-01 3.694150000000001044e-01
-2.259088502995716952e-01 5.795496159564992311e-01 7.829990000000000006e-01
-9.663718741764262266e-01 1.986909741300331711e-01 1.632399999999999407e-01
9.495912051176609303e-01 -3.106220670963162900e-01 -4.231399999999998357e-02
1.460740232688886031e-01 -9.000311433706281727e-01 4.106170000000000653e-01
3.183295574238549641e-02 -4.918833161306685464e-01 8.700790000000000468e-01
8.717339742338454656e-01 3.843899886384469222e-01 3.038489999999999802e-01
4.933408656184988250e-01 -8.494107686283416392e-01 1.873930000000000040e-01
1.918760250476186924e-01 -9.744411272041660910e-01 1.168250000000000816e-01
6.976868477835957982e-01 5.567948785224138275e-01 4.507909999999999973e-01
-6.120729302576604081e-01 7.575639136797641671e-01 2.268559999999998911e-01
-4.070170252960068069e-01 -6.506040404348790718e-01 6.411329999999999529e-01
-4.231210863978130399e-01 6.913281411634669693e-01 5.856909999999999616e-01
2.611097219595711061e-01 4.905275990395978336e-02 9.640619999999999745e-01
-8.363713295927536207e-01 2.746271082235864913e-01 4.744079999999999409e-01
-8.951497569047268676e-01 -4.447858792097704739e-01 -2.953700000000003892e-02
-8.802918339887363386e-01 4.693499114868852073e-01 6.925999999999996048e-02
6.782584462731380270e-01 -1.116160734399337384e-01 7.262969999999999704e-01
3.585720257194069949e-01 8.598680616760229212e-01 3.633910000000001306e-01
-2.246597564673616931e-01 1.948807887479566125e-01 9.547510000000000163e-01
9.055624237314710001e-01 -4.165231948998561751e-01 8.040600000000008851e-02
-9.979970546046911251e-01 -1.184800064825503214e-02 -6.214099999999990465e-02
6.820049270979083866e-01 4.381919531600012574e-01 5.855399999999999494e-01
8.244819535375864650e-01 -5.601129684356943583e-01 8.064100000000000434e-02
-2.696769219416550456e-01 -6.079338240327433196e-01 7.467869999999999786e-01
6.609710251369889100e-01 6.708400255123110334e-01 3.362899999999998668e-01
-8.336178484362306573e-01 5.070949078028190726e-01 2.189430000000000542e-01
1.779179124358447051e-01 -4.060988001342420994e-01 8.963419999999999721e-01
6.507801907684604981e-01 -6.707251966151012157e-01 3.558269999999998934e-01
-6.669157069551100436e-01 -2.840328751950481623e-01 6.888750000000000151e-01
9.004322380952569649e-01 3.360790888671391641e-01 -2.761750000000000593e-01
-6.024992832173881735e-02 5.715433200451435214e-01 8.183570000000000011e-01
-6.675954559988854786e-01 -4.332232959117506832e-01 6.055030000000000134e-01
-1.510840196982802808e-01 -9.862541285874597552e-01 6.690599999999999326e-02
-5.464395803013784025e-01 -2.600978002291705615e-01 7.960859999999999603e-01
-6.600729713710880020e-01 -7.163659689295288624e-01 2.261050000000000282e-01
-6.359598649341065280e-02 8.797098131662109965e-01 4.712390000000000745e-01
-5.556563499200767309e-01 -3.698775672685454818e-01 -7.446049999999999613e-01
1.729904449719456561e-01 -2.450352138212142927e-01 9.539560000000000262e-01
-7.328796753968866984e-01 2.996558672780393895e-01 6.108139999999999681e-01
7.169851382480272317e-01 -6.938781337925683523e-01 6.682400000000009166e-02
4.061618321006498222e-01 -1.542303159704728512e-02 9.136710000000000109e-01
3.152223299921904642e-01 3.356393513658590400e-01 8.876829999999999998e-01
6.263268759597405699e-01 -7.516728511357263498e-01 2.066460000000000519e-01
9.705686540477981294e-01 7.480497333630636847e-02 -2.289120000000000044e-01
-1.732598989975037973e-01 3.406037331525803291e-02 9.842870000000000230e-01
-4.156000112523980557e-03 4.337140117428358033e-01 9.010409999999999808e-01
3.903851623937346083e-01 -5.829902425142445832e-01 -7.125459999999999017e-01
-1.244994395963003875e-01 -2.673457966084507031e-01 9.555240000000000400e-01
7.318021908239579210e-01 1.587330413910584270e-01 6.627739999999999743e-01
-3.371649164246409702e-01 -8.689347846112300822e-01 3.623150000000000537e-01
1.847939402022273081e-01 -7.993547413354946674e-01 5.717370000000000507e-01
6.808729742106753857e-01 7.288629723929656024e-01 7.190799999999994419e-02
2.952238841955237003e-01 -1.313369484817884236e-01 9.463580000000000325e-01
1.030729079303115969e-01 5.441185139671224080e-01 8.326529999999999765e-01
-6.606743484985205805e-01 6.560513460599373126e-01 3.648369999999999669e-01
3.212798217629004305e-01 -7.299355950520558522e-01 6.033020000000000049e-01
3.209093846313093024e-01 -4.590651197069477996e-01 8.284179999999999877e-01
-2.875533413851114051e-01 3.353693981526306156e-01 8.971289999999999543e-01
-2.645983333296332285e-01 -1.476536279783886574e-01 9.529879999999999463e-01
-7.895126757155380703e-01 1.459409400562135251e-01 -5.961300000000001598e-01
-3.903995705299756480e-01 2.010042937476972102e-01 8.984349999999999836e-01
-5.510510240815112981e-01 -4.106890179475435332e-01 7.264140000000000041e-01
7.338409717355469652e-01 6.752429739924943330e-01 -7.432600000000003093e-02
-2.260871249683839013e-01 8.716154817805443766e-01 4.349379999999999358e-01
7.829686098654395909e-01 2.898088555951681133e-01 5.504280000000000284e-01
-6.452609683265507767e-01 -5.685189720935283075e-01 5.103179999999999383e-01
6.481387213717334506e-01 4.526198054233335211e-02 7.601759999999999629e-01
-8.666118670410862812e-01 2.668099590649921846e-02 -4.982690000000000174e-01
3.110959730744857765e-01 7.170879379356752681e-01 6.237019999999999786e-01
2.890899828420084305e-01 -8.445629498737244889e-01 4.507110000000000838e-01
-3.200559143713795351e-01 -9.455737470186553750e-01 5.877500000000006330e-02
3.479239779657584686e-01 -9.243809414583807893e-01 1.564250000000000917e-01
3.086798561800137286e-02 9.370515634093392610e-01 3.478240000000001331e-01
2.958669141054318663e-01 9.281467305451918115e-01 2.258460000000000745e-01
-8.506968457688381946e-01 3.912519290661065074e-01 3.510509999999999464e-01
-6.201846172628363574e-01 3.838903820818172913e-02 7.835159999999999902e-01
7.700831669279227798e-01 -4.385360950597578800e-01 4.633120000000000571e-01
4.375614199123121217e-01 -1.850651776005449722e-01 8.799379999999999979e-01
-9.153903041978228572e-01 2.408040800227800871e-01 3.226049999999999196e-01
