-4.012641268352097890e-01 -6.102601928965847300e-01 6.830589999999999717e-01
3.101191842101126972e-01 -6.293613738392705992e-01 7.125519999999999632e-01
-7.341409207487175070e-01 -6.338269315777180779e-01 2.435169999999999835e-01
-8.453060836965470282e-01 5.203990515264285133e-01 1.210059999999999331e-01
6.732029371702737963e-01 -7.290969319537123905e-01 1.233509999999999329e-01
7.273137578534103476e-01 5.908178032973876448e-01 3.492120000000001334e-01
2.475747409249982878e-01 -2.842487025474698115e-01 9.262340000000000018e-01
-6.588960317789911425e-01 4.065180196066327523e-01 6.329289999999999639e-01
-4.415969507929058957e-01 -8.750579024924052263e-01 1.981559999999999433e-01
-1.001000102688358318e-01 -9.948071020530457886e-01 -1.840700000000002057e-02
7.548538566565142771e-01 -5.929998873918836955e-01 2.802619999999999001e-01
1.365327740022720115e-01 4.375502757389652109e-01 8.887680000000000025e-01
-9.274893267039787670e-01 3.386971193045494877e-01 1.582650000000000168e-01
8.563267697022256542e-01 4.964198664944335926e-01 -1.423790000000000611e-01
1.350228586589866386e-01 6.196063514002703165e-01 7.732120000000000104e-01
8.721977769005436754e-01 4.856078757863687700e-01 5.878800000000007631e-02
-5.840732306794707007e-01 -7.473802951775257997e-01 3.166720000000000645e-01
3.152759313176224376e-01 5.125708883372189772e-01 7.986689999999999623e-01
9.757411392107783188e-01 -2.186980312020493367e-01 1.002000000000000460e-02
-7.428919386927494983e-01 -2.137879823571198767e-01 6.343550000000000022e-01
7.657781352068838698e-01 -2.974880525249165020e-01 5.701619999999999466e-01
6.161138065921646367e-01 6.051848100229488825e-01 5.041379999999999750e-01
4.765759783643052083e-01 -8.513819613487856319e-01 2.191439999999999777e-01
-9.716526569593321172e-01 1.388349509845068219e-01 1.913529999999999953e-01
4.646408464191354448e-01 8.649137141142515528e-01 1.898240000000000205e-01
7.137261543451361989e-01 -5.248821135071215505e-01 -4.637819999999998610e-01
4.623269524206257142e-01 -7.759789201418143545e-01 4.290810000000000457e-01
7.675533651170211025e-01 4.358062073084054133e-01 4.700369999999999271e-01
-9.778111587682745964e-02 -2.825463348353370319e-01 9.542570000000000219e-01
-1.986621741804498742e-01 6.161995402634576902e-01 7.621229999999999949e-01
2.862829657524824656e-01 8.176239021891196224e-01 4.995329999999998938e-01
-2.479651396482384362e-01 4.557602566736480010e-01 8.548660000000000148e-01
-5.801298748544786443e-01 8.143038243385124497e-01 1.893700000000004754e-02
4.615539616905864895e-01 8.870989263699537997e-01 -4.840999999999897468e-03
6.365589235901690790e-01 -6.179029258295557492e-01 4.615070000000000006e-01
-8.306510206524372886e-02 1.467619471623708427e-01 9.856780000000000541e-01
-9.826427643111965149e-02 -6.970706794485347080e-02 9.927160000000000428e-01
4.236939116604933608e-01 -9.048308113442148359e-01 4.200799999999996204e-02
-7.968019074411831770e-01 3.341389611854507780e-01 5.034459999999999491e-01
4.011018376833704324e-01 -1.649545219932544993e-01 9.010590000000000543e-01
-2.534929231932483984e-01 9.660617072894162050e-01 4.965999999999989867e-02
8.299237107264598179e-02 4.293164006581010744e-02 9.956249999999999822e-01
6.212621053057375553e-01 5.977001013119091766e-02 7.813200000000000145e-01
-7.817403505978193223e-02 -9.787564389563279121e-01 1.895380000000000120e-01
-2.294779807814368300e-01 7.557959367028077580e-01 6.132800000000000473e-01
8.485065162272289463e-01 4.583732788720688012e-01 2.644439999999999569e-01
7.316997788664460212e-02 -9.874417015763857775e-01 -1.400179999999999758e-01
-1.950739782087168861e-01 -7.180719197857726721e-01 6.680709999999999704e-01
-2.740631370056434424e-01 -9.569864784027128923e-01 9.521699999999996833e-02
2.995468643464287983e-01 6.783396928053244679e-01 6.709150000000000391e-01
8.753298159644956611e-01 -2.740929423727696546e-01 3.983349999999998836e-01
2.446339941298244502e-01 9.240329778271384464e-01 -2.937980000000000591e-01
-7.426794989364706723e-01 -3.282002204868518427e-03 6.696389999999999842e-01
-4.332627239213265313e-01 1.450679075615018132e-01 8.895159999999999734e-01
4.914098395995660229e-01 3.911368723295323147e-01 7.781569999999999876e-01
2.945327372206498207e-01 -4.624855873746895329e-01 8.362760000000000193e-01
-5.586291321990747294e-01 5.891801394289427618e-01 5.837809999999999944e-01
-5.939498047277870507e-02 8.443517224034293722e-01 5.324870000000001546e-01
-9.144000481267759994e-01 -3.254560171294268445e-01 2.407300000000000273e-01
-4.010387640554526345e-01 3.408367994742864671e-01 8.502929999999999655e-01
9.342991603854318150e-01 -7.657301314482160837e-02 3.481690000000000618e-01
-6.895285342400125916e-02 3.553332446530835242e-01 9.321930000000000494e-01
-6.113790770191211976e-01 -1.365990172082047482e-01 7.794590000000000130e-01
6.076767521727374222e-01 -7.341187006062394049e-01 3.029830000000000578e-01
9.544319365090135898e-01 1.220649918799587147e-01 2.723230000000000928e-01
1.280359849506668701e-01 -5.668639333708862527e-01 8.138009999999999966e-01
1.112539461862626089e-01 8.975265658647570977e-01 4.266949999999999910e-01
1.262779843439542637e-01 7.801399032776287212e-01 6.127280000000000504e-01
3.042119748395652468e-01 -7.729539360713623131e-01 5.567739999999999911e-01
-3.564098870955541287e-02 7.120377744388323160e-01 7.012359999999999705e-01
-8.480401720239739705e-01 1.252120253991151899e-01 5.149270000000001346e-01
-2.693852404004932755e-01 3.925774357204535325e-02 9.622319999999999762e-01
9.128801859216492121e-01 -4.055130825887803270e-01 4.699899999999994360e-02
-4.170079303272107296e-01 7.370928768481053162e-01 5.317880000000000384e-01
-9.267188397754754225e-01 -1.543289733173801859e-01 3.426000000000001267e-01
6.443069535606905651e-01 4.340049687184952543e-01 6.296890000000000542e-01
1.096940468549987280e-01 9.675924132999252913e-01 2.274470000000000380e-01
8.806913482756073552e-01 2.846371125617543907e-01 3.786350000000000549e-01
-4.339796740969561473e-01 8.290323774266598056e-01 3.526570000000000538e-01
4.792571487246600759e-01 -5.020351557932064557e-01 7.199119999999999964e-01
-1.169730480330690436e-01 9.516623907845962460e-01 -2.839999999999999192e-01
-2.693049609730434613e-01 -3.711699462110417125e-01 8.886549999999999727e-01
6.228677462401455145e-01 -3.151978715865983993e-01 7.160210000000000186e-01
-2.558169559005362692e-01 9.330848391485004889e-01 2.528050000000001130e-01
2.460752970175922039e-01 -6.130507399639740368e-02 9.673100000000000032e-01
7.219999512168606692e-01 -1.219339917613250501e-01 6.810640000000000027e-01
8.446918128473043241e-01 -1.018779774275803129e-01 5.254680000000000462e-01
-2.010179181265140114e-01 -8.520406529685553565e-01 4.833410000000000206e-01
3.109182541939210509e-01 3.297782696130905911e-01 8.913900000000000157e-01
-7.217613730259837546e-01 -4.117992128290763332e-01 5.563109999999999999e-01
-4.894693210155482976e-01 4.653513544716273431e-01 7.374739999999999629e-01
4.822139692181222070e-01 5.584039643545736231e-01 6.750220000000000109e-01
7.278891038331190000e-01 -6.810780971555456809e-01 -7.943600000000010375e-02
-4.339925918432082086e-01 -4.415985846900038481e-01 7.852649999999999908e-01
-9.021030501518096933e-01 2.487650138299228042e-01 3.525989999999999402e-01
2.770781368414163559e-01 -9.460454672263322040e-01 1.680049999999999599e-01
9.469705245728384790e-01 3.183818401561921974e-01 -4.335699999999997889e-02
-6.144010756936904016e-01 -7.800460961010163841e-01 1.184880000000000794e-01
1.368930706122336027e-01 -7.308593769921503114e-01 6.686590000000000034e-01
7.574628909615285233e-01 6.515189062124012720e-01 -4.210799999999995796e-02
-4.494481433403191839e-01 -5.595889334091499329e-02 8.915520000000000111e-01
4.318519596893734547e-01 -8.874009171667831541e-01 -1.613179999999999337e-01
-6.842581026233164332e-01 -5.814910872105770734e-01 4.400669999999999860e-01
7.660404801108596784e-01 7.352895009806446891e-02 6.385729999999999462e-01
8.124383322355017700e-01 -5.769692359436476847e-01 8.396700000000005548e-02
1.072680130545771021e-01 2.503100304628704253e-01 9.622049999999999770e-01
-3.745701390172382489e-02 -6.525422421832673958e-01 7.568259999999999987e-01
8.577216416023179801e-02 -3.900667465527793420e-01 9.167830000000000146e-01
-7.346601291080250284e-01 6.189121087666485943e-01 2.778890000000001081e-01
4.592449891239577253e-01 8.029889809832608805e-01 3.798720000000000430e-01
4.805891027649986103e-01 -6.506671391330083321e-01 5.879339999999999566e-01
7.756991816915724813e-01 -4.561441068423714440e-01 4.361459999999999226e-01
6.131289269485309390e-01 7.342129125219352126e-01 2.915549999999999531e-01
-3.700606300362234424e-02 5.334289081742494831e-01 8.450349999999999806e-01
-8.141472112890277835e-01 -4.631631202009711124e-01 3.502060000000000173e-01
5.728393802384887934e-01 -1.361798526654517949e-01 8.082759999999999945e-01
9.865551441703805935e-01 -4.956300724289733339e-02 1.557319999999999538e-01
-6.017718261580875527e-01 6.827998027504464384e-02 7.957440000000000069e-01
8.794433470759019933e-01 9.597803787812389520e-02 4.662269999999999470e-01
-4.331298272214327560e-02 -9.193016332840442395e-01 3.911630000000000384e-01
-3.538088657082831823e-01 -7.516997146848055644e-01 5.565670000000000339e-01
4.571309065608409328e-01 7.049788558998515420e-01 5.422510000000000385e-01
9.464528801801992408e-01 -2.463119688171998278e-01 2.087040000000000006e-01
-4.501823738650582718e-01 -2.540706466265257313e-01 8.560280000000000111e-01
6.251370708558483535e-01 7.757870879311991041e-01 8.577900000000009129e-02
4.791709275679169600e-01 2.116229680108046851e-01 8.518280000000000296e-01
4.543570900838974636e-01 -3.368150667792240149e-01 8.246909999999999519e-01
-8.515938650788399400e-01 -7.946498741006875755e-02 5.181440000000000490e-01
2.872489775259965405e-01 9.518339255296953683e-01 1.072390000000000010e-01
-8.378729207120571010e-01 4.427879580989607100e-01 3.192299999999999027e-01
9.870224870896611158e-01 1.475039233489729984e-01 6.347599999999996301e-02
-9.787460856655227914e-01 -1.305710114283306078e-01 1.581369999999999443e-01
9.014102303612969713e-02 -9.931472538052954491e-01 7.438500000000002055e-02
2.796843863219902193e-01 1.414361953627558677e-01 9.496170000000000444e-01
3.074080261758908028e-01 -8.811630750313149685e-01 3.592379999999999463e-01
4.440335637815611691e-01 2.753397295063329808e-02 8.955870000000000219e-01
-2.775371103133230100e-01 -1.698520675114977008e-01 9.455810000000000048e-01
6.463303566336634498e-01 2.508341384058427326e-01 7.206519999999999593e-01
6.423900116265691684e-01 -4.771840086365179423e-01 5.996920000000000028e-01
-5.969960257073434473e-01 7.707740331904265885e-01 2.224929999999999963e-01
-9.373536909132907935e-01 3.566298824034542375e-02 3.465489999999999404e-01
-9.358532212829213659e-01 -3.087820730116619949e-01 -1.698010000000000630e-01
8.401185348321498214e-01 2.894628397264180641e-01 -4.587069999999998648e-01
-3.768433016222995646e-01 6.115704894960225513e-01 6.956799999999999651e-01
-4.058658608662887302e-01 -8.295157156360970507e-01 3.836360000000000325e-01
7.535237913985899649e-02 -1.784468978658997340e-01 9.810600000000000431e-01
-5.898697684580600509e-01 6.946897273130175909e-01 4.116549999999998821e-01
-7.264727108242055031e-01 2.017881974416008695e-01 6.569009999999999572e-01
9.987777328682828637e-01 -2.146699425846727502e-02 -4.452199999999997826e-02
-6.024209809559986084e-01 -3.359799893788502634e-01 7.240210000000000257e-01
-2.509441139466882520e-01 8.612093910510448813e-01 4.419790000000000663e-01
-7.212100662706545651e-02 9.365010860533471426e-01 3.431679999999999731e-01
-5.307077734035148264e-01 -6.809247092653368805e-01 5.046690000000001453e-01
-2.457898767458955025e-01 2.488448752139320874e-01 9.368370000000000308e-01
8.686397947987533064e-01 -4.296998984907721142e-01 2.466230000000000921e-01
-5.746167803679133046e-01 -5.208318009258009473e-01 6.313079999999999803e-01
-2.890670394529573639e-01 -9.063241236985266625e-01 -3.082480000000000775e-01
-2.427334210133818282e-01 -5.572209664820054753e-01 7.940939999999999666e-01
-7.592467604162781436e-01 -6.321548005207164866e-01 -1.546759999999999247e-01
-5.766968180038540837e-01 2.688169151657490707e-01 7.714649999999999563e-01
1.397920631039671069e-01 -8.649123904327746803e-01 4.820630000000000748e-01
-2.721099276127957392e-02 -8.093767846880373096e-01 5.866590000000000416e-01
7.812192299393807549e-01 2.611960768788860188e-01 5.669859999999999900e-01
-7.968781624536544483e-02 -4.815668895398072524e-01 8.727789999999999715e-01
