-1.156828538371266479e-01 -4.635134143604669466e-01 8.785060000000000091e-01
8.716505694349293565e-01 -2.666958682615151455e-01 4.112159999999999149e-01
5.362005249133524991e-03 -6.878426733633994372e-01 7.258400000000000407e-01
7.991289386997041388e-01 5.845759551578260105e-01 -1.402279999999999638e-01
-6.497359535974176481e-01 -7.586009458225414503e-01 -4.866000000000005044e-02
4.318798210318477437e-01 -8.961636286356968739e-01 1.018359999999999266e-01
-0.000000000000000000e+00 -0.000000000000000000e+00 1.000000000000000000e+00
-9.132776895919587634e-01 1.119699619432545645e-01 3.916459999999999941e-01
1.078959439071134480e-01 7.465406118888596732e-01 6.565330000000000332e-01
2.344672790050142952e-01 -5.218366209609908157e-01 8.201899999999999746e-01
-6.865730874062516698e-01 -3.033200386150698424e-01 6.607680000000000220e-01
3.357919872854759902e-01 -9.196659651775043187e-01 -2.036130000000000440e-01
-6.748531101194132908e-01 6.203531012263538980e-01 3.996690000000000520e-01
-3.464461440580752782e-01 -8.361993477056122170e-01 4.251419999999999089e-01
7.259590562235669342e-01 2.242160173649245247e-01 6.501620000000000177e-01
-1.329220065958210961e-01 8.589980426249762546e-01 4.944230000000000014e-01
-8.786728857183471186e-01 4.445059421868199911e-01 -1.742080000000000295e-01
4.255529607537987258e-01 -2.930429729744014056e-01 8.561720000000000441e-01
-9.349857974042683484e-01 -3.194369307833778704e-01 1.541480000000000627e-01
-4.945801310305877191e-02 -8.678132299123456628e-01 4.944230000000000014e-01
8.238219451230694990e-01 3.888029741008188767e-01 4.124920000000001363e-01
-8.579500908279328319e-01 3.965560419818892068e-01 3.265959999999999974e-01
1.922240736586770526e-01 8.946353428168728472e-01 4.033329999999999971e-01
2.613198459680413088e-01 -7.666605481008130774e-01 5.864669999999999606e-01
4.468308418785505998e-01 8.623376948418209897e-01 2.381510000000000848e-01
7.845050657266390282e-01 -7.000800586534253189e-02 6.161579999999999835e-01
-1.273140454948810674e-01 -9.667383454579254742e-01 2.218289999999999984e-01
9.915930601426318214e-01 2.583600156701896730e-02 -1.267900000000000138e-01
-4.467898627806156375e-02 9.715227016231606783e-01 2.326959999999999584e-01
3.028955611909296408e-01 -6.728968036176540164e-03 9.529999999999999583e-01
4.153817383989957257e-01 7.325685386396473264e-01 5.392599999999999616e-01
9.121751879216493109e-01 9.056001865671012285e-02 3.996690000000000520e-01
-5.298591392920946053e-01 5.368101411194098338e-01 6.565699999999999870e-01
5.983625978850620752e-01 5.027285023272893838e-01 6.238799999999999901e-01
-4.266970894664749991e-01 7.774611630119147021e-01 4.620429999999999260e-01
-6.855480245978212706e-01 7.108070255041273322e-01 -1.574079999999999091e-01
-8.101190736065770892e-01 5.791640526222439078e-01 9.097299999999990117e-02
-2.085599155191267817e-01 9.211576268688517199e-01 -3.285900000000000487e-01
5.961909493585189068e-01 -7.887239330044372165e-01 -1.499030000000000917e-01
-5.297661181688542165e-01 -1.122420250365416261e-01 8.406839999999999868e-01
6.649237806644691107e-01 -3.373238887284281673e-01 6.663999999999999924e-01
-7.578052070121534811e-01 7.565002066556585254e-03 6.524370000000000447e-01
4.848862605431754624e-01 2.730055836635136846e-01 8.308750000000000302e-01
-6.036689399394292721e-01 -7.356009268131774581e-01 3.073679999999999746e-01
-8.853089661844865121e-01 -1.807809930948376109e-01 4.284230000000000538e-01
-2.879768968768153803e-01 -6.734637588357669236e-01 6.808199999999999807e-01
4.974028179085816515e-01 -7.750867162528347620e-01 3.896549999999999736e-01
3.210979563877283116e-01 5.416499264318462847e-01 7.768599999999999950e-01
1.152876711779559082e-01 -2.735522197778032516e-01 9.549229999999999663e-01
-2.326115129004885929e-01 -2.011554435409237118e-01 9.515400000000000524e-01
-9.587788471653000411e-01 2.743749562631004890e-01 7.390199999999991221e-02
-7.795351414031956860e-01 -4.668710846877324738e-01 4.175599999999999867e-01
4.910417413114971374e-01 -5.769396960591052226e-01 6.527009999999999756e-01
-5.622424243234961372e-01 2.128911606686326452e-01 7.991000000000000325e-01
9.662530001741611585e-01 2.199060000396366732e-01 1.341509999999999370e-01
7.177260404784300274e-01 -5.478460308975096060e-01 4.298069999999999391e-01
-4.274491622370473198e-01 -8.966923403368886047e-01 1.150220000000001103e-01
2.077460307179649357e-01 9.753871442237336264e-01 7.390199999999991221e-02
6.640700042251798108e-01 6.588270041918209419e-01 3.534940000000000859e-01
5.715078518011215136e-01 -2.582903849676586663e-02 8.201899999999999746e-01
2.078405686223163962e-01 2.863977835437142017e-01 9.352960000000000163e-01
-5.556779102505654544e-01 -5.948279039273162150e-01 5.808630000000000182e-01
-7.409827167973394024e-01 3.219198769626286927e-01 5.893319999999999670e-01
8.507885740209427672e-01 5.060607466217972306e-01 1.416380000000000694e-01
-3.221461162330146455e-01 9.048231352029557917e-02 9.423559999999999715e-01
-8.855031525675910453e-02 2.813020014911530309e-01 9.555249999999999577e-01
6.787001818388668437e-03 5.389381443935074012e-01 8.423180000000000112e-01
-4.242476244463497248e-01 -4.114126358081736101e-01 8.066929999999999934e-01
-2.359071088836537933e-01 6.700573092670177866e-01 7.038259999999999517e-01
-9.795641258273299901e-01 1.037650133288614412e-01 -1.722990000000000632e-01
-3.313160021157898760e-01 4.161630026576244590e-01 8.467810000000000059e-01
-1.290650225272335361e-01 9.902941728476668537e-01 -5.157200000000006224e-02
