-2.363023910955636409e-01 -3.970106570780175814e-01 8.868730000000000224e-01
6.636189910996864727e-01 6.197349916882491927e-01 4.189729999999999288e-01
-6.837252164303981861e-01 -3.548661123314048038e-01 6.376439999999999886e-01
6.836109359214077585e-01 -5.792919456997973615e-01 4.439559999999999618e-01
-4.671601337551577887e-02 -9.783892801279553408e-01 -2.014250000000001040e-01
-8.603126963855939335e-01 -5.087338204618885307e-01 3.243400000000003225e-02
9.079623186682258540e-01 -1.909248567306498778e-01 3.730309999999999460e-01
-1.560140154198175200e-01 -7.411690732542642879e-01 6.529380000000000184e-01
-2.144690069744617233e-01 -8.565900278560265590e-01 4.693150000000000377e-01
-9.962382289346729536e-01 -1.483200340838154371e-02 8.537799999999994005e-02
8.032431427222774811e-01 4.362650775166846961e-01 4.055529999999998858e-01
-2.432201557701029748e-01 8.677675557608540702e-01 4.333859999999998824e-01
-5.794762675249716111e-01 5.616732593059131640e-01 5.905340000000000034e-01
-3.563632824211181993e-01 6.087674824537250284e-01 7.088069999999999649e-01
-2.965210683385969825e-01 9.443192176352956935e-01 -1.426060000000000383e-01
-5.608467454840708744e-01 -5.555927478683696519e-01 6.138139999999999707e-01
-5.793001142970340966e-01 2.205270435104126903e-01 7.847159999999999691e-01
3.842686565952260769e-01 2.301427943310418167e-01 8.940759999999999819e-01
1.387487059531568312e-01 2.275025178593073627e-01 9.638419999999999765e-01
-8.487895030874025304e-01 -2.742178394627897142e-01 4.520630000000001036e-01
1.455838779845930742e-01 -1.824188471128110611e-01 9.723829999999999973e-01
8.107278363234149410e-01 -5.408438908098658349e-01 2.240720000000000489e-01
-4.036050062802168381e-01 -7.296560113536694203e-01 5.520009999999999639e-01
-8.757582226080781185e-01 -4.073721035494943243e-01 2.590279999999999250e-01
2.086799355005274428e-02 -8.836017268935111302e-01 4.677740000000001341e-01
4.656651430744922493e-01 7.690592362915958935e-01 4.378399999999998959e-01
7.621494625586583416e-02 -7.528904690877786798e-01 6.537180000000000213e-01
2.683060501028390887e-01 7.839221463877729112e-01 5.598910000000000275e-01
4.461871416545590829e-01 -8.494862696931213542e-01 2.815849999999999187e-01
-5.131740664140438390e-01 -8.578291110186657686e-01 -2.795699999999999227e-02
2.563340840170426072e-01 -3.826881254313279079e-01 8.876049999999999773e-01
3.139398456804139981e-01 6.181606961382758447e-01 7.206380000000000008e-01
4.814628082580422741e-01 -3.807038483851713506e-01 7.894670000000000298e-01
-7.531749233344799954e-01 -6.164599372506702757e-01 2.295749999999999180e-01
-9.118680057116016480e-01 -3.754150023514596368e-01 -1.660130000000001049e-01
-7.363161068111058194e-01 6.760160980638969530e-01 -2.899700000000005398e-02
-9.501805322400658227e-01 -1.494069264491621474e-01 2.735589999999998856e-01
3.911037083376057155e-01 -1.797788659313798998e-01 9.026170000000000027e-01
5.282206003677603068e-01 -5.699715687805162467e-01 6.293769999999999643e-01
7.778121650799049158e-01 2.384000505971228812e-01 5.815270000000000161e-01
-7.587665857099865629e-01 4.913237317350035438e-01 4.276380000000001291e-01
-9.483500575508639618e-02 -9.941160603281855579e-01 5.234100000000009578e-02
-6.090830031748662998e-01 7.782070040564307289e-01 1.530090000000000894e-01
8.890268911111037786e-01 -3.883949524290006283e-01 -2.424470000000000236e-01
-5.721738736239705414e-01 -2.068399543152642794e-01 7.936210000000000209e-01
6.751599405629816752e-01 -3.872089659124527961e-01 6.278759999999999897e-01
-8.577696808061735512e-01 2.643679016232399759e-01 4.408409999999999829e-01
4.174361238586749012e-01 8.748712595855718810e-01 2.456569999999999587e-01
-4.646923079772827259e-01 -4.057722689277153960e-01 7.870260000000000034e-01
-5.829179117412643940e-01 -7.910248802320970496e-01 1.857050000000000922e-01
-4.552523385157665192e-01 1.095998407508088843e-02 8.902949999999999475e-01
-2.540001890528362596e-04 4.240473156192643422e-01 9.056400000000000006e-01
-8.923651004248488450e-01 -5.476000616257428733e-03 4.512809999999999877e-01
4.679617522377236827e-01 4.290807728232521323e-01 7.725940000000000030e-01
3.363709703600720746e-01 5.902599479881922573e-01 -7.337900000000000533e-01
2.647889482472359779e-01 9.587948126044084640e-01 1.029529999999999612e-01
-9.548212871110109967e-01 1.289220387663508050e-01 2.677599999999998870e-01
-5.974497883083466077e-01 -6.903577553886911522e-01 4.079949999999999966e-01
9.819246417162516005e-01 1.519019445741599805e-01 1.129149999999999043e-01
5.062897675064309544e-02 7.815816410895171096e-01 6.217449999999999921e-01
-1.901150621217960746e-01 9.539033116964348302e-01 2.322170000000001178e-01
-9.559606693476844219e-01 -2.838709018133548923e-01 7.454200000000008042e-02
9.528779871884138775e-01 2.219199970162526875e-02 3.025409999999999489e-01
-9.237561555414204317e-01 3.375810568416641178e-01 -1.808690000000000853e-01
-1.266459162467337696e-01 6.061415991474478071e-01 7.852090000000000458e-01
-3.604122634209727116e-01 2.261605377928947447e-01 9.049610000000000154e-01
5.084970764421745670e-01 6.129710921477140584e-01 6.047289999999999610e-01
1.195660758282721114e-01 -5.791153672723837742e-01 8.064299999999999802e-01
3.465529702422212033e-01 9.300419201392451374e-01 -1.221599999999999769e-01
2.457890852687055483e-01 -8.811833056985208801e-01 4.038610000000000255e-01
-6.956126129570230354e-01 3.581298007344582146e-01 6.227890000000000370e-01
6.614457798506251374e-01 4.353028551179032868e-01 6.107380000000000031e-01
7.734587164573124562e-01 -6.000437800295963520e-01 -2.042279999999999096e-01
2.160080350190200227e-01 9.049371467075610909e-01 3.666459999999999719e-01
-8.768103058996462584e-01 4.806911677024747198e-01 1.181900000000003434e-02
6.235010746307820817e-01 7.494620897078516641e-01 2.226050000000000528e-01
-4.387600919319500914e-01 8.475931775933940315e-01 2.984550000000000258e-01
-8.912999024616152441e-03 9.025189012338673544e-01 4.305579999999999408e-01
2.938912186775608504e-01 -7.505505584670616459e-01 5.918630000000000280e-01
8.550325501585004373e-01 2.504901611743218584e-02 5.179690000000000127e-01
-4.104792082704544209e-01 -8.485794305553611139e-01 3.337960000000000371e-01
3.338639896599566170e-01 -5.768109821356874889e-01 7.455359999999999765e-01
-3.533037861097118593e-01 -2.001638788206879238e-01 9.138439999999999896e-01
1.279459404946078072e-01 -9.917205387683317719e-01 -1.096399999999998764e-02
7.849202675122189943e-01 -1.879260640479300803e-01 5.904099999999999904e-01
-9.649408609222330790e-01 2.547149632877104830e-01 6.331999999999989026e-02
7.915302481424546510e-02 -9.670523031681148574e-01 2.419600000000000917e-01
2.280581548808383319e-01 -1.648186665239839005e-02 -9.735080000000000400e-01
-7.422699483939525500e-01 -4.981009653697121009e-01 4.482529999999999570e-01
-4.785017870559251651e-01 4.224828119856309239e-01 7.697690000000000365e-01
-1.583839269194759758e-01 -9.492105620211809258e-01 2.718710000000000293e-01
-5.414552339042901785e-01 8.383433621575651085e-01 -6.329799999999995153e-02
-7.786587132784017484e-01 1.329709510367725889e-01 6.131959999999999633e-01
6.099820334942867017e-01 -1.831590100573132762e-01 7.709570000000000034e-01
7.054754985078006690e-01 2.651898114879650686e-02 7.082380000000000342e-01
6.479751339460496640e-01 -7.183481484931932837e-01 2.531880000000000797e-01
2.730095333477415287e-01 2.459013810958273621e-02 9.616970000000000240e-01
-7.920985969137193106e-01 -5.764217066682320034e-01 -2.007929999999999160e-01
-1.810789872036372150e-01 7.621049461441022910e-01 6.216159999999999464e-01
5.083643651251315010e-01 2.641001896860266374e-02 8.607369999999999743e-01
-3.774370115217075550e-01 9.222570281529777203e-01 8.356600000000002915e-02
9.008368251659909509e-01 2.364429541112569588e-01 3.641260000000000052e-01
-6.516729531778219231e-01 4.937999645208680961e-03 7.584840000000000471e-01
8.170525489915286821e-01 -3.919897836238154798e-01 4.228110000000000479e-01
9.863624818263099225e-01 -1.142630558161401855e-01 1.184609999999999830e-01
7.133598493013064701e-01 7.007978519550535079e-01 3.100000000000662447e-04
-1.166823338815233813e-01 2.275897007312958353e-01 9.667409999999999615e-01
1.975005010644309209e-02 2.116033931185607939e-02 9.995810000000000528e-01
6.204059986825551931e-01 -6.864559985422965527e-01 -3.793079999999999230e-01
4.280790915155266996e-01 -7.381541578039382268e-01 -5.214180000000000481e-01
9.964191812260395076e-02 6.158564939406324656e-01 7.815320000000000045e-01
-1.097056279537320794e-01 -1.908990927041753216e-01 9.754599999999999937e-01
-1.069219894153550232e-01 -5.768009429001158539e-01 8.098570000000000491e-01
-7.742207108137391103e-01 -1.331939502495089467e-01 6.187420000000000142e-01
-2.500156602485297808e-01 4.255014217772860041e-01 8.697359999999999536e-01
2.428229870583738792e-01 4.276469772078937970e-01 8.707209999999999672e-01
1.324802003984479511e-02 -3.857385834940857960e-01 9.225130000000000274e-01
4.907298170920637581e-01 -7.342147263388209000e-01 4.691620000000000235e-01
6.030049910519558187e-01 2.353289965079323198e-01 7.622370000000000534e-01
