8.050548211046567593e-01 5.919468684604632935e-01 3.854400000000009208e-02
4.003322068708660697e-01 6.525553372066633662e-01 6.433550000000000102e-01
-4.154037781487749381e-01 7.592685945037654927e-01 5.009499999999998954e-01
8.081728821350830927e-01 -2.032749703541308905e-01 -5.527530000000001609e-01
-5.015682197864049785e-01 -1.717210752479049751e-01 -8.479039999999999910e-01
-8.592385433807122608e-01 5.106587286241094370e-01 -3.060700000000010634e-02
-8.104191105085944979e-01 4.958930676198836651e-01 -3.119470000000000298e-01
7.123791995262191978e-01 -6.862241922006124817e-01 1.470109999999998918e-01
-6.149500652811721313e-01 -6.390240678367926641e-01 4.620440000000001213e-01
-2.958120805571103351e-01 -9.218932510548462078e-01 2.502160000000000495e-01
-6.387949745866879914e-01 -4.393589825208912836e-01 6.315889999999999560e-01
-7.598284610884836754e-01 -2.581198169274398838e-02 6.496110000000000495e-01
-7.342649632868453180e-01 -6.437059678147839525e-01 2.156329999999999913e-01
7.106463944032123115e-01 -2.048541136924371120e-01 6.730650000000000244e-01
-6.309580995278570859e-01 6.506731026377183813e-01 -4.225120000000001097e-01
-7.927084125708837581e-01 -4.906992553880120678e-01 -3.617010000000000502e-01
9.072295956067856215e-01 3.910328256990048823e-01 1.550090000000001189e-01
-3.862224603183145311e-01 1.615587742484694278e-01 9.081470000000000375e-01
2.798917631126595085e-01 -4.884175866261235566e-01 8.265040000000000164e-01
4.468400244674927690e-02 8.998450492725617034e-01 4.339150000000000507e-01
-2.020118596123039456e-01 4.657256763449689752e-01 8.615629999999999677e-01
1.460889329537666814e-01 7.575156523448408619e-01 6.362609999999999655e-01
-7.567012878928244257e-01 4.451241693509135899e-01 4.788189999999999946e-01
5.474108780289468346e-01 7.097848418496814915e-01 4.433360000000000634e-01
-2.054349172121369971e-01 -5.099627944909731481e-01 8.353049999999999642e-01
-1.954009615696498114e-01 -7.149958593786793770e-01 6.712669999999999471e-01
-8.464599546947025877e-01 -2.657289857773178499e-01 -4.614040000000000918e-01
-1.746456161828590925e-01 -1.915595790111910765e-02 9.844450000000000145e-01
-9.288706418497308936e-01 -2.290519116830697366e-01 2.910920000000000729e-01
3.934211515415019234e-01 -7.847963022949067113e-01 4.788680000000000159e-01
-1.560750607004465218e-01 -8.726403393857928847e-01 4.627520000000001077e-01
6.874025511164409963e-01 4.277303429274795926e-02 7.250159999999999938e-01
5.114687784392056846e-01 -1.104189521681248759e-01 8.521779999999999911e-01
-7.986950165931496759e-01 -4.590350095366021455e-01 3.890669999999999962e-01
-7.081226234926737417e-01 6.951246304036801105e-01 1.239519999999999511e-01
-3.193048674936674880e-01 9.333366126804688578e-01 -1.640949999999999631e-01
-5.561040042477700673e-01 5.562330042487555470e-01 6.175380000000000313e-01
2.539859633298111041e-01 -6.957878995429770397e-01 6.718410000000000215e-01
5.188306194214466899e-02 4.012294790198093764e-01 9.145069999999999588e-01
-2.339670398363929704e-01 8.996621531809569916e-01 3.686019999999999852e-01
-6.399436514264708054e-01 3.077768323557762975e-01 7.040920000000000512e-01
-4.319869671009559653e-01 -5.950759546805077793e-01 6.776959999999999651e-01
2.251960799986020001e-01 9.480583367880183188e-01 2.246599999999999431e-01
4.869870598208912993e-01 -5.848260718393150093e-01 6.487079999999999513e-01
-3.149351493487173026e-01 6.362123017049426954e-01 7.043080000000000451e-01
5.371599590068824870e-02 -8.118649380428971662e-01 5.813690000000000246e-01
1.916460611409172010e-01 -9.028782880456102111e-01 3.848150000000001292e-01
-6.492269477189887006e-01 6.583819469817542291e-01 3.808380000000000654e-01
-8.043255257650782086e-01 -2.530638507921089131e-01 5.376049999999998885e-01
9.436834982283429651e-01 -7.444203930251397372e-02 3.223660000000000414e-01
2.992699903280262447e-02 -6.179329800292994168e-01 7.856610000000000538e-01
5.312419269242074638e-01 -8.472178834596534314e-01 -1.968000000000088602e-03
-4.931491276096448551e-01 8.294722146382277339e-01 2.622589999999999644e-01
2.319791046440960458e-01 5.477882471033159728e-01 8.038119999999999710e-01
-4.273819420086609755e-01 -3.738059492783729065e-01 8.231730000000000436e-01
-9.560892472719130231e-01 2.838200734039555972e-01 7.307200000000002582e-02
-6.163592184512449723e-01 -2.102690745239785275e-01 7.588730000000000198e-01
2.857198397862523720e-01 2.932418355683893973e-01 9.123449999999999616e-01
-9.048427003279562175e-01 -1.111199631985256356e-02 4.256009999999999516e-01
9.535189121067829676e-01 1.655779847373958225e-01 2.517649999999999055e-01
-9.801458011600002740e-01 -1.970649600218696562e-01 2.189999999999990565e-02
8.457377906884324670e-01 1.708899577064601494e-02 5.333250000000000490e-01
1.071379511209617774e-01 -9.930255469566745541e-01 4.921099999999995617e-02
9.828053308460361626e-01 -2.558200861178290542e-02 -1.828639999999999155e-01
7.757861950297675890e-02 1.277396666467089936e-01 9.887690000000000090e-01
-3.924699622535856441e-02 9.787519058670008931e-01 2.012569999999999637e-01
-2.209899426435632183e-02 -9.635967499050129836e-01 2.664450000000000429e-01
5.304938937105314611e-01 8.084248380244383192e-01 -2.550009999999999777e-01
-3.974999300868032881e-01 -7.789978629880741634e-01 4.849290000000000544e-01
-5.904891046249546305e-01 7.288188948716479987e-02 8.037480000000000180e-01
-8.946283589492979305e-01 -4.264801711154766473e-01 1.332469999999999766e-01
4.421895340265875191e-02 -3.914765874672118673e-01 9.191249999999999698e-01
-9.119897506192162773e-01 2.538959305729411864e-01 3.221979999999999289e-01
-1.541817966293038689e-01 2.368746875547491915e-01 9.592279999999999696e-01
6.070517877319003830e-02 -1.384371272062342728e-01 9.885089999999999710e-01
-1.504520135528624458e-01 -9.883760890338704197e-01 2.183799999999999977e-02
6.881313022413908520e-01 6.852693009843411343e-01 2.384979999999999878e-01
-3.065700704224242346e-01 9.445812169804086444e-01 1.173930000000000806e-01
-1.929986733832154966e-01 -2.731745376994693664e-01 9.424050000000000482e-01
9.959830195073795522e-01 -5.440900106565776245e-02 7.111600000000004029e-02
-8.483062323416534767e-01 2.678150733515736182e-01 -4.567839999999999678e-01
-4.123138469737004930e-01 -1.133099579461041700e-01 9.039679999999999938e-01
6.918829732125277854e-01 -4.437449828196286528e-01 5.695510000000000295e-01
4.774179701310000690e-01 4.269969732855204425e-01 7.679489999999999927e-01
-5.168348466483292381e-01 8.160067578801034616e-01 -2.588720000000000465e-01
-2.948902065377065340e-02 6.344234443428785619e-01 7.724229999999999707e-01
-4.355061246430049215e-01 3.963751134436060419e-01 8.082209999999999672e-01
9.339747132135192142e-01 -3.036589067584293256e-01 1.883680000000000077e-01
8.378649206117764203e-01 -4.938859532039979738e-01 -2.325059999999999349e-01
-4.731138466142350008e-01 -8.512937240065159283e-01 -2.268530000000000824e-01
5.128808062656201594e-01 -3.598088640866526911e-01 7.794170000000000265e-01
-6.435572701047895805e-01 -5.116282147333851560e-01 -5.692720000000001113e-01
-1.389629927378009944e-01 7.950809584491089765e-01 5.903690000000000326e-01
3.031104534149012819e-01 1.483197325418680011e-02 9.528400000000000203e-01
-6.213920023800203474e-01 -7.834760030008249831e-01 6.109999999999925387e-03
2.910948775827369439e-01 -2.508078945250556968e-01 9.232329999999999703e-01
3.108170458581272499e-01 8.373771235471069163e-01 4.496580000000000576e-01
-3.997989147496990303e-01 -9.165198045677807048e-01 1.233999999999997078e-02
6.912655934226678012e-01 2.855242451106504986e-01 6.637979999999999992e-01
