-2.496520902598675373e-01 -6.745042438620226788e-01 6.947790000000000354e-01
-6.113086576595960775e-01 1.757479015790028298e-01 7.716309999999999558e-01
-6.755350202425305373e-01 7.371540220889553074e-01 1.601199999999997764e-02
-1.337450441980035654e-01 7.117932352224725090e-01 6.895379999999999843e-01
-9.419411502086155741e-01 2.169160345909689203e-01 2.563089999999999535e-01
-4.373602287930940247e-02 -7.576353963363251509e-01 6.512109999999999843e-01
-7.430687087549679992e-01 -5.080438008727441446e-01 4.355920000000000347e-01
9.701906054578245397e-01 -2.378589032712039864e-01 -4.640399999999997999e-02
6.569919964522807909e-01 -7.310199960525336493e-01 1.843129999999998936e-01
-3.387768845098129700e-01 9.408496792611585890e-01 -5.665999999999964468e-03
6.862884073873054547e-01 3.339601982419400095e-01 6.461259999999999781e-01
2.387778839680969878e-01 9.649625310853877647e-01 1.087769999999999848e-01
-9.571333988803158999e-01 -1.721808918632206920e-01 2.329150000000000109e-01
-4.818620522739137657e-01 -1.790200194206558459e-01 8.577649999999999997e-01
-2.607394816906947188e-01 3.660376762188121691e-01 8.933259999999999534e-01
7.830571649630527764e-01 -4.134280870949944009e-01 4.646490000000000342e-01
-4.166700073776680863e-02 -9.991100176905037822e-01 -6.560000000000018074e-03
3.044187884091816843e-01 -8.460204119608970563e-01 4.376970000000000582e-01
-1.457790259539823441e-01 9.833621750743254397e-01 1.083849999999999397e-01
-3.138499395632472488e-01 8.655458333255068304e-01 3.902930000000000010e-01
-2.930099168357551756e-02 -8.948207460253472245e-01 4.454629999999999979e-01
1.512340549491855424e-01 -9.830233571704319884e-01 1.038909999999999834e-01
-4.080399287870649649e-01 -7.221268739712204399e-01 5.586020000000000429e-01
5.816751510286738425e-01 7.678781993752454849e-01 2.683600000000000985e-01
-2.202130499771856875e-01 -9.699792201360529775e-01 1.031820000000000376e-01
4.233988278666843130e-01 8.837606407060215608e-01 1.992500000000000937e-01
-8.068566744093638166e-01 5.832637646357451411e-01 9.373199999999995424e-02
7.730554587510540809e-01 -2.440031447977613621e-01 5.855320000000000524e-01
7.209996658774765754e-02 9.041225810154536191e-01 4.211460000000000758e-01
-7.256731318645138762e-01 -6.826421240452041905e-01 8.601299999999990897e-02
6.423214937143953973e-01 -4.037916817264910474e-01 6.514410000000000478e-01
-8.689157709932879836e-01 -3.630319043212869023e-01 3.364420000000000188e-01
2.472139350852876893e-01 -1.967421525007979344e-01 9.487769999999999815e-01
-2.833048792328496934e-01 7.729756704960775160e-01 5.676679999999999504e-01
4.188750441271524849e-01 8.112160854590323433e-01 4.080099999999999283e-01
-4.706762014047456977e-01 7.230723094063270517e-01 5.055990000000000206e-01
6.495759442409222428e-01 1.561589865954378653e-01 7.440870000000000539e-01
-1.122561264672987252e-01 -4.144744669452605224e-01 9.031109999999999971e-01
-3.137496409990430113e-01 -8.311516980655059283e-02 9.458609999999999518e-01
-1.411915191923357460e-01 -2.106522826535716653e-01 9.673110000000000319e-01
9.416676562469445955e-01 3.274088804803347852e-01 7.788100000000000578e-02
8.207587127284395878e-01 2.872262494208265293e-01 4.938179999999999792e-01
-4.726529281465355892e-01 -3.894029408023337857e-01 7.905469999999999997e-01
3.668959083899331897e-01 5.407028649921560293e-01 7.569860000000000477e-01
-4.498408027204254811e-01 -5.690847504254908928e-01 6.883209999999999607e-01
1.921697306556187715e-02 6.209141297290612371e-01 7.836429999999999785e-01
-1.876369978013992246e-01 -9.304889890971723698e-01 3.146149999999999780e-01
-6.858032844818724438e-01 -6.641632755052599979e-01 2.975920000000001342e-01
-2.847939254584730961e-01 -5.031018683188860363e-01 8.159539999999999571e-01
-5.274808250511908714e-01 -7.702437445343617295e-01 3.584530000000000216e-01
-1.073730760630436515e-01 8.565726067956876966e-01 5.047319999999999585e-01
1.419769855964699845e-01 -9.309859055517111237e-01 3.363149999999999751e-01
2.063640275962661530e-01 -7.499928316544373719e-04 9.784749999999999837e-01
1.741580622420442204e-01 5.029641797534852854e-01 8.465789999999999704e-01
-5.896490637354779851e-01 -8.055030870672529320e-01 -5.898099999999999177e-02
4.718890979771773742e-01 -8.269931717065660548e-01 3.056189999999999185e-01
9.092271604935696638e-01 1.114340196699398905e-01 4.011089999999999378e-01
2.507588878076740802e-01 9.140735910332703495e-01 3.187310000000000421e-01
3.005308169795291029e-01 -5.569806608039605811e-01 7.742440000000000433e-01
9.549018243053760679e-01 -2.439019551239078321e-01 1.693349999999999300e-01
3.370725587973819604e-01 3.652216054627457908e-01 8.677529999999999966e-01
-6.666067617406482571e-01 7.125207453300196336e-01 2.189740000000000020e-01
8.004821421680958782e-01 -5.883221044878191863e-01 1.144789999999999003e-01
7.353895927506916008e-01 6.666366308251985284e-01 1.216460000000001013e-01
9.276729377065667803e-01 3.504499764672102113e-01 -1.288710000000000133e-01
9.753598705672678060e-01 1.204569840150522542e-01 1.848330000000001083e-01
9.754197692713796608e-02 -4.992138819145012230e-01 8.609710000000000418e-01
-8.579593738699018424e-01 -5.222002275573474524e-03 5.136910000000000087e-01
-6.295332862748280744e-01 -4.978302263839975983e-02 7.753769999999999829e-01
8.139362235712518379e-01 4.470771228027320965e-01 3.709849999999999537e-01
1.311860770765716777e-01 -8.226844833569305626e-01 5.531549999999999523e-01
8.883533749328951235e-01 -2.480701046989240710e-01 3.863799999999999457e-01
-8.966072455519045192e-01 4.068541114242635870e-01 1.748290000000000399e-01
-9.909777415029694669e-01 3.629699053191218217e-02 1.290179999999999383e-01
-2.949635392365146935e-01 1.462672673979696358e-01 9.442469999999999475e-01
6.182714497833671219e-01 -2.273881654215389181e-01 7.523530000000000495e-01
-4.719615392337486726e-01 4.029074603368750784e-01 -7.841670000000000584e-01
6.101146331673836798e-01 -6.962685813671538604e-01 3.781139999999998946e-01
5.014031399067973155e-02 1.273553375085471062e-01 9.905890000000000528e-01
-4.447412528397075293e-02 4.463812574596134342e-01 8.937370000000000037e-01
-3.602400754099613356e-01 6.287941316270575509e-01 6.890899999999999803e-01
3.332491206359555203e-01 -9.218103336947153226e-01 -1.980170000000001096e-01
5.673797230979289452e-01 6.736076712548021428e-01 4.736380000000000590e-01
-5.024401891232318507e-01 8.057673032984218331e-01 3.135169999999999901e-01
2.406150632192896877e-01 8.171472146975581330e-01 5.238079999999999403e-01
4.769311973010905148e-01 1.789930740474284521e-01 8.605220000000000091e-01
-2.042249329522344004e-01 5.511848190440802320e-01 8.090039999999999454e-01
-9.057052598689289136e-01 4.222301211481196415e-01 -3.767900000000007354e-02
7.584109774256124759e-01 -5.672249831163354017e-01 3.210430000000001338e-01
7.944129317051534800e-01 1.167939899593431613e-01 5.960429999999999895e-01
6.907991280316928551e-01 5.009470928447963267e-01 5.213909999999999378e-01
8.507487034462105635e-01 4.942748277057931183e-01 1.786589999999999567e-01
-6.311962315525494471e-01 -2.708430993580238089e-01 7.267980000000000551e-01
2.129241603572730179e-01 6.771425099690242533e-01 7.043730000000000269e-01
-8.199872336479051560e-01 -5.273341502590705998e-01 2.225750000000000228e-01
4.435356372588831753e-01 -2.145578245260620631e-01 8.701959999999999695e-01
-2.187600029454171702e-02 -9.770430131550571495e-01 2.119160000000000210e-01
9.532197632945801358e-01 -6.752298323255906398e-02 2.946400000000000685e-01
2.795888106161285580e-01 -3.832297404133172547e-01 8.803210000000000202e-01
7.129090711953108839e-01 6.211840620351096742e-01 3.254090000000001148e-01
-4.470901710328651357e-01 2.642001010688740936e-01 8.545810000000000350e-01
-8.681724932186376531e-01 1.886628898711521785e-01 4.590020000000000766e-01
-6.239875306559866663e-01 -4.608526533609675901e-01 6.310740000000000238e-01
-1.060906048812974845e-01 2.510260650907000235e-01 9.621490000000000320e-01
6.695293956149073189e-02 -3.122127181651563887e-01 9.476499999999999924e-01
-5.890303143052089130e-01 -6.284503353396407865e-01 5.080289999999998418e-01
7.311659556468763643e-01 -5.834599646068423795e-02 6.796999999999999709e-01
-8.531466120395125863e-01 -5.213047629415075157e-01 1.955000000000004304e-02
-9.447310085579877503e-01 1.487200013472026600e-02 3.275089999999999391e-01
-1.353860558423657656e-01 2.053970504773090094e-02 9.905800000000000161e-01
-8.169300878594877580e-02 -5.973740642465982242e-01 7.977910000000000279e-01
5.078707637039315825e-01 -8.557066018670098639e-01 9.916400000000008541e-02
-3.113983042444591898e-01 -3.054492984321216520e-01 8.998509999999999565e-01
9.143677610460337890e-01 2.898819242444468092e-01 2.826659999999999173e-01
2.790681102528593249e-01 1.859110734488344518e-01 9.421030000000000237e-01
5.647402477791323150e-02 9.743454274929317371e-01 2.178569999999999673e-01
-4.718481781514307083e-01 4.424401670481147020e-02 8.805690000000000461e-01
-3.906907830486910926e-01 -8.962575023065639801e-01 2.099600000000000355e-01
-1.988288444792530030e-01 -8.181583600495964115e-01 5.395219999999999461e-01
-5.978504180990011907e-01 3.762296338073988777e-01 7.078320000000000167e-01
-8.432906566234696921e-01 3.737868477990596294e-01 3.861919999999999797e-01
-9.953411339127112845e-01 5.680800764292188304e-02 -7.790300000000004166e-02
8.630077430766585067e-01 -6.962397927246245788e-02 5.003699999999998704e-01
-3.467598776851934517e-01 -8.458987016207967224e-01 4.052320000000000366e-01
8.744029495973821842e-01 -4.152789760623548654e-01 2.509240000000000359e-01
-1.296270718264104505e-01 9.412585215517097481e-01 3.118159999999999266e-01
-7.606222892793751411e-01 -1.423000541194641699e-01 6.334070000000000533e-01
-4.192225487265307526e-01 4.593156012049138814e-01 7.831230000000000135e-01
3.164989285792204066e-01 -9.231657916794824281e-01 2.181590000000000473e-01
5.242775521023582685e-01 3.622143814380634486e-01 7.706709999999999949e-01
-9.883892220050037869e-01 -1.497680336398375944e-01 2.561799999999992208e-02
-7.494049586745620273e-01 8.727299518738859674e-02 6.563350000000000017e-01
5.758530382587371266e-01 -2.745800182426488129e-02 8.170920000000000405e-01
3.999118159602675915e-01 -1.281702615122552041e-02 9.164639999999999453e-01
5.405707837633033641e-01 5.342407862954005049e-01 6.499000000000000332e-01
-8.812112076355115287e-01 -1.885280444219465112e-01 4.335019999999999984e-01
-4.159371443121494538e-01 -9.093663155106714857e-01 7.013999999999923074e-03
-5.505598149965786892e-01 5.600058118224605641e-01 6.190940000000000332e-01
-5.712657775659645276e-01 -8.067466858766475513e-01 1.510469999999998758e-01
-7.686197424016348867e-01 -3.331118883595187707e-01 5.461319999999999508e-01
-7.481978846686492268e-01 2.874179556958100235e-01 5.979889999999999928e-01
5.164359646215853639e-01 -8.492869418196494768e-01 -1.095700000000000424e-01
5.529001158027836010e-02 7.833981640797050838e-01 6.190560000000000507e-01
-6.374403468466055545e-01 6.456043512888363090e-01 4.205530000000001212e-01
6.400204480368197890e-01 -5.606773924938907028e-01 5.253709999999999214e-01
-7.123589294826903062e-01 4.739829530798289614e-01 5.175760000000000360e-01
3.982230488076861086e-01 6.947230851478244373e-01 5.989809999999999857e-01
4.614828588487716599e-01 -7.225427789998074557e-01 5.147480000000000944e-01
3.281360757183052895e-02 -1.082317056232685593e-01 9.935840000000000227e-01
2.959362186008569484e-01 -7.167755294645777875e-01 6.313910000000000355e-01
4.797694331902120357e-01 -5.736555179612087274e-01 6.638830000000000009e-01
-7.799906173613289084e-01 5.483917309764007042e-01 3.014649999999998720e-01
1.198639052882763678e-01 -6.681664720412444636e-01 7.342929999999999735e-01
1.172198382411777789e-01 3.220755555482474053e-01 9.394289999999999585e-01
