8.009510061515223711e-02 -5.728877196593138432e-01 8.157109999999999639e-01
1.149490195352852739e-01 -1.773430301389841979e-01 9.774129999999999763e-01
2.075640004282848783e-01 -8.199060016917835148e-01 5.335459999999999647e-01
-2.606269509005724738e-01 -8.569558385583649907e-01 4.446350000000000580e-01
7.580497154035212848e-01 6.438237582876547016e-01 1.041710000000000969e-01
3.459381941972889396e-01 -8.609734833196192039e-01 3.728959999999999497e-01
-6.520710989718074835e-01 -5.745750872094083084e-01 4.946380000000000776e-01
-2.973342918722138295e-01 2.672422623329795965e-01 9.166100000000000358e-01
-2.627750915803294673e-01 -1.186744929795338493e-01 9.575310000000000210e-01
8.653524205739030473e-01 -2.513228317182641391e-01 4.335919999999999219e-01
-8.539921505543973668e-01 4.928990868955586691e-01 1.665770000000000028e-01
-3.026175322525310740e-01 -3.239995698598815421e-01 8.963520000000000376e-01
-4.350067823367668174e-01 6.072436961550220502e-01 6.648490000000000233e-01
-6.173390815991631753e-01 5.715590755480152163e-01 5.405670000000000197e-01
-8.724587188627860312e-01 3.395472797701463152e-01 3.514589999999999104e-01
4.859362087897481919e-01 7.678763299295312539e-01 4.174109999999999210e-01
-8.328772871187787308e-01 1.903320656133995203e-01 5.197009999999999685e-01
-7.827568335929920851e-01 -5.510658828483878668e-01 2.891679999999999251e-01
-1.404099080421778063e-02 5.844156172521709491e-01 8.113329999999999709e-01
7.283301874613383464e-02 9.453912433296203233e-01 3.176959999999999229e-01
6.985287926835977990e-01 -6.098478190032292634e-01 3.743569999999999398e-01
-8.707504266443352181e-01 3.701601813685525405e-02 -4.903300000000000991e-01
-4.104449972027880977e-01 6.567899955239300813e-02 9.095170000000000199e-01
-5.973239815751307802e-01 3.877799880386587766e-02 8.010620000000000518e-01
6.422893193076049112e-01 -3.892571935152562279e-01 6.602599999999999580e-01
7.209910531804407663e-01 -6.733700496679062564e-01 -1.635380000000000444e-01
4.396701568515233582e-02 -9.895823530316926187e-01 1.370899999999999619e-01
-3.342599792771904776e-01 9.243789426921257268e-01 1.838309999999999389e-01
3.224580095993263562e-01 6.358570189289732832e-01 7.012180000000000080e-01
9.937813390421309512e-01 1.740200593693295300e-02 1.099810000000000648e-01
-9.599109667682668157e-01 -2.346079918779651607e-01 -1.533950000000000313e-01
1.926130395599957024e-01 -9.809402014712514939e-01 -2.562300000000000341e-02
-8.203091255555599037e-01 5.222130799293259740e-01 -2.332089999999999996e-01
-9.750607816614598189e-01 2.095169530843342121e-01 -7.320599999999992391e-02
2.825409499246275269e-01 -9.439838326956078163e-01 1.704849999999999977e-01
8.808217286510446886e-01 3.288608986899864695e-01 3.405929999999999236e-01
-9.382254198241184451e-01 -1.055949347026492874e-01 -3.295189999999998953e-01
-8.872098088704211127e-01 -2.270119510953349795e-01 4.016519999999999535e-01
4.500120080225378238e-01 8.663240154442928276e-01 2.167299999999999505e-01
-7.892527138108366147e-01 -4.103748511948918098e-01 4.568069999999999631e-01
5.239114656454786356e-01 2.737617207814241893e-01 8.065799999999999637e-01
5.361351339877473698e-01 -7.488661871522441782e-01 3.895619999999999084e-01
-8.966063464058758592e-02 -2.332186507804362985e-01 9.682819999999999760e-01
-1.470670905962346564e-01 -7.819714817098887272e-01 6.057160000000000322e-01
-1.084269921348039178e-01 -9.487669311773040404e-01 2.967909999999999715e-01
7.623449249058538157e-01 3.976159608331738538e-01 5.106190000000000451e-01
3.074204618512937914e-01 -2.610355430494804008e-01 9.150700000000000500e-01
-2.291576765866389920e-01 6.108961378339311521e-01 7.578209999999999669e-01
6.715000484238459189e-01 -7.177820517613774376e-01 1.840560000000000251e-01
0.000000000000000000e+00 -0.000000000000000000e+00 1.000000000000000000e+00
9.530411008089312297e-01 -1.115600118003783336e-01 2.815440000000000165e-01
-2.819120190490665423e-01 7.590340512886617486e-01 5.868499999999999828e-01
-7.022661889127874701e-01 -7.031731891567745141e-01 1.112190000000000401e-01
-4.974808563572227227e-01 -3.581708965816239321e-01 7.900800000000000045e-01
6.107288066812642802e-01 4.413958602815378773e-01 6.574039999999999884e-01
2.838679796010577516e-01 8.890109361150815293e-01 3.592749999999999555e-01
-9.361701110431955852e-01 -3.495110414570201107e-01 3.778300000000010123e-02
3.888980722075716101e-01 9.212611710526144027e-01 6.011999999999993044e-03
-5.073120265400720141e-01 -5.468210286069887793e-01 6.660490000000000022e-01
-1.665149852670209374e-01 -9.840459129331942112e-01 6.266100000000009163e-02
9.661997640030958734e-02 -3.831689064099586539e-01 9.186109999999999554e-01
-4.713053052388086472e-01 7.414734802120391821e-01 4.775860000000000660e-01
8.363056524214883547e-01 1.830929239044172263e-01 5.167880000000000251e-01
-4.649034027028062788e-01 -1.498441297961065344e-01 8.725889999999999480e-01
3.057830515500489232e-01 7.818971318151385352e-01 5.432620000000000227e-01
-9.605694398441516624e-01 -8.942504094767074474e-02 2.632670000000000843e-01
4.089879529441164951e-01 -7.183139173547880008e-01 5.628090000000000037e-01
1.241360378657107993e-01 7.128372174395798400e-01 6.902559999999999807e-01
-3.270071058504050443e-01 -6.882342227776397925e-01 6.476110000000000477e-01
-6.378459576345513193e-01 -7.203759521529450316e-01 -2.724170000000001313e-01
4.283407811017776456e-01 -9.036165382180202377e-01 1.151999999999938663e-03
-6.396426786617132043e-01 -1.784441893295166115e-01 7.476730000000000320e-01
9.568902773135153084e-02 8.517992468573969411e-01 5.150550000000000406e-01
-5.270869165283864621e-01 -8.380828672778115607e-01 1.406999999999999362e-01
-7.562695341157732454e-01 1.139200804561206135e-02 6.541609999999999925e-01
-3.766257236757062365e-01 4.468366721630515626e-01 8.114740000000000286e-01
3.951182074225281227e-01 1.276580670157904385e-01 9.097169999999999979e-01
-6.279839607937087731e-01 6.951539566001516679e-01 3.498530000000000806e-01
-7.432862724729866200e-01 3.884071423818223345e-01 5.446699999999999875e-01
-4.439471284730664435e-01 -8.289642398924809141e-01 3.401899999999999369e-01
-9.464230595323742667e-01 2.891790181900824042e-01 1.437320000000000542e-01
6.550498473443946423e-01 5.948988613622363530e-01 4.658379999999999188e-01
9.084027952056079602e-01 -3.365599241244243145e-01 2.480560000000000820e-01
4.512102385028168294e-01 -9.913805240285511466e-02 8.868939999999999602e-01
-1.166770512914985375e-01 8.773243856738058843e-01 4.654980000000001339e-01
-7.662898436849500117e-01 5.285328921848618799e-01 3.653120000000000256e-01
5.799900487645438113e-02 -7.406500622725560312e-01 6.693829999999999503e-01
7.685745963307824002e-01 -4.318527731831471872e-01 4.720130000000000714e-01
7.478629514646812915e-01 1.192699922595348745e-02 6.637459999999999471e-01
1.337839612629326547e-01 -9.337557296315767141e-01 3.319670000000000676e-01
-9.020522434353910324e-01 -3.577860965551598049e-01 2.414349999999999274e-01
-6.860500465606090836e-01 2.233170151560023575e-01 6.924339999999999939e-01
-8.393937986364692350e-01 -5.377228710047941007e-01 7.919699999999997575e-02
5.933569966958746056e-01 -5.801889967692008820e-01 5.579499999999999460e-01
9.056211151115084457e-01 -4.224260536936467747e-01 3.750500000000007300e-02
-9.396268878753678555e-01 1.323799842032434837e-01 3.155580000000001162e-01
7.835423101721203931e-01 5.369522125572597782e-01 3.126399999999999180e-01
-5.196268743633135623e-01 8.247018006015344183e-01 2.232820000000000082e-01
7.885084128659627378e-01 -6.142213216085880001e-01 3.141099999999993203e-02
-6.131697256107359051e-01 7.897796465790027920e-01 1.646199999999992808e-02
-8.709997962256106965e-03 -8.779047946101544708e-01 4.787560000000000149e-01
-3.093911251564689380e-01 -9.275473752161740304e-01 2.096020000000000938e-01
-1.689099777089579299e-02 -9.951438686709090931e-01 -9.697099999999996001e-02
-5.053330255701100615e-01 2.521825118027782309e-01 8.252530000000000143e-01
2.538877460693168553e-01 -2.166606366744977183e-02 9.669910000000000450e-01
-6.296278830078291255e-01 -7.082518683985800090e-01 3.192929999999999935e-01
9.859430188860331956e-01 1.519800029112223783e-01 -6.941499999999990733e-02
7.029285060315233757e-02 3.849301818889795945e-01 9.202649999999999997e-01
1.528213677301596685e-01 1.700474091807438748e-01 9.735139999999999905e-01
-4.776430248830709768e-01 -7.157410372869156268e-01 5.094820000000001015e-01
-9.919661515603758195e-01 7.389301128995418022e-02 1.026789999999999509e-01
2.348200924823010960e-01 9.596573779545507499e-01 1.546520000000001227e-01
-6.629142009650144107e-01 -3.872531173972865171e-01 6.407650000000000290e-01
-1.559238278345318196e-01 4.338265209843990555e-01 8.874020000000000241e-01
-1.980888529827290745e-01 7.379794522875801621e-02 9.774019999999999930e-01
-8.809016299388578997e-01 -1.738499269667560451e-02 4.729800000000000670e-01
-5.742923966857566009e-01 4.229732921638547638e-01 7.009149999999999547e-01
-5.939497353542770863e-01 -8.017176427792919169e-01 -6.687700000000000589e-02
5.000292331002922364e-01 6.277852926567598635e-01 5.965369999999999839e-01
-1.295649662510295341e-01 -6.282368363574117875e-01 7.671580000000000066e-01
2.972217467410994685e-01 3.222997253724702582e-01 8.987669999999999826e-01
-1.348920541682908647e-01 9.562233839884165532e-01 2.596939999999999249e-01
2.879266883719778791e-01 -4.677934936990315040e-01 8.356240000000000334e-01
5.896530890971181105e-01 6.067911207512910465e-02 8.053740000000000343e-01
-3.225019397748618566e-01 -5.161359036149795187e-01 7.934710000000000374e-01
4.857204990537757894e-01 -3.321653412834502106e-01 8.085430000000000117e-01
-6.490996175240834609e-02 2.343908618873631333e-01 9.699729999999999741e-01
4.554554593744162272e-01 -5.336225382140820095e-01 7.126059999999999617e-01
6.979807931672530330e-01 2.330559309385031308e-01 6.771319999999999562e-01
-7.821940743054597300e-01 -2.038800193678257933e-01 5.887320000000000331e-01
-3.262889413522502280e-01 8.633618448178190796e-01 3.848919999999999009e-01
8.793108836079125412e-01 4.543129398637815730e-01 1.428709999999999702e-01
2.616399189432599970e-01 -6.565497965991340390e-01 7.074510000000000520e-01
4.263415341552880267e-01 4.613744958763059123e-01 7.780529999999999946e-01
7.609200764600052569e-01 -2.132500214281345119e-01 6.128010000000000401e-01
2.008191765279035979e-01 5.199614570664394808e-01 8.302479999999999860e-01
6.219035472913980733e-01 -1.639411442724976187e-01 7.657410000000000050e-01
-7.950002024970730108e-02 7.529881917960574711e-01 6.532139999999999613e-01
4.938650521681626770e-01 -8.470520894761655040e-01 1.964690000000000047e-01
-1.146990751486825777e-01 -4.447002913592893458e-01 8.883050000000000113e-01
