5.800304393675792536e-02 6.143484653631605674e-01 7.869000000000000439e-01
-6.974267134317024830e-01 5.326337811440933212e-01 4.794760000000001243e-01
1.073720419525423658e-01 -3.389406623498415067e-02 9.936409999999999965e-01
3.964603322455640400e-01 -7.539226318096154955e-01 5.238509999999999556e-01
2.364600515815508744e-02 -9.950722170657064769e-01 9.629200000000004422e-02
-8.643827374849334388e-01 4.994988483010271985e-01 -5.782199999999999840e-02
-1.568990604130050259e-01 -9.874243802016011706e-01 1.938499999999991966e-02
3.944079686009406838e-01 -8.420589329631741338e-01 3.679389999999999050e-01
-7.141785049717298550e-01 -5.662536075049279249e-01 4.114679999999999449e-01
-4.291050372625632159e-01 -2.244050194868515702e-01 8.749350000000000183e-01
-8.420481288081843596e-01 3.402880520538963394e-01 -4.185199999999999476e-01
1.717999216421744191e-01 -5.010387714765622835e-01 8.482009999999999827e-01
7.289071639446820239e-01 5.215841173139003084e-01 4.434460000000000623e-01
2.016049172274523571e-01 9.165176237071014365e-01 3.454720000000000568e-01
1.240520047164750950e-01 -6.596280250791528577e-01 7.412840000000000540e-01
-8.836786838322434612e-01 3.912628600116729860e-01 2.569540000000000157e-01
7.063384844732624179e-01 -1.180229138600415034e-01 6.979659999999999753e-01
1.984620806628874801e-01 9.671903931046654801e-01 1.586050000000000237e-01
-8.787096575118424902e-01 5.788504331362604588e-02 4.738339999999999774e-01
-2.459162497098065225e-01 -1.649888384487386561e-01 9.551460000000000505e-01
4.201248494654168941e-01 6.350657724501146406e-01 6.482179999999999609e-01
-8.191548370988107619e-01 -1.126519775974696991e-01 5.624010000000000398e-01
-3.509363529247038760e-01 1.460721468997690786e-01 9.249359999999999804e-01
3.790341171001938569e-01 -9.028442789280310965e-01 2.029909999999999770e-01
7.911559686312817918e-01 -2.292039909122402241e-01 5.670429999999999637e-01
-1.712180264458112999e-01 -6.083530939643535529e-01 7.749779999999999447e-01
3.582618797607417527e-01 9.002216978690859017e-01 2.474860000000000948e-01
-4.040930253439650177e-01 -8.125530509618198449e-01 4.200789999999999247e-01
9.617005788701216140e-01 1.235839458824365411e-01 2.446609999999999618e-01
-1.259959862503653438e-01 9.651508946754375762e-01 2.293659999999999588e-01
3.049487670440583775e-01 2.023768454006256434e-01 9.306179999999999453e-01
-2.361999252994383819e-02 8.204257405322467056e-01 5.712650000000000228e-01
4.725091766652027570e-01 7.282512722839364905e-01 4.963719999999999244e-01
8.280645209361411352e-01 1.513569124348106698e-01 5.398150000000000448e-01
-7.196454328161337732e-02 -9.702308066263785891e-02 9.926770000000000316e-01
-8.132293711506104472e-01 2.228581017104439566e-01 5.375800000000000578e-01
-7.785602577643596645e-02 7.067672339952516536e-01 7.031490000000000240e-01
-9.502384810798634174e-01 6.199696614378945314e-02 3.052920000000000078e-01
9.571878073374109341e-01 -5.683598856006247951e-02 2.838330000000000575e-01
1.156890512012563460e-01 7.392343271677479510e-01 6.634370000000000545e-01
-5.994911010787862260e-01 -7.881421328867938003e-01 1.394360000000000877e-01
7.669821003326073861e-01 -5.162700675357638769e-01 3.810560000000000058e-01
2.542000554292387915e-01 -1.501194421777936605e-01 9.554300000000000015e-01
1.849820267527311213e-01 5.015800725402194127e-01 8.451030000000000486e-01
9.340017984789643624e-01 -3.401159266162935291e-01 1.093699999999999950e-01
8.405120486346988606e-01 4.261860246604780578e-01 3.345220000000000971e-01
-2.223371367971603840e-01 -7.452604585356993327e-01 6.286119999999999486e-01
4.328003313863160728e-01 -7.146088960329927131e-02 8.986530000000000351e-01
8.389196247979443521e-01 -5.289497634302110507e-01 -1.281639999999999446e-01
-9.666597385261724851e-01 -1.064349712101804041e-01 2.328959999999999919e-01
-3.100269541378647409e-01 9.400448609396246935e-01 1.421229999999999716e-01
9.742840853956324931e-01 2.088300183038723223e-01 8.461999999999997302e-02
6.354453790091266763e-01 -7.709824598497343473e-01 -4.236999999999997019e-02
-3.385410782735244206e-01 8.245241906368784290e-01 4.533759999999998902e-01
9.768446566616918458e-01 -1.610319434009956363e-01 1.408659999999999912e-01
7.258216038513264357e-01 6.599405490412157960e-02 6.847100000000000408e-01
-9.908775072378545046e-01 6.027903085730193511e-02 1.205330000000000151e-01
3.470099574134984793e-02 -3.962839513663893865e-01 9.174719999999999542e-01
2.999931691568927805e-01 -5.910943332998583877e-01 7.487399999999999611e-01
-6.331401453079646968e-01 -7.730581774196618738e-01 -3.891799999999991100e-02
7.821229894105895530e-01 -5.922329919815703114e-01 1.937620000000000453e-01
-1.059547246353994970e-01 -2.821379295706916701e-01 9.535050000000000470e-01
2.251780591156543887e-01 -9.201032415533089148e-01 3.204760000000000941e-01
2.740459626988195341e-01 -7.189219021454815728e-01 6.387880000000000225e-01
9.235777316387595581e-01 -2.563989254989251787e-01 2.850679999999999881e-01
-9.585378369646340158e-01 -2.615949555059512432e-01 1.130190000000000777e-01
8.566244137969191152e-01 4.917312375333550145e-01 1.561889999999999945e-01
7.638468770020873100e-01 -6.453598960813710095e-01 6.968000000000062685e-03
-7.360541403108857850e-01 -4.246500809492479989e-01 5.271590000000000442e-01
3.508540865372755668e-01 -9.358932308357048591e-01 3.170599999999999807e-02
-4.828870328176827487e-01 8.708940591871862091e-01 9.145299999999999263e-02
9.226507060837321195e-01 3.207408978259410626e-01 2.141049999999999343e-01
2.101625230200662997e-01 -3.252312618627551388e-01 9.219850000000000545e-01
2.861924160420805663e-01 2.688194514905399568e-02 9.577949999999999520e-01
7.560761165500764491e-01 5.935010914889333744e-01 2.758720000000000061e-01
6.415376677371430469e-01 7.354876190789257917e-01 2.179159999999999986e-01
9.590977964495428498e-03 4.536329577672731372e-01 8.911369999999999569e-01
6.656814255944656367e-01 -2.983491907455421144e-01 6.840000000000000524e-01
-4.986677134529203248e-01 7.150310230078218976e-02 8.638390000000000235e-01
-2.165592984390560943e-02 2.749591092482587817e-01 9.612119999999999553e-01
-2.917919992325490042e-01 5.002019986844036259e-01 8.152639999999999887e-01
2.375579888844388809e-01 -8.405369606704876650e-01 4.868919999999999915e-01
6.415445555292550450e-01 -5.816085970536977179e-01 5.001519999999999300e-01
-4.655304028871806721e-01 -3.868003347512760648e-01 7.960319999999999618e-01
-1.887438367132287520e-01 2.137789476954410073e-01 9.584749999999999659e-01
-2.477491345602762518e-01 -8.384934554119275463e-01 4.853339999999998766e-01
4.516652142012055338e-01 -5.152772443690668558e-01 7.283460000000000489e-01
-6.983828269297567282e-01 -1.001419751832442612e-01 7.086839999999999806e-01
3.413050080211026960e-01 -4.195810098606884697e-01 8.411079999999999668e-01
5.257909444224015960e-01 4.924559479460055567e-01 6.935639999999999583e-01
-4.213663880009804741e-02 8.944547876013690668e-02 9.950999999999999845e-01
-5.530607623435019882e-01 -9.561613179806233154e-02 8.276360000000000383e-01
-8.645070412078383892e-01 4.361170207880777916e-01 -2.498589999999999978e-01
9.939298071075681751e-01 9.698498117807843877e-02 -5.193699999999998318e-02
5.874580046799964261e-01 5.927120047218524812e-01 5.509859999999999758e-01
-2.756790708562910641e-01 -9.096662338065605313e-01 3.106579999999999342e-01
4.581400797259128216e-02 9.660451681119714973e-01 2.542790000000000883e-01
-5.519898199086541446e-01 6.430777901904337623e-01 5.308089999999999753e-01
-9.245916447119939541e-01 3.732588565697672056e-01 7.621100000000007035e-02
1.014900230780480667e-01 -7.897001795717266681e-01 6.050400000000000222e-01
7.255108265902799891e-01 -6.648328410933749266e-01 -1.778520000000000101e-01
-2.998999051945694730e-03 -5.620968223079422232e-01 8.270659999999999679e-01
-4.338010398315086391e-01 8.593770789077992411e-01 2.707170000000000409e-01
5.908397850144406771e-01 -8.606996868220315525e-03 8.067429999999999879e-01
5.675002362143521072e-03 9.965014147803250566e-01 8.338299999999998491e-02
4.785101517292768558e-01 8.772172781540639175e-01 -3.895999999999993912e-02
-7.311631174746985318e-01 -2.661590427633074851e-01 6.281400000000000317e-01
8.223831673498999129e-01 -3.970300807931715498e-02 5.675470000000000237e-01
-5.409802378548291824e-01 -7.808703433282201400e-01 3.123810000000000198e-01
-1.501940593459725748e-01 8.855053498885133711e-01 4.396840000000000748e-01
5.155047488209084650e-01 -3.535485135636863285e-01 7.805499999999999661e-01
-8.970840339546682918e-01 2.293410086805667270e-01 3.776809999999998779e-01
-5.038511602873960715e-01 7.617802423409553159e-01 4.072160000000000779e-01
2.504070042390400541e-01 6.324590107066460076e-01 7.330020000000000424e-01
-6.811158917753292741e-01 -6.780848922569341353e-01 2.761920000000000486e-01
5.002421767415218268e-01 8.022202834339854371e-01 3.258840000000000625e-01
7.343240449275717507e-01 -4.120950252128865454e-01 5.393940000000000401e-01
2.025050721836310352e-01 -9.683543451732441465e-01 1.458819999999999284e-01
-2.573860234643365330e-01 6.531760595461350016e-01 7.121189999999999465e-01
-2.097911237776934334e-01 7.823984616185620800e-01 5.863789999999999836e-01
-8.378259909389533799e-01 -2.765989970085953598e-01 4.706809999999999605e-01
1.452489735053111297e-01 3.280869401540595920e-01 9.334139999999999660e-01
1.598841277514873593e-01 8.437906742102249114e-01 5.123029999999999529e-01
-5.093239150242081514e-01 2.396849600108718337e-01 8.265230000000000077e-01
8.891269412526291438e-01 -1.479929902216447768e-01 4.330719999999999570e-01
-4.292451487158483459e-01 -8.763223036097559371e-01 2.186500000000000388e-01
-4.284329404190020396e-01 5.796019193963455329e-01 6.931859999999999689e-01
-8.447896148854733278e-01 -5.341067565165728004e-01 3.256500000000004530e-02
-6.410618596587338569e-01 7.206898422265746451e-02 7.640980000000000549e-01
-5.842192968528099328e-01 5.040002560920067154e-01 6.361379999999999812e-01
-1.047089942330148155e-01 -9.176539494590052470e-01 3.833370000000000388e-01
6.028533512169362840e-01 -4.714602746685125356e-01 6.436560000000000059e-01
-6.026870382713009899e-01 -5.619010356813443074e-01 5.665999999999999925e-01
4.597826944586040354e-01 2.982498018027605613e-01 8.364489999999999981e-01
-3.801186861582057097e-01 -5.201495705428839378e-02 9.234740000000000171e-01
-3.343040416337002552e-01 -6.332790788675821680e-01 6.979959999999999498e-01
9.789865876570154057e-01 -2.024829147154716402e-01 -2.420599999999990815e-02
-3.902002657119810203e-01 7.136934859989261248e-01 5.817090000000000316e-01
-8.933193574215463340e-01 -4.156601663077128528e-01 1.709010000000000529e-01
-8.293475270743830841e-01 -4.287167555293416865e-01 3.583080000000000154e-01
6.747240844179930308e-01 -6.655060832646844116e-01 3.191380000000000328e-01
4.851902873365645519e-01 -6.310643737252658036e-01 6.052669999999999995e-01
-7.357482674734984185e-01 -6.713812440735482667e-01 8.900399999999999978e-02
5.031789697254877014e-01 8.520039487379131860e-01 1.445690000000001141e-01
-2.885295086811039411e-01 -3.340145888718645262e-01 8.973210000000000353e-01
-2.663940140099702591e-01 9.114050479318488440e-01 3.136480000000000379e-01
3.776817492605626381e-01 4.982496692166302199e-01 7.804510000000000058e-01
9.955088841967358881e-01 4.460999481071129327e-03 9.456299999999996653e-02
-6.155013911780002900e-01 -4.109422611717442608e-01 6.725210000000000354e-01
5.449292580519761175e-01 -7.194403406919318567e-01 4.306479999999999198e-01
-7.203055640915301261e-01 3.788232966671698509e-01 5.810790000000000122e-01
3.418689385313538609e-01 8.360948496686516629e-01 4.290350000000001107e-01
6.010665253982997447e-01 1.677058675795664033e-01 7.814050000000000162e-01
5.885858681439960494e-01 -7.765618260333032596e-01 -2.247630000000000738e-01
-5.997003264548591561e-01 3.464111885735439711e-01 7.213589999999999725e-01
9.518538069347846076e-01 -2.274009538760954352e-01 -2.055800000000000127e-01
-8.000230926839337897e-01 -5.560180644155672258e-01 2.254039999999999933e-01
6.801678405655671167e-01 4.307008990417518501e-01 5.931849999999999623e-01
-4.802830994786133623e-01 -5.425131123680019263e-01 6.892080000000000428e-01
1.324678820249790834e-01 1.483679878943440222e-01 9.800200000000000022e-01
6.259440711530839252e-01 6.749790767270515968e-01 3.906370000000000120e-01
-6.542611724698128572e-01 6.655011754327905260e-01 3.592359999999999998e-01
7.104962787479177089e-02 -2.156068707505715276e-01 9.738919999999999799e-01
3.086288773993611234e-01 3.723088521029415676e-01 8.752910000000000412e-01
4.894600185341500820e-02 -9.608660363846593944e-01 2.726549999999999807e-01
7.008800252695031319e-02 -8.939110322290368948e-01 4.427309999999999302e-01
7.223204292097471502e-01 2.492281480937629801e-01 6.450879999999999947e-01
-6.981414831289367573e-01 2.122471468795951166e-01 6.837760000000000504e-01
-5.944417901977057106e-01 -2.559139096777407474e-01 7.623299999999999521e-01
-8.159121536903040095e-01 3.903620735310359691e-01 4.265029999999999655e-01
-2.152203869724220731e-01 2.406293145983613713e-02 9.762690000000000534e-01
-3.437049557082634821e-01 -9.370878792416326153e-01 -6.110000000000008480e-02
1.698079831846608934e-01 -9.847949024800839446e-01 -3.666399999999991194e-02
-3.192446088272481997e-01 -4.904903989985301416e-01 8.108649999999999469e-01
8.017789416895236831e-01 3.380779754128142023e-01 4.928020000000000733e-01
7.592940874932457840e-01 6.435550741566716804e-01 9.648500000000009846e-02
2.954118283086368812e-01 7.516545631434351504e-01 5.897010000000000307e-01
-4.223807300852320812e-01 -7.075355478622020744e-01 5.665580000000000060e-01
-2.999980564535340566e-01 -9.464831781088886009e-01 1.190409999999999385e-01
-1.656009061217032785e-01 3.933057770369902673e-01 9.043710000000000360e-01
-7.829100050744300932e-01 5.395960034973905639e-01 3.096579999999999888e-01
1.655200902784200595e-02 9.106254966758521308e-01 4.129009999999999625e-01
6.653738934041227848e-01 -7.332118825361731984e-01 1.402779999999999028e-01
3.940688411621049991e-01 -2.486738997666533280e-01 8.848000000000000309e-01
-7.111897106698980564e-02 -8.320596614969221205e-01 5.501080000000000414e-01
-9.248985831502676280e-01 -3.793218290404963278e-01 -2.602999999999990044e-02
8.960550819679710122e-01 2.348580214839867120e-01 3.767319999999999558e-01
5.414679262460783127e-01 -7.988498911878072484e-01 2.620140000000001357e-01
-4.748901447802535147e-02 -7.152162180487142695e-01 6.972880000000000189e-01
5.616655676301051114e-01 -1.836918585940919835e-01 8.067149999999999599e-01
-5.657737362191139763e-01 -6.862656800421134129e-01 4.570989999999999776e-01
-1.300609390261778797e-01 -9.700105452497044256e-01 2.053379999999999928e-01
5.199270054331905921e-01 -8.497510088798218009e-01 8.717299999999991722e-02
9.068530788162858514e-01 4.799600417142189240e-02 4.187050000000000494e-01
5.900958194800622891e-01 3.401008959575876900e-01 7.322009999999999907e-01
-1.207120047550402642e-01 5.631260221824411216e-01 8.175069999999999837e-01
4.556054442378935088e-01 1.107228649367047180e-01 8.832689999999999708e-01
-9.139479524522612364e-01 -2.742469857324216775e-01 2.991450000000001053e-01
-7.768082491930355937e-01 5.321201706993211600e-02 6.274849999999999595e-01
-1.443980657693583469e-01 -4.513722055876591699e-01 8.805749999999999966e-01
-9.083197858231308874e-01 -1.110699738103039791e-01 4.032599999999999518e-01
-3.383976193878989736e-01 3.220995895567126399e-01 8.841599999999999460e-01
-4.531074430085964000e-01 4.239534788466908788e-01 7.841920000000000002e-01
