-3.625591566056330373e-01 3.809001645279405102e-01 8.505679999999999907e-01
-3.909438576881749117e-01 7.370317317048759032e-01 5.513139999999999707e-01
3.613141202353035153e-01 -9.299873094739457002e-01 6.764400000000006519e-02
2.024210652683610667e-01 4.403301419794262150e-01 -8.747200000000001641e-01
-2.701950038190510384e-01 5.205890073582259969e-01 8.099269999999999525e-01
-5.471039292986370484e-01 -6.024119221512735933e-01 5.811859999999999804e-01
-9.482493338159989626e-01 -1.656540583158595537e-01 2.708910000000000484e-01
2.481390290110269958e-01 1.359460158940475893e-01 9.591380000000000461e-01
6.329771260774669228e-01 7.530551499948131555e-01 1.795769999999999866e-01
2.165399357844685277e-02 -8.899657360781394466e-01 4.555130000000000012e-01
-1.924886827550895407e-01 3.669563952109437532e-01 9.101050000000000528e-01
-9.887759955358187414e-01 -7.047599968181109120e-02 1.317389999999999950e-01
5.842851162714025604e-01 -5.348931064425055393e-01 6.103279999999999816e-01
-6.094782408290438935e-01 4.600561817864575742e-01 6.456659999999999622e-01
-2.204980575615496097e-01 7.636791993602966011e-01 6.067740000000000355e-01
1.460899840674945716e-01 -9.310928984554437404e-01 3.342510000000000758e-01
1.606710795624567145e-01 5.920092931561418137e-01 7.897530000000000383e-01
4.659120199595689904e-01 5.535760237150757490e-01 6.902749999999999719e-01
-9.826465125212141549e-01 1.209319400071596773e-01 1.406460000000000488e-01
-2.793150588567530068e-01 -7.958361676971263954e-01 5.372409999999998576e-01
-4.242319038683867172e-01 8.120978159773637461e-01 4.006549999999999834e-01
-8.560629208283172531e-01 3.053149717634074389e-01 4.170599999999999308e-01
7.057839363328437532e-01 -3.983059640697291237e-01 5.858510000000000106e-01
8.015806590846557000e-01 -2.522018927375627717e-01 5.420909999999999895e-01
-9.996675813865163462e-01 2.320999028075418358e-02 -1.122599999999993568e-02
6.969999251997986700e-02 4.703689495212400318e-01 8.797129999999999672e-01
8.010060596349689588e-01 -4.130350307504929153e-01 4.333490000000000397e-01
-4.451408780264942688e-01 2.325909362675204761e-01 8.647259999999999946e-01
2.673999664385104391e-02 -9.992818745796837598e-01 -2.684600000000002262e-02
-5.403929830817805202e-01 8.385559737471163233e-01 -6.927699999999994973e-02
6.929470073022699905e-01 -2.332680024581763323e-01 6.822099999999999831e-01
-3.428629339894416761e-01 6.390868769581735664e-01 6.884860000000000424e-01
5.478422348182606649e-01 -6.721822881133758809e-01 4.980360000000000897e-01
-1.568959929197684400e-01 -8.941869596481040183e-01 4.193009999999999793e-01
-3.199919398556076433e-01 -1.151543382224270579e-01 9.403960000000000097e-01
-5.917070987740916665e-01 7.969691330386310391e-01 1.213379999999999875e-01
-8.303641236102514700e-01 7.326001090568535698e-03 5.571730000000000294e-01
-2.698868976249969021e-01 7.427187182677937871e-01 -6.128050000000000441e-01
8.796680201437316882e-01 2.253810051610543597e-01 4.187930000000000819e-01
-8.956969551414732944e-01 1.139109942950799481e-01 4.298269999999999591e-01
7.378255634220524106e-01 -6.541306129450989992e-01 1.665130000000000776e-01
-8.209840932845214878e-01 -4.373170496902585302e-01 3.670679999999999499e-01
3.594359756874113687e-01 8.857689400857531314e-01 2.936309999999999754e-01
-2.028359292925931978e-01 3.722298702428656486e-02 9.785049999999999581e-01
-7.917199489687150038e-01 6.103349606601078392e-01 2.589899999999992208e-02
-8.812220004294815112e-01 3.936720001918639356e-01 2.616679999999999007e-01
6.069917430409389469e-01 -7.669126753412821573e-01 2.083409999999999429e-01
3.924191221095347792e-01 -7.758852414331528502e-01 4.939730000000001064e-01
7.761392351347030649e-01 -8.059302441600166289e-02 6.253900000000000015e-01
-3.050518761190061934e-01 -5.655557703288638383e-01 7.662179999999999547e-01
7.014317162106519232e-01 4.023638372092843696e-01 5.883000000000000451e-01
6.519050143392927099e-01 -6.735410148151977916e-01 3.483709999999998752e-01
5.948726876810839226e-01 5.545197088671274255e-01 5.819229999999999681e-01
2.276779693610687105e-01 8.811608814209922480e-01 4.143890000000000629e-01
3.292766186343709656e-01 -2.444597168686495764e-02 9.439170000000000060e-01
-4.465731185339442688e-01 5.020281332533742535e-01 7.406350000000000433e-01
-9.431135333121896114e-01 3.077408477183316005e-01 1.258270000000000499e-01
-3.867869309517776855e-01 -6.659118811230992918e-01 6.379320000000000546e-01
-7.692712627056080832e-01 -3.661471250389919940e-01 5.236009999999999831e-01
9.781115851185459009e-01 4.497698092230424660e-02 2.031620000000000092e-01
1.923868962262906823e-01 9.487664882342832229e-01 2.506580000000001029e-01
6.794619483241606250e-01 6.593829498512498999e-01 3.217849999999998767e-01
3.948961303143323498e-01 -1.839005949929628236e-01 9.001320000000000432e-01
-9.965693693086828675e-02 5.062436796173923614e-01 8.566129999999999578e-01
3.118350878262897141e-01 9.428872655579616513e-01 1.171429999999999277e-01
-8.760848425713013699e-01 -2.698739515048054205e-01 3.995539999999999647e-01
6.544897894379431147e-01 -6.252597988417978037e-02 7.534809999999999564e-01
1.957250071541476455e-01 -9.804560358376651630e-01 1.994200000000010201e-02
8.888641673104725749e-01 3.603590678302131534e-01 2.829519999999999813e-01
-6.965780970706757502e-01 -5.269840734371356028e-01 4.868949999999999667e-01
5.021246802111469787e-01 -4.378697211332933242e-02 8.636859999999999538e-01
-2.835429042816026701e-01 9.120106921234827357e-01 2.963779999999999193e-01
-9.125410117019686629e-01 -3.365510043157613485e-01 2.323840000000000350e-01
8.232498680401494073e-02 -7.997958717996227485e-01 5.946000000000000174e-01
4.548728663873558564e-01 -8.877627392319136224e-01 -7.048400000000010213e-02
9.875015100153521352e-01 1.471960760224240439e-01 5.633899999999993774e-02
4.053091375310015620e-01 7.995712713134930372e-01 4.431820000000001314e-01
2.141087449709408730e-01 -1.673190192356164008e-01 9.623730000000000340e-01
5.190120564097181477e-01 2.542470276332755574e-01 8.160789999999999988e-01
3.268990236180253917e-02 -6.250069405687752079e-03 -9.994459999999999456e-01
-4.069899964773052159e-02 -7.121879938356684425e-01 7.008079999999999865e-01
1.423430055498378088e-01 -6.835160266497332104e-01 7.159219999999999473e-01
-4.447482447778071668e-01 -7.476334114778845352e-01 4.931969999999999410e-01
4.263186350780485134e-01 -6.500934435303817871e-01 6.289919999999999956e-01
8.741119675014500379e-01 4.661009826708629178e-01 1.366679999999999284e-01
8.437896899160660658e-01 -5.234258076464601839e-01 1.185090000000000865e-01
7.199814374787708582e-01 6.931944212023081198e-01 3.328999999999991688e-02
6.631663780005078168e-01 2.525111439297041960e-01 7.045909999999999673e-01
-1.328820468334894755e-01 -5.861012065678951055e-01 7.992669999999999497e-01
-6.947308461392923684e-01 6.312548601971970097e-01 3.447700000000000209e-01
-1.125666108228570578e-01 1.902850325481631744e-01 9.752539999999999543e-01
-9.809847748402610312e-01 1.180609729021505627e-01 -1.540470000000000450e-01
5.280698480532659556e-01 7.877047733459537904e-01 3.172750000000000292e-01
8.305719121256134319e-01 5.568489410854637889e-01 -8.340000000000093866e-03
9.471871167071110875e-01 2.046820252197769918e-01 2.468639999999999446e-01
2.437000119141708235e-02 9.771340477707909367e-01 2.112229999999999108e-01
-5.983933689613554208e-01 -6.734904152651908227e-01 4.339769999999999461e-01
4.614464991047634856e-01 -5.070494496032488252e-01 7.279889999999999972e-01
5.600675243714654528e-01 -2.047908260846125483e-01 8.027360000000000051e-01
7.076151049991805664e-01 5.403340801772535951e-01 4.553239999999999510e-01
-4.172549481279715922e-01 -9.085488870516125193e-01 2.090999999999999109e-02
4.533595130854256583e-02 -5.871893693502543421e-01 8.081789999999999807e-01
-7.390211666221930820e-01 -5.890441328078674932e-01 3.269170000000000686e-01
-4.355652053287544789e-01 -2.554675339097317033e-01 8.631450000000000511e-01
2.663361080179562634e-01 7.878383195236491332e-01 5.553160000000000318e-01
1.630852150858783656e-01 -4.806196338679816216e-01 8.616310000000000358e-01
4.303781092789675244e-01 1.163932999981571320e-01 8.951130000000000475e-01
-9.759461510971112475e-01 2.175350336790251859e-01 -1.440899999999995310e-02
-8.482989530738759276e-01 -4.924249727600802928e-01 1.946960000000000635e-01
-5.532150807856971442e-01 6.944641014122145961e-01 4.600789999999999602e-01
2.582830843905303264e-01 -9.444403085831917233e-01 2.032789999999999042e-01
9.402447663240762754e-01 -1.084849730385882560e-01 3.227549999999999031e-01
2.405242392133684071e-01 4.205794182872366060e-01 8.747920000000000140e-01
-8.714340305887273430e-02 -2.996943861574969392e-01 9.500469999999999748e-01
4.831492500088246378e-01 9.145885802868072845e-02 -8.707479999999998554e-01
5.043211467342022525e-01 -7.854132285190383866e-01 3.588680000000000203e-01
-8.586099780760157729e-02 9.835529748856861598e-01 -1.589070000000000205e-01
-2.976800942029590030e-02 -9.556713024289016367e-01 2.929270000000000485e-01
8.019571130842702011e-01 5.105140719877788724e-01 3.102259999999999462e-01
-6.467530989777741102e-01 -7.549821155409216500e-01 1.082240000000000563e-01
-2.167961288915901674e-01 -7.028484178637817159e-01 6.774980000000000446e-01
1.529290091311053812e-01 2.939190175493552326e-01 9.435170000000000501e-01
-6.607730371268002445e-01 5.554990312117783491e-01 5.047770000000000312e-01
-2.574659932108858684e-01 8.506009775705245524e-01 4.584640000000000382e-01
-6.960090346526374150e-01 -2.816130140208432664e-01 6.605039999999999800e-01
3.262429705036610228e-01 -4.615459582706225583e-01 8.249490000000000434e-01
4.275045424902897961e-01 4.006505712290547860e-01 8.103820000000000467e-01
-3.640872080269806910e-01 5.956787042624641509e-02 9.294580000000000064e-01
6.782308900205861191e-01 -7.345138808939444264e-01 2.218600000000009800e-02
1.270759909344280625e-01 7.286259480199928085e-01 6.730199999999999516e-01
-1.038689822932682139e-01 -8.149808610687496735e-01 5.701030000000000264e-01
7.839103689056191593e-01 2.417391137616250740e-01 5.718800000000000550e-01
7.748119300978362212e-01 -5.528989501184332633e-01 3.065439999999999277e-01
4.411279222361999541e-01 -8.709248464698737813e-01 2.165549999999998865e-01
9.126719696731585563e-01 4.058059865156219970e-01 -4.849099999999999244e-02
-6.312050508423229234e-01 -7.249230583911236980e-01 2.758019999999999916e-01
9.235432436954207347e-01 -3.774730996038533903e-01 6.769000000000009731e-02
-8.074167568330550271e-01 5.494488345243724314e-01 2.149050000000000404e-01
-5.110357727518842763e-01 -8.442476245787631228e-01 1.615189999999999682e-01
-1.481225806385546573e-01 -1.375555392158921975e-01 9.793560000000000043e-01
-7.097301652697016738e-01 6.838521592436788143e-01 1.692019999999999635e-01
8.715937617555333805e-01 -9.585597379839512489e-02 4.807659999999999711e-01
-5.162117190736820183e-01 7.649595837032152623e-02 8.530379999999999630e-01
-2.170794859838513433e-02 3.359882044233842291e-01 9.416160000000000085e-01
-4.730271854866753833e-01 -5.155282021524666414e-01 7.144760000000000000e-01
3.224581011099494354e-01 5.358371680170811446e-01 7.803200000000000136e-01
3.309698678430924024e-01 -8.743406508740891869e-01 3.549469999999999570e-01
8.074004612707746942e-01 3.845697433999980541e-01 4.474490000000000411e-01
3.466146592506649804e-02 -1.626064945072164813e-01 9.860820000000000141e-01
-1.999960436875893310e-01 -9.470802068823483966e-01 2.510790000000000521e-01
-3.747719290439801010e-01 -4.138919216373447840e-01 8.296019999999999506e-01
-8.068010884933537463e-01 2.061860226153545694e-01 5.536780000000000035e-01
9.658600932714002107e-01 2.429600234622195654e-01 -8.991500000000005044e-02
-4.452560070233798073e-01 8.627230136084210743e-01 2.397000000000000242e-01
8.839871060083490661e-01 -2.660530319052647474e-01 3.844250000000000722e-01
-7.375869772012314529e-01 -1.025279968308657613e-01 6.674229999999999885e-01
8.414450553178102199e-01 7.548600496255870873e-02 5.350439999999999641e-01
-5.806931400297452583e-01 7.580641828014265116e-01 2.968740000000000268e-01
7.317651792326627103e-01 8.988302201522267720e-02 6.756039999999999823e-01
-5.447545444305369466e-01 -3.573687011383034906e-01 7.586370000000000058e-01
-7.487508593537008927e-01 3.946529258679002394e-01 5.325610000000000621e-01
-1.712009134331095861e-01 6.513526706467618332e-01 7.392090000000000050e-01
-5.373131641752515453e-01 3.520851075790896179e-01 7.663750000000000284e-01
5.876288057504917006e-01 -3.752788759459434464e-01 7.168390000000000040e-01
1.463006639840761791e-01 -7.726035064531595366e-03 9.892100000000000337e-01
5.517697533755404338e-02 9.224465876941596587e-01 3.821619999999999462e-01
-3.615029458782509919e-01 -9.087158639532746385e-01 2.086890000000000134e-01
-2.390597792886673886e-02 -4.509895836250150669e-01 8.922090000000000298e-01
5.745866102972799760e-01 4.079707233014175372e-01 7.095139999999999780e-01
5.671161638913641001e-01 8.231392378796817955e-01 2.865400000000005443e-02
4.424207480067284814e-01 6.884456078762991593e-01 5.747229999999999839e-01
7.718467522441929685e-01 6.119038035844288625e-01 1.727030000000000787e-01
-7.591209713034113848e-01 -6.324839760905925923e-01 1.539460000000000550e-01
-4.848721986019797758e-01 -8.082653310626914944e-01 3.340750000000000663e-01
5.697498846242454729e-01 6.834408616015426041e-01 4.563920000000000754e-01
-6.133215211065530248e-01 1.884148528819955259e-01 7.670310000000000183e-01
4.501923645558086884e-01 -3.381375227206376843e-01 8.264320000000000555e-01
-2.562669189133101044e-01 -9.642006949124642956e-01 6.814900000000007063e-02
3.424945729458889199e-01 2.716326613031158077e-01 8.993959999999999733e-01
2.994011423849108344e-01 6.721353196444971312e-01 6.771949999999999914e-01
-2.652049828027430722e-01 -2.823549170239411099e-01 9.219230000000000480e-01
4.715419318368229695e-01 8.665338747392378194e-01 1.636069999999999192e-01
8.699352760397842665e-01 -4.180471326508344854e-01 2.616280000000000827e-01
-6.002279623823035815e-01 -1.900979880861126126e-01 7.769099999999999895e-01
9.857741200649763891e-02 -3.246563569085029743e-01 9.406809999999999894e-01
-6.322510135688160782e-01 -4.480400096154411038e-01 6.320750000000000535e-01
2.870140820602039011e-01 -6.036771725973565372e-01 7.437719999999999887e-01
1.439990273037395629e-01 9.870241871502323239e-01 7.104600000000002580e-02
-3.703000088388006244e-03 6.324210150954389098e-01 7.746159999999999712e-01
2.728249633057077683e-01 -3.197539569938725457e-01 9.073719999999999564e-01
-1.158760053944465906e-01 9.322630434002123767e-01 3.427219999999999156e-01
-9.022678386513317550e-01 -8.130998545968583235e-02 4.234399999999999831e-01
-5.102769545785308392e-01 6.073199459404078349e-01 6.089170000000000416e-01
-6.909314968336447427e-01 2.952267850030197427e-01 6.598899999999999766e-01
-8.667302700449470987e-02 -9.897823083839588643e-01 1.132199999999999596e-01
9.387203685048508550e-01 -2.727101070553071271e-01 2.107920000000000071e-01
-4.626004012171239244e-02 7.607596598130960119e-01 6.473830000000000418e-01
6.052912811995914827e-02 1.563643309710930351e-01 9.858430000000000248e-01
6.907077824548278899e-01 -5.483088273047717065e-01 4.714659999999999962e-01
-2.811274155937690811e-01 2.181025466095438126e-01 9.345579999999999998e-01
2.107099613998101029e-01 -8.505568441855548834e-01 4.818240000000000300e-01
-9.344560999795047396e-01 2.130640227961863309e-01 2.852990000000000248e-01
-9.573240675246923459e-01 2.290000161524797379e-02 2.881079999999999752e-01
5.952622367755611155e-01 9.901187305043630815e-02 7.974080000000000057e-01
-6.368357291964445999e-01 -1.328799434950657735e-02 7.708850000000000424e-01
-9.454206043289078432e-01 -3.104108700889240957e-01 -9.912100000000001465e-02
-8.808187148941982736e-01 4.673398487301645421e-01 7.584099999999996400e-02
-8.518196587201343206e-02 8.600726554135872393e-01 5.030099999999999572e-01
3.019640602662492790e-01 -9.454891887015530738e-01 -1.219339999999999175e-01
8.178655184232614950e-01 1.892158885856312089e-01 -5.434089999999998088e-01
-3.261430016635181728e-01 -8.654050044140665365e-01 3.804010000000000447e-01
8.959303836817691935e-02 8.387323591867422712e-01 5.371230000000000171e-01
9.242086177732034002e-01 6.080597485235202104e-02 3.770159999999999068e-01
-7.865335293539903461e-01 4.823707113589667528e-01 3.855950000000000766e-01
-7.343004012801925828e-01 9.867905392609020720e-02 6.716140000000000443e-01
1.415289863585146579e-01 -9.754649059783397913e-01 -1.686350000000000904e-01
