-2.638110954835974353e-01 7.353922661673457650e-01 6.241809999999999858e-01
-6.840822162479124335e-01 -7.099402244219891189e-01 1.673810000000000853e-01
-8.577502526924576931e-02 9.408072771609816698e-01 3.279090000000000615e-01
-9.653598189974853527e-01 2.423449545609362432e-01 9.669200000000009732e-02
4.402618823407949966e-02 2.285719772600686150e-01 9.725310000000000343e-01
-8.253995264976085044e-01 4.427227460256855096e-01 3.503030000000000310e-01
-5.301982340142937788e-01 -8.055373555410848541e-01 2.645739999999999759e-01
2.953379269351049108e-01 -5.667348597930733645e-01 7.691470000000000251e-01
-1.883299034553297113e-01 8.596405593173849224e-01 4.749209999999999265e-01
1.695120660857383221e-01 -4.567911780839734592e-01 8.732739999999999947e-01
5.062579065356352936e-01 -8.413768446666189949e-01 1.891770000000000673e-01
7.593176024775436517e-01 -2.766808551503970870e-01 5.889689999999999648e-01
7.965266115267392033e-01 7.776105970041251314e-02 5.995819999999999483e-01
1.055899157338186303e-02 -3.431507261480780668e-01 9.392209999999999726e-01
-4.621253699788251401e-01 -5.230104187235611046e-02 8.852710000000000301e-01
-3.446302232692158296e-01 -8.848245732349494519e-01 3.135530000000000816e-01
2.720093541080938551e-02 -1.592716218061995537e-01 9.868599999999999595e-01
-3.674088915630717156e-01 -7.159317887001491743e-01 5.936770000000000103e-01
3.272058150923982112e-01 -7.930915518152487076e-01 5.137530000000000152e-01
4.076158746925117593e-01 -6.545917987682541295e-01 6.366779999999999662e-01
-7.789531508469607068e-01 -5.701191104055292058e-01 2.611439999999999872e-01
5.378863705000550555e-01 4.745123268475514577e-01 6.967900000000000205e-01
-9.982535342366861686e-01 5.345097506094152739e-02 2.515699999999992942e-02
-2.851268301412684392e-01 9.032844618859511288e-01 3.205930000000000168e-01
-5.589391422941655252e-01 -6.427351636268724411e-01 5.239070000000000116e-01
-9.176192965383694888e-02 -6.404705090050628602e-01 7.624809999999999643e-01
2.008309803392688830e-01 8.325549184954517123e-01 5.162550000000000194e-01
6.615933024779232507e-01 -6.060772770962091771e-01 4.415479999999998850e-01
-7.350688324296813514e-01 2.552949418015663108e-01 6.280909999999999549e-01
3.319970819431836695e-01 -9.230842278347144436e-01 1.941479999999999595e-01
-1.829328292044952176e-01 -4.509045790122773179e-01 8.736249999999999849e-01
9.564495420391130320e-01 1.533059265950632577e-01 2.483980000000000632e-01
7.239782943011008332e-01 -4.476681819795424455e-01 5.248319999999999652e-01
1.317629911872191806e-01 -5.020129664235746247e-01 -8.547639999999998572e-01
-8.007223360913243715e-01 -5.959502501412783371e-01 6.072100000000003189e-02
9.378326502613864024e-01 -1.896479292760773205e-01 2.906949999999999812e-01
4.380598828488926899e-02 5.831048440592687676e-01 8.112150000000000194e-01
-5.165661222826003485e-01 -3.972070940276843376e-01 7.585420000000000496e-01
1.147979950428565932e-01 9.346919596386503715e-01 3.364109999999999046e-01
8.866215452859693702e-01 1.249690768579159589e-01 4.452920000000000766e-01
2.970391633049011548e-01 8.834274856869263060e-01 3.623860000000000414e-01
2.534279387066539768e-01 -9.671947660770794375e-01 1.756599999999999134e-02
9.201119931771318816e-01 -3.910939970999369741e-01 2.096199999999991473e-02
5.286901641353233261e-01 8.422912614948374621e-01 1.050340000000000718e-01
-9.179103584767603907e-01 1.055700412288696488e-01 3.824859999999999927e-01
4.623598947484483523e-01 -4.807688905578268446e-01 7.450400000000000356e-01
2.223300547200186827e-01 -7.233011780193596696e-01 6.537619999999999543e-01
-1.548264423133847156e-01 -2.630320525555396305e-01 9.522829999999999906e-01
-6.882067638538919008e-01 -7.245427513858333501e-01 -3.753999999999989290e-02
9.395088679688325950e-01 -1.361199808707713212e-02 3.422540000000000027e-01
-1.292218355614344338e-01 3.282335823131655728e-01 9.357159999999999922e-01
6.087221365096783243e-01 -7.373631653582192191e-01 2.928359999999999297e-01
-9.210631344528287245e-01 2.720390397110871716e-01 2.786350000000000771e-01
1.344070544683310109e-01 -8.455133426434777721e-01 5.167610000000000259e-01
-9.437195973073332356e-01 -8.533696358603812260e-02 3.195479999999999432e-01
7.985445099884266318e-01 2.668141704001934511e-01 5.395710000000000228e-01
3.913718286635168853e-01 3.935948276903226128e-01 8.318119999999999958e-01
-1.795249725022162457e-01 9.708698512921690726e-01 1.586899999999999422e-01
9.129605059727860517e-02 7.481314146226845097e-01 6.572400000000000464e-01
8.133438174188807324e-01 -4.589278969789069573e-01 3.575710000000000832e-01
3.838814651457023719e-01 2.134207026452423772e-01 8.983799999999999564e-01
1.357839711593236409e-01 9.907367895663328206e-01 -1.824000000000063635e-03
3.382992224656211078e-01 -3.799202498356151758e-01 8.609379999999999811e-01
3.689038565596874375e-01 -9.165696436116513857e-01 -1.543049999999999422e-01
4.442604276318307122e-02 4.135123980346948613e-01 9.094139999999999446e-01
8.680160755127523942e-01 -1.019790088716279047e-01 4.859510000000001329e-01
-6.274500441203532952e-02 -8.622070606277436600e-01 5.026550000000000740e-01
-4.259001200011462013e-02 -9.824942768265014781e-01 1.813589999999999924e-01
6.052652030212446466e-01 -7.947162665679187166e-01 4.560799999999989862e-02
1.105750019825069708e-01 -6.267930112378156116e-01 7.712999999999999856e-01
-8.713995363198162591e-01 -2.339818754959644143e-01 4.311790000000000900e-01
1.982899572701379842e-02 8.746468115207749472e-01 4.843550000000000910e-01
3.787168172662453980e-01 5.624487286141958142e-01 7.349999999999999867e-01
-7.682941353865601064e-01 -3.566510628480140110e-01 5.315299999999999470e-01
-6.612779171523677224e-01 -3.052959617512592816e-01 6.852049999999999530e-01
2.153994757602585020e-01 1.198537082997679637e-01 9.691429999999999767e-01
-1.362284662448315364e-01 -6.071820780936140055e-02 9.888149999999999995e-01
2.377699087004379180e-02 -7.590037085556077256e-01 6.506520000000000081e-01
5.698679051684215624e-01 -5.579839071460348521e-01 6.032450000000000312e-01
2.055720538912801654e-01 9.632072525074344416e-01 1.731240000000001111e-01
4.249380477910670306e-01 -8.320540935777654967e-01 3.565299999999999581e-01
2.052902317213424477e-01 6.367217186996195766e-01 7.432640000000000358e-01
-3.543514585082199186e-01 -4.769522711593869313e-01 8.043329999999999647e-01
-4.352891912354929227e-01 6.585192893071170062e-01 6.139019999999999477e-01
-9.749436055658995404e-01 7.875696813719920697e-02 2.080439999999999234e-01
-1.304916201333165826e-01 1.382865377069733837e-01 9.817580000000000195e-01
5.633969887147668443e-01 8.232899835089292351e-01 -6.911899999999998601e-02
-4.970870627561459476e-01 -2.291240289264036278e-01 8.369029999999999525e-01
6.197702781114268478e-02 -9.979994478353666487e-01 1.248799999999991583e-02
9.844633522120589397e-01 1.136760406699469927e-01 -1.338269999999999738e-01
-8.432309425481073761e-01 2.853519805581001823e-01 4.555609999999998827e-01
6.505030708584490506e-01 5.410000589304291285e-01 5.330709999999998505e-01
-6.987191916992656626e-01 5.843481603206472919e-01 4.127090000000000480e-01
-2.623168810670633011e-01 -8.382276199525091620e-01 4.780840000000000090e-01
2.203306708913424505e-01 4.795312837225230718e-01 8.494140000000000024e-01
-6.091590861383027189e-01 3.971810561634930847e-01 6.864200000000000301e-01
4.927870761009423006e-01 6.390560986892183104e-01 5.905660000000000354e-01
-8.034906599623768686e-02 7.864246459448814841e-01 6.124380000000000379e-01
-6.357578957374654394e-01 7.188158821161856338e-01 2.812750000000000528e-01
-8.891017411024557671e-01 4.267498757346999128e-01 1.654770000000000130e-01
9.889177096998735816e-01 1.372399597127473281e-01 5.663000000000004142e-02
-4.570646493263999521e-01 5.056256120689843758e-01 7.317339999999999955e-01
4.600100509052122005e-02 -9.332691032765746408e-01 3.562200000000000366e-01
-4.691957035924047559e-01 8.264934778747067279e-01 3.110689999999998734e-01
4.975518731160070152e-01 -2.920999255096666802e-01 8.167740000000000000e-01
3.953943063764409765e-02 3.519471296730462134e-02 9.985979999999999857e-01
1.436599187389026033e-02 9.862544421261073557e-01 1.646079999999999210e-01
6.202156174339970018e-01 -3.841763824533802607e-01 6.839159999999999684e-01
3.388200072197830592e-01 9.406240200433890752e-01 2.067500000000004404e-02
7.864562575189528726e-01 6.002581965498534622e-01 1.455220000000000402e-01
2.064696027151013136e-01 -7.543248950994685398e-02 9.755409999999999915e-01
-7.202628380825548682e-01 -5.299018808763216182e-01 4.476890000000000591e-01
-7.743383650382923422e-01 -1.657408640915821185e-01 6.106800000000000006e-01
-9.316627384334323914e-01 -2.697379242704252555e-01 2.434050000000000658e-01
5.194131969489180767e-01 -8.872103364086952881e-02 8.499050000000000216e-01
-8.426520884619700391e-01 -4.092690429652359740e-01 3.499089999999999701e-01
-8.857180073415882315e-01 -4.619630038291446250e-01 -4.575800000000002088e-02
2.995209996294736499e-01 -2.472941740619075957e-01 -9.214839999999998588e-01
-3.005372606422595516e-01 5.366704654298189853e-02 9.522589999999999666e-01
-4.691215745843037577e-01 3.307564051134057603e-01 8.188560000000000283e-01
-3.358476085441626235e-01 -3.146056333032942742e-01 8.878230000000000288e-01
-1.057780096495567757e-01 6.614380603394229841e-01 7.425030000000000241e-01
5.467136522317458391e-01 2.986638100179291322e-01 7.822430000000000216e-01
1.480599792040331597e-01 -9.702698637194195896e-01 1.914540000000000963e-01
-3.067201158742788314e-01 -1.399405966189549155e-01 9.414559999999999595e-01
2.386618742695802986e-01 -9.005355255852659502e-01 3.634230000000001071e-01
3.058703981719929077e-01 -4.250655533363134064e-01 -8.519170000000001464e-01
3.809439674953363220e-01 9.033759229179799677e-01 1.969609999999999972e-01
-4.574348179140520498e-01 1.484529409070026174e-01 8.767639999999999878e-01
-9.537650610947981944e-01 -2.965940189987583131e-01 4.862300000000001343e-02
6.599030079850219943e-01 9.791000118474002534e-03 7.512870000000000381e-01
3.745140900255902738e-01 -7.963271914209034685e-01 -4.749759999999998983e-01
9.376972607382498826e-01 3.133330871261165163e-01 1.501540000000000374e-01
8.556789854538969786e-01 -2.898019950735150063e-01 4.287520000000000220e-01
6.411534791441572123e-01 -1.971361473229674699e-01 7.416599999999999859e-01
8.859322325216036909e-01 2.993500785673641196e-01 3.542790000000000661e-01
8.524342805532696410e-01 4.577321506488587488e-01 2.526599999999998847e-01
-7.378349462800658509e-01 2.582399811981855864e-02 6.744869999999999477e-01
9.866527320393313483e-01 -3.119799152707493362e-02 1.598220000000000751e-01
6.835972941325969554e-01 1.950310839163637844e-01 7.033190000000000275e-01
-6.002812572826583537e-01 3.905195168171348569e-02 7.988349999999999618e-01
3.131308980075006576e-01 7.210727651333229682e-01 6.180639999999999468e-01
-6.393938445290561212e-01 -6.808388344515559076e-01 3.572589999999999932e-01
-2.879487278178908816e-01 5.920504403672528504e-01 7.527030000000000109e-01
3.622012779376822533e-01 -1.832051405837451796e-01 9.139180000000000081e-01
3.762763450241383145e-01 1.718997007780155920e-02 9.263479999999999492e-01
4.146159399655506284e-01 8.998888697002996873e-01 -1.352540000000000964e-01
5.323467109730201097e-01 1.143909378937323917e-01 8.387620000000000076e-01
5.901902879431485394e-01 6.874283353838300803e-01 4.232229999999999603e-01
-8.833226649832419675e-01 -4.422208322794203283e-01 1.555050000000000321e-01
-7.028210013783529053e-01 7.046430013819262594e-01 9.757500000000005058e-02
5.110291524022853027e-01 -7.141702129842729674e-01 4.783410000000000162e-01
5.005517983192731002e-01 8.098606736935320960e-01 3.058980000000001143e-01
-1.734659646123112853e-01 -7.586828452259352096e-01 6.279409999999999714e-01
-6.164692664269753042e-01 2.134710922583824000e-01 7.578890000000000349e-01
-7.427789266029554138e-01 6.104849396754693514e-01 -2.749319999999998987e-01
-8.268392661559972323e-01 1.183710381031270326e-01 5.498410000000000242e-01
-4.646730045138142140e-01 -5.730160055662535390e-01 6.750789999999999846e-01
-4.354640038000709978e-01 9.000160078539780617e-01 -1.850100000000003131e-02
-1.386797109049368003e-02 -5.086139397311415511e-01 8.608829999999999538e-01
8.431361682284375103e-01 -5.177951033141080517e-01 1.449469999999999092e-01
-4.555298571408916697e-01 -7.762987565442823756e-01 4.357209999999999694e-01
7.817930124670450232e-01 4.352400069406565652e-01 4.465039999999999565e-01
-5.937008957018808930e-01 5.580249019692440360e-01 5.797649999999999748e-01
-5.468758923807411909e-01 8.259448374629917433e-01 1.369009999999999949e-01
-7.319760008291105180e-01 4.286370004855178939e-01 5.296049999999999924e-01
7.272325666953811663e-01 -6.784615957544303244e-01 1.040319999999999995e-01
-7.330221943372160487e-01 -5.885791560427983127e-01 -3.409589999999999566e-01
5.458821354777723123e-01 -7.044061748204843987e-01 -4.536790000000001100e-01
-2.337580695366130723e-01 -9.587912852141053932e-01 1.614820000000000699e-01
-6.404149886738106368e-01 -1.353589976060808331e-01 7.560069999999999846e-01
6.794839656631508351e-01 3.754049810293916267e-01 6.303750000000000187e-01
-1.509419867024008877e-01 -9.285059182010271250e-01 3.392539999999998890e-01
-8.658669517370591873e-01 -5.493499693795399902e-02 4.972489999999999966e-01
1.916205599126719061e-01 -2.695673808953044093e-01 9.437240000000000073e-01
-6.288406206658252451e-01 -4.817417093999850075e-01 6.103150000000000519e-01
6.507367648783687342e-01 7.248127381135314184e-01 2.262480000000000324e-01
8.245427676335932432e-01 -5.644088409425690456e-01 -3.964700000000004332e-02
7.649161691135761831e-01 -9.865502181141441729e-02 6.365300000000000402e-01
9.716674574833197298e-01 -2.160061017006257855e-01 9.593599999999991024e-02
-7.777326232159074149e-01 5.846967167350125560e-01 2.307849999999999346e-01
2.185118236503885147e-01 3.077497516310639947e-01 9.260359999999999703e-01
4.134977638006134271e-01 7.787555551570031209e-01 4.717620000000000147e-01
-2.691307997330537605e-01 -6.205045382670838494e-01 7.365749999999999797e-01
9.064678415144736823e-01 -3.586699372906669292e-01 2.228719999999999313e-01
