-1.185378938623903727e-01 4.907225606120720895e-01 8.632149999999999546e-01
3.126148674778099212e-01 -7.701986735010851737e-01 5.559370000000000145e-01
5.836001913758744886e-01 -6.680992190850417733e-01 4.615779999999998773e-01
4.937011298976680118e-01 -8.694592287633537975e-01 -1.731599999999994949e-02
-9.906354121926721490e-01 1.315850547511168700e-01 -3.642600000000011107e-02
-2.788060008524301248e-01 -7.416750022676203979e-01 6.100700000000000012e-01
1.615521755063381026e-01 4.050334400184375516e-01 8.999160000000000492e-01
5.815611661212768402e-01 6.162111760189526999e-01 5.311029999999999918e-01
-4.522457812216226780e-02 -9.596298288752985739e-02 9.943570000000000464e-01
-3.042864954420410051e-01 -1.849496933224402742e-02 9.524010000000000531e-01
7.869343457878972270e-01 4.412051938705777165e-01 4.313610000000000499e-01
9.834867298642910871e-01 1.679539538678468946e-01 6.741899999999999282e-02
-8.022661706100702173e-01 3.487850741726973292e-01 4.844769999999999355e-01
9.523779939181424847e-01 3.006599980799941688e-02 3.034339999999999815e-01
1.198741264944971352e-01 6.570986933887339454e-01 7.442119999999999846e-01
-6.389397744201190665e-01 -7.420877380033761295e-01 2.026370000000000116e-01
3.918768833989009215e-01 -8.739577399580394923e-01 2.874550000000001271e-01
-1.258869699397994202e-01 7.344028246339853183e-01 6.669370000000000021e-01
-2.354395898441570822e-01 -3.254208152731093429e-01 9.157889999999999642e-01
-3.218149309044789907e-01 9.168928031378287269e-01 2.360990000000000866e-01
8.992303002089020447e-01 3.946871317666791890e-01 1.886980000000000324e-01
-5.387598555386583499e-01 6.504010328223640280e-02 8.399450000000000527e-01
1.877999788390294356e-02 -7.925559106961985734e-01 6.095099999999999962e-01
3.673523987724672812e-01 -3.654684018559119507e-01 8.552689999999999459e-01
-9.770376781751997086e-01 -6.846497744843618727e-02 2.017669999999999741e-01
-8.369863789522347108e-02 2.086510973143546332e-01 9.744019999999999904e-01
4.587382360977176887e-01 8.230174235804211813e-01 3.349650000000001238e-01
9.179907742322398478e-01 -2.650409348166671841e-01 2.950359999999999649e-01
9.102935253224022638e-01 -4.139172388680049108e-01 6.182000000000072854e-03
-5.755602907214297792e-01 3.769711904120303103e-01 7.256879999999999997e-01
6.330687838451383165e-01 -7.474587447878561219e-01 2.013189999999999980e-01
3.281849419250176259e-01 7.408658688977869389e-01 5.860140000000000349e-01
4.457730985915333011e-01 2.369300524017649845e-01 8.632210000000000161e-01
-8.672190645631400185e-01 -2.627340195601481909e-01 4.229680000000000661e-01
-6.200038737691330182e-01 5.856918807549484907e-01 5.220730000000000093e-01
-7.749531211734010938e-01 -5.304200829376690685e-01 3.436600000000000210e-01
-1.533089426593880478e-01 -9.113536591354974847e-01 3.820090000000000430e-01
-9.191058212330093236e-01 -3.674169285370443294e-01 1.422999999999999543e-01
5.905840075116614019e-01 -7.571350096300302202e-01 -2.792079999999999562e-01
-7.323595414819169536e-01 -1.395919126038339675e-01 6.664560000000000484e-01
8.472978447285210990e-01 1.819349666595265202e-01 4.989850000000000119e-01
4.920038529963920992e-01 -5.386418390616388718e-01 6.839570000000000372e-01
-3.912820975090687270e-01 7.711011921615110731e-01 5.022959999999999647e-01
7.077618705422379364e-01 6.603518792140691263e-01 2.510149999999999326e-01
1.490010270696325578e-01 8.847461607354928370e-01 4.416140000000000065e-01
6.818499727157747992e-02 9.920899603015217449e-01 -1.053959999999999481e-01
-2.494399871557798076e-02 9.840819493274314267e-01 1.759560000000000568e-01
-8.015601422043199253e-01 -5.977331060434837307e-01 1.471300000000000559e-02
3.500279571039802695e-01 9.308088859291224759e-01 -1.052390000000000825e-01
1.976431912413428860e-01 1.303191260979673638e-01 9.715730000000000199e-01
4.012119971362592130e-01 5.093829963641643976e-01 7.612870000000000470e-01
5.522201727732472393e-02 -3.898621219762479218e-01 9.192160000000000331e-01
6.892278369258059145e-01 6.034898572117711191e-02 7.220269999999999744e-01
-5.031851894497638700e-01 -2.373080893467502672e-01 8.309569999999999457e-01
9.406149947086260843e-01 -2.430649986326523238e-01 -2.369870000000000865e-01
-4.110104388725571156e-01 -5.118115465069033032e-01 7.543999999999999595e-01
-7.347498213332473993e-01 1.460179644932808052e-01 6.624360000000000248e-01
-8.923351911469671327e-01 3.591800769399036697e-02 4.499420000000000086e-01
7.472960354810426198e-01 -6.634090314981521130e-01 -3.790900000000003295e-02
8.294244296901940317e-01 -1.284980665694874513e-01 5.436389999999999834e-01
6.455321860872980100e-01 3.497901008338485940e-01 6.789220000000000255e-01
1.244449996683866244e-01 -9.277779975277142821e-01 3.517689999999998873e-01
1.215310947300660832e-01 -8.897656935473021722e-01 -4.399399999999999977e-01
-3.473074681022239596e-01 2.956113984260798633e-01 8.899390000000000356e-01
-4.225823467995077354e-01 -8.321986829582348477e-01 3.589840000000000808e-01
-5.599952401167828109e-01 -6.457012768661269941e-01 5.191100000000000714e-01
8.091311338170845691e-01 -5.275280872445363700e-01 2.588840000000000030e-01
-2.210989608779968529e-01 9.736378277212065502e-01 -5.607700000000004348e-02
2.259040406345277363e-01 -1.508493593754831053e-01 9.623990000000000045e-01
-8.057348933922958700e-01 5.263169303624056772e-01 2.716280000000000916e-01
4.768250089036836781e-01 -5.204689181883962595e-02 8.774560000000000137e-01
-1.163590228898038481e-01 -5.903461161311474026e-01 7.987189999999999568e-01
6.284597940742870925e-01 -2.565393241436967897e-01 7.343199999999999728e-01
1.951158667915204870e-01 -6.066635858218240029e-01 7.706420000000000492e-01
2.613229675516517969e-01 9.506228819616105996e-01 1.674110000000000875e-01
-6.700489864731248302e-01 -4.088049917470897299e-01 6.196070000000000189e-01
7.439077107323319726e-01 -4.171848377781497974e-01 5.220709999999999518e-01
-3.695953710427820060e-01 5.760265782824159908e-01 7.291039999999999743e-01
-5.601341681691603958e-01 -8.261742480424107971e-01 -6.071099999999991087e-02
