8.145999078462919443e-03 -7.749329123337153069e-01 6.319909999999999695e-01
-7.602547658485977466e-01 5.036638448762168485e-01 4.102870000000000128e-01
-8.662624918236524474e-01 -3.691142095659232236e-01 -3.366660000000000208e-01
-8.335531502276002369e-01 2.333100420484376658e-01 5.007549999999999502e-01
8.062847569640836376e-01 -5.873628229530437617e-01 7.006999999999997952e-02
3.918042298962233216e-01 7.530604418680000300e-01 5.285729999999999595e-01
-3.376519755825890812e-01 7.523429455940784383e-01 5.656600000000000517e-01
2.588277996290843652e-01 4.335513394243627194e-02 9.649499999999999744e-01
3.108221858227174783e-01 -7.425264439138772321e-01 5.933329999999999993e-01
7.078072443785036194e-01 6.904222383761324799e-01 1.494190000000000795e-01
-3.686527043663433978e-01 1.779113399263276551e-01 9.123830000000000551e-01
-4.806009351994471324e-01 -7.156849035025237837e-01 5.067719999999998892e-01
-1.316215069729814169e-01 2.035827841497444557e-01 9.701699999999999768e-01
-9.165303951480836542e-01 -3.705841597717011715e-01 1.504640000000000699e-01
-2.869414158535040782e-01 -4.190521469065471294e-01 8.614290000000000003e-01
6.157178422750315683e-01 -1.208771653546661801e-01 7.786399999999999988e-01
4.951953024438756068e-01 8.508705196749166699e-02 8.646049999999999569e-01
4.043195221968802211e-01 5.464527057682909694e-01 7.334270000000000511e-01
-2.644636880399897083e-01 -3.994580183557529945e-02 9.635679999999999801e-01
-5.150021977000093232e-01 8.442943241092886186e-01 -1.481210000000000582e-01
2.100341833673721459e-01 7.073836175712588936e-01 6.749030000000000307e-01
0.000000000000000000e+00 0.000000000000000000e+00 1.000000000000000000e+00
-6.180091978959387222e-02 4.296294423909517990e-01 9.008880000000000221e-01
8.459079729653425916e-01 -2.934529906214372041e-01 4.453370000000000384e-01
-7.998958754193659093e-01 -5.899959081104597658e-01 1.098700000000000232e-01
-4.109257739010324095e-01 8.415545369611155957e-01 3.506079999999999752e-01
7.345435313619889106e-01 5.693946367268123421e-01 3.691010000000000124e-01
5.660082493494867917e-01 3.514561548306264216e-01 7.457300000000000040e-01
-7.638257065208425844e-01 -3.029008836186117271e-01 5.699309999999999654e-01
-2.353428006162267272e-01 6.211634737467351952e-01 7.475089999999999790e-01
-3.099260246078464065e-01 -8.812780699726825429e-01 3.567839999999999900e-01
9.471755701595607757e-01 1.484699326224376004e-01 2.842799999999999772e-01
7.922891086938660399e-01 -8.757001201369934984e-02 6.038289999999999491e-01
6.888295771062024064e-01 1.339251122033888741e-01 7.124449999999999950e-01
6.778969119557689549e-01 -6.891119104991818567e-01 2.560870000000000091e-01
-4.745924061915585135e-01 5.377094602118384081e-01 6.968720000000000470e-01
-9.828189578124211234e-01 1.501499935548002429e-01 1.073399999999999216e-01
-3.104610219646619651e-01 4.115570291170563832e-01 8.568750000000000533e-01
-1.512640637348410810e-01 -9.750154108209889703e-01 1.626779999999999615e-01
-1.586510054404078052e-01 8.962680307345274322e-01 4.141659999999998676e-01
-8.080866139996621955e-01 5.609697320404739562e-01 1.797469999999998791e-01
1.096700434912594758e-02 6.271292486972731561e-01 7.788380000000000303e-01
2.772800829227296468e-02 -9.993342988585669495e-01 -2.370899999999994540e-02
9.247480394344137489e-01 -3.798270161971208370e-01 -2.392699999999994484e-02
3.466240515991846904e-01 -8.836021315348699945e-01 3.148000000000001353e-01
9.072629203043303114e-01 2.012029823259541828e-01 -3.693120000000000847e-01
-6.810168815962223121e-01 4.027899299696517943e-01 6.115359999999999685e-01
-5.234942642251314560e-01 -8.064794070572341989e-01 2.748540000000000427e-01
-5.459542998062925090e-01 2.952451621314411967e-01 7.840690000000000159e-01
-5.503922963328562457e-01 -3.787132039003202610e-01 7.440729999999999844e-01
-9.826766909850330745e-01 -1.138449642000280287e-01 1.462389999999999801e-01
-9.597147554503101530e-01 -2.723229306080399148e-01 -6.919399999999996387e-02
-6.902519974554083282e-01 -6.429839976296601867e-01 3.318490000000000606e-01
-1.336339960221354928e-01 -2.408279928313068474e-01 9.613239999999999563e-01
-8.630723557191513073e-01 4.400581813719577906e-01 -2.479009999999999547e-01
4.991201355775712334e-01 -3.542600962287835165e-01 7.908089999999999842e-01
-5.325809408771802200e-01 1.401699844394639800e-02 8.462629999999999875e-01
3.869074974529942978e-01 -1.611782072293308499e-01 9.079230000000000356e-01
1.599919197390685666e-01 -8.720845625134111545e-01 4.624619999999999287e-01
-3.881591791330095687e-01 -9.170384232074401121e-01 9.150399999999998812e-02
-7.094101139629305219e-01 1.258988427552137079e-01 6.934599999999999653e-01
3.672126936377372308e-01 2.935267551132560437e-01 8.826079999999999481e-01
9.716096721955262694e-02 -9.690406730622616038e-01 2.269800000000000983e-01
-2.856919496444200179e-01 9.561468314711762950e-01 -6.452400000000006741e-02
-4.036111039786216548e-01 -5.824341500471605926e-01 7.055979999999999475e-01
8.435352734052669055e-01 1.505890488086750745e-01 5.155300000000000438e-01
-8.694025405241596546e-03 -4.404072869359146325e-01 8.977559999999999985e-01
-2.454417882776001314e-01 -7.705683352942123143e-01 5.882030000000000314e-01
3.150079868473152356e-01 8.929599627157992492e-01 3.215470000000000272e-01
2.260880510665580490e-01 9.693852189552538690e-01 9.579399999999999027e-02
-5.682388617539629871e-01 6.515388414880272094e-01 5.025950000000001250e-01
5.121611106222819787e-01 -7.402621598900963606e-01 4.355489999999999640e-01
-4.242474302897566996e-01 -2.134592164994004448e-01 8.800280000000000324e-01
-9.022718060285920272e-01 3.280639294724475019e-01 2.797849999999999504e-01
-9.377763976538434632e-01 6.203202630400352080e-02 3.416539999999999022e-01
-2.201070389847872844e-01 9.578591696535295741e-01 1.845499999999999918e-01
1.231927099316963564e-01 2.493644370307941394e-01 9.605420000000000069e-01
-6.307308136388144471e-01 -7.734937714568352884e-01 6.233799999999996982e-02
9.961190870856755364e-01 6.144000537139026989e-03 8.780100000000004568e-02
2.471014406422265552e-01 -3.924596998515084700e-01 8.859550000000000480e-01
-6.301160662122948786e-01 7.246300761437817206e-01 2.790430000000000965e-01
-1.502120624633071222e-01 -6.166282564150944445e-01 7.727910000000000057e-01
8.608769727009821793e-01 4.956839842815101704e-01 1.148400000000001087e-01
-8.318437665064541964e-01 -4.119398843709490970e-02 5.534790000000000543e-01
4.850088793787551977e-01 8.641657850827952903e-01 1.341040000000000565e-01
9.240990820748454793e-01 -7.391300656466251451e-02 3.749370000000001313e-01
7.244773907840245109e-01 -5.302012859912469400e-01 4.404759999999998676e-01
-8.027100435980795423e-02 -9.060860492128038901e-01 4.154089999999999172e-01
-6.662544992587888792e-01 -1.487118882316424973e-01 7.307460000000000067e-01
-4.587281912056411226e-01 8.815603674492182851e-01 1.114439999999999875e-01
1.304379479782319939e-01 8.639686554286722941e-01 4.863580000000000125e-01
5.558808867287372557e-01 7.542578463056733851e-01 3.494160000000001154e-01
6.935501319547793253e-01 -3.371140641392884607e-01 6.366650000000000365e-01
7.362043825458275403e-01 3.738801942752742469e-01 5.641070000000000251e-01
1.287682027738838442e-01 -2.015837519602806105e-01 9.709699999999999998e-01
5.567164758564043803e-01 -5.637674818832897339e-01 6.101090000000000124e-01
5.827959016554175031e-01 5.799589021341503559e-01 5.692070000000000185e-01
4.331800840660701701e-02 9.614681865894914026e-01 2.714819999999999456e-01
3.585846010863478761e-01 -5.614833753680911199e-01 7.457570000000000032e-01
1.216849593809840591e-01 -6.200427930267783383e-01 7.750740000000000407e-01
-8.187458837071407425e-01 -4.422159371886240087e-01 3.661969999999999947e-01
-7.169600506798989858e-02 7.886940557505747185e-01 6.105909999999999949e-01
2.007329978084553823e-01 4.780059947812691501e-01 8.551119999999999832e-01
9.594038676183641590e-01 -2.222719693301977439e-01 1.736070000000000391e-01
-6.391550369070300164e-01 -5.262790303891776711e-01 5.608130000000000059e-01
6.598279862728215761e-01 -7.506589843831573683e-01 -3.373599999999996046e-02
