1.382038949146207896e-01 -1.512988849576511197e-01 9.787789999999999546e-01
7.679800790665525234e-02 -7.621670784680805166e-01 6.428089999999999637e-01
-9.944153387651879505e-01 -3.201901090784293330e-02 1.005629999999999025e-01
2.075279437591252274e-01 -9.183957511112021965e-01 -3.368699999999999473e-01
9.347790158278643236e-02 -5.937383748888722668e-01 7.992099999999999760e-01
-3.019464651667108646e-01 -1.310027679567427605e-01 9.442810000000000370e-01
8.015610739999655676e-01 4.652580429525338124e-01 3.755459999999998799e-01
-5.943831405931230411e-02 -2.843175852434241119e-02 9.978270000000000195e-01
9.053490523773027876e-01 -3.920730226826629750e-01 1.631620000000000292e-01
-5.221710559098869942e-01 -7.498660802896432997e-01 4.062489999999999712e-01
7.953291994969549084e-01 5.604241405743805027e-01 -2.310329999999999329e-01
8.092799105844269425e-01 2.286599747358578766e-02 5.869779999999999998e-01
3.242648043770618993e-01 -2.828067015353520341e-01 9.027030000000000332e-01
-4.238379806978758157e-01 8.137039629428796106e-01 3.978030000000000177e-01
-7.400725615351233522e-01 6.255136294069386649e-01 2.470329999999999471e-01
3.159298714317715917e-01 9.008636333919270989e-01 2.977130000000000609e-01
-5.402403269122070251e-01 -3.717322249439665161e-01 7.549540000000000139e-01
-8.174063111026782513e-01 4.163501584617686213e-02 5.745550000000000379e-01
-8.439713781651611013e-01 -3.832897175936221257e-01 3.752349999999999852e-01
-7.024425271715525332e-01 -1.676078871796992387e-01 6.917240000000000055e-01
-1.226957676710470901e-01 -4.867350783492108146e-01 8.648900000000000476e-01
-8.637640050227542998e-01 4.214850024509190218e-01 2.761560000000001236e-01
-7.488921554577446793e-01 4.663430968051880954e-01 4.708340000000000303e-01
-7.571493685475616520e-02 2.396558001302707130e-01 9.679010000000000113e-01
9.205966959052003240e-01 3.558498824543916694e-02 3.888900000000000134e-01
6.850141887360908788e-01 2.333450642915664841e-01 6.901490000000000125e-01
-6.865365910619023460e-01 -5.814136536787747334e-01 4.366070000000000784e-01
5.534299437318879189e-02 -8.903619094754724461e-01 4.518769999999999176e-01
-1.575180229477969873e-01 -8.322541212457991167e-01 5.315459999999999630e-01
3.193448979254299713e-01 -5.045598387238096061e-01 8.021460000000000257e-01
-9.328385354423055498e-01 -6.879996573731621441e-03 3.602289999999999659e-01
6.554113739157239049e-01 5.370003063615711586e-03 7.552529999999999522e-01
-2.573669302048674501e-01 -9.588047399825070372e-01 1.202320000000000888e-01
6.046007875094817630e-01 -7.608607325910008434e-01 2.356879999999998976e-01
6.492122396903189374e-01 7.336862708782820874e-01 -2.005689999999999418e-01
5.365767644454783047e-01 7.987276493625482532e-01 2.722490000000000743e-01
-2.646999791108445299e-01 9.633589239752328170e-01 -4.328399999999989894e-02
-6.758262597807267458e-01 6.032832318959261420e-01 -4.234479999999999911e-01
-2.559271590032520249e-01 9.464268899668959456e-02 9.620520000000000183e-01
-9.461009126528164837e-01 -2.163709800239111691e-01 2.409910000000000385e-01
9.858008618032492176e-01 -1.604389775084945902e-01 4.955800000000005340e-02
-8.681470527584285168e-01 2.357980143297529751e-01 4.367149999999999643e-01
4.828022417610327577e-01 5.854012931370422557e-01 6.513120000000000021e-01
-9.067608161241288434e-01 -4.095739169452854433e-01 1.001700000000000090e-01
-6.069422942956812506e-01 6.611283205695356324e-01 4.410560000000000036e-01
8.791189509820080961e-01 4.543399746668717598e-01 1.439620000000000899e-01
1.095800439107331437e-01 3.725321492804639090e-01 9.215269999999999850e-01
-9.595488708604915651e-01 1.770619761703679240e-01 2.188949999999999785e-01
4.994656338803132312e-01 1.396381772171807478e-01 8.550060000000000437e-01
-4.708405932802193217e-01 8.154010274417858306e-02 8.784419999999999451e-01
3.167915461168880897e-01 2.631646229508663448e-01 9.112559999999999549e-01
-9.246413079249802269e-01 -2.605230867596609601e-01 -2.777880000000000904e-01
7.774855400147838713e-01 -5.954536477106507908e-01 2.023640000000000161e-01
2.799649428500828874e-01 -8.387428287854090669e-01 4.670439999999999037e-01
-1.890858104652832494e-01 6.442333542371793120e-01 7.410870000000000513e-01
6.946357621109207070e-01 -4.224028553414150289e-01 5.822859999999999703e-01
8.406244635720804270e-01 -2.020548710626697275e-01 5.025180000000000202e-01
-1.368689655766962832e-01 4.584108847071207138e-01 8.781379999999999741e-01
-2.394780174206045942e-01 7.916520575879889554e-01 5.620829999999999993e-01
-8.274767994965803730e-01 4.110919003895552870e-01 -3.824730000000000074e-01
-1.694710290360283145e-01 -9.808401680505695053e-01 -9.608400000000001662e-02
-1.033639565581605663e-01 -9.500646007065217669e-01 2.944369999999998933e-01
5.740253379767825681e-01 -7.917094661456565152e-01 -2.090239999999999043e-01
-4.302568607143372748e-01 6.667217841643119369e-01 6.085730000000000306e-01
-6.602491937574137548e-01 6.477601900923787848e-02 7.482480000000000242e-01
9.856084483953315711e-01 4.234801926592063337e-02 1.636540000000000494e-01
-9.330630299187665511e-01 3.534990113349838481e-01 6.657199999999993678e-02
-9.725424109515572180e-02 -2.657566588159274157e-01 9.591220000000000301e-01
3.677749630543227788e-01 -9.145889081228743001e-01 -1.681330000000000602e-01
1.637580653953587817e-01 -9.533463807105837517e-01 2.536020000000000496e-01
5.037568746413152443e-01 -1.436729642473289492e-01 8.518139999999999601e-01
1.128000084981573307e-03 -9.968970751044504697e-01 7.870799999999995855e-02
6.133891435520818503e-01 7.887481845915358392e-01 4.037400000000009037e-02
-5.897982203812931479e-01 4.887541826256422417e-01 6.428509999999999502e-01
4.255007432559566038e-01 7.615145405076835239e-01 4.889220000000000788e-01
-1.409769788948884717e-01 -6.793098983031751192e-01 7.201830000000000176e-01
5.212870384604630924e-01 -3.756910277184159486e-01 7.662349999999999994e-01
-3.405098774314067184e-02 8.730256857491172084e-01 4.864840000000000830e-01
2.022090608350050334e-01 8.409332529964700376e-01 5.019390000000000240e-01
-3.312015763681152580e-01 -3.493135532015261280e-01 8.765190000000000481e-01
4.893010096267135789e-01 -7.429280146166779009e-01 4.567740000000000133e-01
-5.398664655918644639e-01 -5.724904937274926109e-01 6.170889999999999986e-01
8.294891291256236698e-01 -5.574530867780842502e-01 -3.455200000000004101e-02
1.030549812846428548e-01 -9.855198210241241652e-01 -1.346489999999999632e-01
6.273982896650533991e-01 6.371992941901031271e-01 4.476030000000000286e-01
6.757030516678893539e-01 4.466470341530342503e-01 5.864570000000000061e-01
3.045652006968351810e-01 4.942363256828624651e-01 8.142300000000000093e-01
7.137999063619393514e-02 9.514768751828794890e-01 2.993270000000000097e-01
-7.130878977534951257e-01 -3.851849447700426143e-01 5.857799999999999674e-01
-3.265198071488349951e-01 3.076688182827236884e-01 8.937140000000000084e-01
1.911398923263133570e-02 7.441365808100115498e-01 6.677539999999999587e-01
-3.598480661774416944e-01 -7.279611338748489535e-01 5.835939999999999461e-01
-9.393072862169977721e-01 1.865950568575139856e-01 -2.878959999999999853e-01
-8.477557417626866432e-01 -1.850259436387154122e-01 4.970669999999999811e-01
1.346815278666710081e-01 1.166737247005475153e-01 9.839959999999999818e-01
5.092798664855916480e-01 3.757499014922264235e-01 7.742390000000000105e-01
-3.255319069031872847e-01 -8.737757501143955663e-01 3.613099999999999645e-01
3.060741421054571920e-01 -6.910113208257939732e-01 6.548450000000000104e-01
6.760891871922825036e-02 5.767503066194389350e-01 8.141180000000000083e-01
5.144646505804638670e-01 -5.781027310557538268e-01 6.333429999999999893e-01
2.620028782599586603e-01 6.869366808138122060e-01 6.778440000000000021e-01
7.829935356625343790e-01 6.220296311187138993e-01 -5.109999999999365267e-04
6.821159859753540555e-01 -7.312439849652579982e-01 -1.270000000000344475e-04
7.264788370042832844e-01 6.480728545957652464e-01 2.285389999999999366e-01
-7.272966396426027158e-01 2.741248641779472917e-01 6.292020000000000390e-01
3.964319268709078914e-01 -8.818648373239627025e-01 2.552570000000000117e-01
-5.440019475661541648e-01 2.964549714260686919e-01 7.849690000000000278e-01
3.306645242254657724e-01 -9.846045386160339266e-03 9.436970000000000081e-01
-3.452518363837802640e-01 -5.525477381454271253e-01 7.586119999999999530e-01
-4.692241351300245888e-01 -8.678602499316814267e-01 1.632399999999999407e-01
6.931413174739787797e-01 -2.150540984995102378e-01 6.879729999999999457e-01
-4.939807499853254846e-01 8.688625602492809907e-01 -3.257099999999994028e-02
-3.809809338470244722e-01 5.020709128211364725e-01 7.763879999999999670e-01
-9.711653471940666638e-01 -2.361910844389095709e-01 -3.242900000000007582e-02
1.078552738501727531e-01 -3.892099882244856035e-01 9.148129999999999873e-01
-5.183763520156535742e-01 -1.511921026705533022e-01 8.416810000000000125e-01
8.289372147500130295e-01 2.552680661314506438e-01 4.976960000000000273e-01
-4.091730477727855142e-01 -9.092151061549350599e-01 -7.684600000000003928e-02
