7.970235837605135210e-01 1.367051001263213106e-01 5.882730000000000459e-01
-2.785898988841819524e-01 9.485756557089694008e-01 1.503059999999999952e-01
2.694518729748650587e-01 -7.119366643784664772e-01 6.484919999999999574e-01
-6.450037015552887443e-01 -6.820736844029212653e-01 3.445950000000000957e-01
-9.976247300796312611e-01 2.672399276947570734e-02 -6.348799999999996113e-02
-1.583043401417166471e-02 1.446874075111105606e-02 9.997700000000000475e-01
8.392100652813178074e-01 3.797890295434115382e-01 -3.892129999999999757e-01
2.082150146759972620e-01 -8.910810628076855089e-01 4.032629999999999271e-01
5.395728662921375207e-01 -2.523829374587100438e-01 8.032209999999999628e-01
-1.328379760806999432e-01 -9.359228314742532584e-01 3.261939999999999285e-01
8.273638225587873762e-01 -5.485638823518290685e-01 -1.206099999999999395e-01
3.075100513193954055e-01 -9.082801515800476011e-02 9.472000000000000419e-01
2.181182250412760371e-01 5.048105208331569171e-01 8.352190000000000447e-01
7.262085690498931712e-01 -6.661696046784980618e-01 1.698210000000000830e-01
-3.326684624540072743e-01 -5.574257748969694282e-01 7.606629999999999781e-01
-3.284662346278086065e-01 3.464791926551006457e-02 9.438800000000000523e-01
2.914510477946563594e-01 8.639871416840628759e-01 4.105880000000001195e-01
-5.249550798956775788e-01 7.421511129518858496e-01 -4.166940000000000088e-01
-1.220139284186164408e-01 5.897546540111885394e-01 7.983120000000000216e-01
9.499925007034358826e-01 8.614304540258872767e-02 -3.001560000000000339e-01
-5.557616019860363993e-02 3.168799134081854429e-01 9.468360000000000110e-01
-1.418619808072041077e-01 8.246958884252161281e-01 5.474959999999999827e-01
6.012453162153736930e-01 -7.897914153781839808e-01 -1.213820000000000593e-01
7.340880165999521534e-01 4.443650100484380361e-01 5.134730000000000683e-01
6.615099689243858494e-01 7.499109647715909155e-01 6.172999999999908595e-03
-6.118221902175149385e-01 -5.021901561325579078e-01 6.111290000000000333e-01
-8.309515847224702156e-01 3.814278093771027445e-01 4.050089999999999524e-01
-3.708186253882950201e-01 3.441746523048077044e-01 8.625760000000000094e-01
-7.624785541316919657e-01 -1.863258910437421978e-01 6.196040000000000436e-01
6.503820491759593203e-02 -2.954139307685010873e-01 9.531530000000000280e-01
9.262850436244008945e-01 -1.173780055280447404e-01 3.580760000000000054e-01
-6.346899481149982647e-02 -7.955079349683558121e-01 6.026099999999999790e-01
7.685595089065773156e-01 -1.941001285246372055e-01 6.096240000000000547e-01
4.461389533366871829e-01 -8.834229075995512215e-01 1.432620000000000282e-01
-8.348750880151972753e-01 -5.100440537704723498e-01 -2.069749999999998813e-01
-4.239437811199036621e-01 -8.827525442391876975e-01 2.025330000000000186e-01
-5.222143319793852712e-01 -2.487241581176312388e-01 8.157379999999999631e-01
-3.786981627282317020e-01 -7.663593293079049573e-01 5.189229999999999121e-01
-6.374931242911672236e-01 3.765340734123360233e-01 6.721789999999999710e-01
-9.596652651149666369e-01 2.166720598573356193e-01 1.791529999999998957e-01
3.048623697410937083e-01 -4.640015627472011128e-01 8.317219999999999613e-01
-2.392354448358641195e-01 -2.854833375140942708e-01 9.280439999999999801e-01
5.328478780343905985e-01 3.702349152554998413e-01 7.609200000000000408e-01
-4.071921786236775698e-01 8.226673608808745541e-01 3.967530000000000778e-01
-8.357743530137837773e-01 1.044230441061320958e-01 5.390519999999999756e-01
9.273253156137265529e-01 2.163340736289649513e-01 3.053969999999999185e-01
9.232149898634167684e-01 -3.629969960144178165e-01 1.261239999999999584e-01
-1.256400147396898037e-01 9.854061156047340120e-01 -1.148450000000000304e-01
-4.193971404423456062e-01 -8.976203005835949877e-01 -1.355869999999999853e-01
4.569639533991378677e-01 6.422549345032940726e-01 6.153800000000000381e-01
6.119037996902786380e-01 7.124547667744244306e-01 3.434850000000000403e-01
5.805387138403712566e-01 6.854896621078619690e-02 8.113420000000000076e-01
-1.547220299149205391e-01 -9.878671910003926637e-01 -1.339799999999992212e-02
-6.517140446071520987e-01 6.308310431777965910e-01 4.210949999999999971e-01
2.760486819552647741e-01 2.176975378036256903e-01 9.361650000000000249e-01
-8.374371673719596121e-01 -5.327131064691655871e-01 1.221299999999999608e-01
-4.132849749377021653e-01 6.194939624328416050e-01 6.673999999999999932e-01
5.763469861840641029e-01 -5.223139874793191195e-01 6.284999999999999476e-01
7.928228061691671158e-01 -4.553688886705449246e-01 4.050570000000001114e-01
-6.077120563324232005e-01 7.714100715065604075e-02 7.904020000000000490e-01
9.631007315332513752e-01 2.675399254225735990e-01 -2.931499999999992098e-02
6.778002505650240414e-03 9.552843531436246982e-01 2.956109999999999571e-01
-2.002603062225080666e-02 -5.763918813737027858e-01 8.169279999999999875e-01
1.379290594810100024e-01 7.466043219682592103e-01 6.508129999999999749e-01
