4.369563545697619511e-01 3.393942754026715858e-01 8.329950000000000410e-01
-8.891533616251183769e-01 3.477547503266510409e-01 2.974439999999999307e-01
-3.739830425587035156e-01 -3.027830344562504883e-01 8.766180000000000083e-01
4.834252540780665242e-01 8.393734411568887221e-01 -2.484999999999998876e-01
1.064689577681945942e-01 9.704296150709511570e-01 2.166350000000000775e-01
-4.846753118450506936e-01 4.324282782287752203e-01 7.603259999999999463e-01
-6.277459258856880053e-01 3.505099586173268111e-01 6.950380000000000447e-01
-9.893211186090704601e-01 -8.310700996364564497e-02 1.197370000000000517e-01
-6.169058913772546004e-01 7.025728762932959004e-01 3.547089999999999965e-01
9.590962262516937731e-01 2.007810473644362215e-01 1.995530000000000359e-01
4.032949121299984618e-01 -9.150568006271834198e-01 4.925999999999955588e-03
8.893803797079236073e-02 -9.953464249485732829e-01 3.708800000000002373e-02
-2.850511827479976779e-01 -5.666753632989240952e-01 7.730620000000000269e-01
8.019785632061449121e-01 -1.823591280654947855e-01 5.688370000000000370e-01
-5.586082875280971027e-01 -8.231844237113130625e-01 1.016080000000000316e-01
4.038243772874728355e-01 1.903047065429146756e-01 8.948239999999999528e-01
6.098360843811601040e-01 -5.941580822118425198e-01 5.244769999999999710e-01
-6.850483692457310925e-01 5.664503053205678373e-01 4.580859999999999377e-01
-2.185770793431204562e-01 -9.734513533612407787e-01 6.794500000000000539e-02
-1.589309250311801702e-01 5.768037279176803089e-01 8.012730000000000130e-01
-4.450831210219901440e-02 -1.978891570585268253e-02 9.988129999999999509e-01
2.057169378624265077e-01 -5.528008330244326141e-01 8.075219999999999620e-01
-9.082582901272183706e-01 -3.109660993326793244e-01 2.799410000000001064e-01
-1.738899413429165486e-01 -7.886127339827558869e-01 5.897900000000000365e-01
4.115858816640485807e-01 -8.948797427111800928e-01 1.725899999999999379e-01
4.243248986684634572e-01 2.190594314331754597e-02 9.052449999999999664e-01
-1.848162891511970773e-01 4.269776680206835429e-01 8.851740000000000164e-01
9.246349289003411576e-01 -2.902109776842720645e-01 2.466329999999999911e-01
-6.701201853822685850e-02 9.876092732125556495e-01 1.419060000000000044e-01
-1.123599438934654200e-02 -7.535496237176969592e-01 6.572949999999999626e-01
-2.057567157838790239e-01 9.067775615238901632e-02 9.743929999999999536e-01
2.446780467984321916e-01 -3.980870761402638958e-01 8.841149999999999842e-01
-8.770096488052393502e-01 -4.781248085369663725e-01 -4.744200000000001888e-02
-3.347399784566979647e-02 -8.639609443969259450e-01 5.024450000000000305e-01
-6.220535506414552884e-01 -6.575975821050124015e-01 4.249880000000000879e-01
2.598516006627942798e-01 1.205848146865255571e-01 9.580899999999999972e-01
2.672927111330229422e-01 -2.309547504039660692e-01 9.355290000000000550e-01
-3.339687942104820895e-01 -7.942445105914152093e-01 5.075830000000000064e-01
-3.243467990045721949e-01 5.221186764467323771e-01 7.887910000000000199e-01
7.699899405531383800e-02 9.962759230827921142e-01 3.879999999999998728e-02
2.785390071178689420e-01 -7.445040190252781853e-01 6.067369999999999708e-01
-1.742268805765717354e-01 8.974703848309184551e-01 4.052060000000001216e-01
6.785708897627688030e-01 -7.345348806711389233e-01 2.380000000000123445e-04
-9.858061490499606672e-01 -1.435200216996565352e-02 -1.672730000000001160e-01
1.098201315236311398e-01 4.974270073219186350e-02 9.927059999999999773e-01
7.809936120378470070e-01 -3.515252754782746125e-01 5.162160000000000082e-01
5.701223286660720424e-01 3.563032054028917872e-01 7.402760000000000451e-01
1.304623249747384472e-01 4.086030178084660847e-01 9.033400000000000318e-01
7.383633784617584794e-01 -5.093382610707133384e-01 4.420339999999999825e-01
-4.766189302628647262e-01 -6.839898999211043717e-01 5.522610000000000019e-01
-3.606505014778783047e-01 1.956207295962135162e-01 9.119559999999999889e-01
-3.050831301572964338e-01 8.168653484984081947e-01 4.895460000000000367e-01
5.685390496449591602e-01 7.950960694279697316e-01 2.111530000000000074e-01
-7.505277542487753806e-01 2.445439199270548480e-01 6.139270000000000005e-01
-4.171888132970676955e-01 -4.470157999487091582e-01 7.912839999999999874e-01
6.868832588573090536e-01 4.849501827572556129e-02 7.251480000000000148e-01
2.489140994965494125e-01 -8.595093435651655067e-01 4.464140000000000330e-01
-3.153711144864890792e-01 -6.911822509140044257e-01 6.502369999999999539e-01
-3.488881849936334989e-01 8.774524652582885720e-01 3.291719999999999646e-01
6.952798871495849409e-02 -4.712779235071939410e-01 8.792400000000000215e-01
7.060819703966538796e-01 3.519079852458293356e-01 6.144990000000000174e-01
-7.124325519332442846e-01 -4.177543236411625505e-01 5.638450000000000406e-01
-9.599505723710733962e-01 -2.534051510929651307e-01 1.195020000000001081e-01
-7.916148822307500499e-01 -2.466219633098311048e-01 5.590380000000000349e-01
-6.567013620595347767e-01 7.326124039116126418e-01 1.789479999999999127e-01
7.057507446501773973e-01 6.769187550819670829e-01 2.090379999999998906e-01
9.870999025311197328e-02 -9.712359040975732105e-01 2.166960000000000552e-01
-9.750234482191451058e-01 5.248702412833167880e-02 2.158109999999999751e-01
4.449458895456510077e-01 8.304177938552552707e-01 3.353050000000000752e-01
9.037315310390828804e-01 3.754312206060586021e-01 2.057200000000000417e-01
-2.378689095500923223e-01 9.689956315383728702e-01 6.682700000000008078e-02
3.830704912682265650e-01 -4.713556044893491004e-01 7.944059999999999455e-01
-7.986371011470371206e-01 4.648380588715353423e-01 3.822360000000000757e-01
-8.462761849929431035e-01 4.942361080382430272e-01 1.988650000000000140e-01
-7.540751501312619176e-01 6.802401354312102855e-02 6.532559999999999478e-01
-3.824101588155677245e-01 9.093873776700731604e-01 1.636370000000000602e-01
-4.706456479124637715e-01 7.766604189844216188e-01 4.186779999999999946e-01
-6.717988061711993586e-01 -2.947319149633295665e-01 6.795729999999999826e-01
1.013925378991430287e-01 -3.062316043362782181e-01 9.465419999999999945e-01
-8.251604193351009808e-01 -3.678081869150282013e-01 4.287509999999999932e-01
-7.393761803136427169e-01 -6.154321500870811867e-01 2.730680000000000884e-01
9.427486011904390173e-01 6.829797110800925330e-02 3.264360000000000595e-01
-5.030014586020352674e-01 2.692982455275654274e-01 8.212599999999999900e-01
-6.201837218202806978e-01 -7.380506689517629670e-01 2.658070000000000710e-01
7.893680480100887520e-01 -6.076560369581974763e-01 8.747699999999998532e-02
-2.057471562194743420e-01 -2.627751995196641599e-01 9.426649999999999752e-01
-6.601432000619679163e-01 -7.494512271275193260e-01 -5.033700000000009001e-02
-5.509665801885350600e-01 6.496985049593008155e-01 5.237629999999998676e-01
5.412882273533461408e-01 -7.256203047770042325e-01 4.248319999999998764e-01
-9.150081999621413331e-01 1.703070372182018677e-01 3.657259999999999955e-01
-1.998934034307306151e-01 -8.561531618162249169e-02 9.760699999999999932e-01
-8.849481193305207549e-01 -1.926800259818711447e-01 4.239589999999998637e-01
8.168673423229056985e-01 3.064917532370370901e-01 4.886619999999999853e-01
-7.362270114020852407e-01 -5.249890081306026746e-01 4.270319999999999672e-01
6.867259005965453689e-01 -2.892379581328559102e-01 6.668950000000000156e-01
-9.019976985571833694e-01 -4.152848612140160878e-01 1.180620000000000003e-01
6.837176600595834541e-01 -7.076726481493035292e-01 1.781280000000000641e-01
2.268999051549903251e-02 -6.188657413118021644e-01 7.851690000000000058e-01
7.018574592700681514e-01 7.035504603779068056e-01 -1.114129999999999149e-01
8.297750888270395420e-01 4.295770459860240864e-01 3.562819999999999321e-01
2.705019195810974830e-01 9.182807269996149380e-01 2.891180000000000416e-01
-3.655478687543753380e-01 -9.163416709983968067e-01 1.633789999999999409e-01
-3.490419340533904013e-01 3.629449314266128268e-01 8.639679999999999582e-01
-3.461401896063901612e-02 9.484805195524009802e-01 3.149390000000000800e-01
-4.030018439379924322e-01 -8.972176525534804048e-01 -1.805269999999999930e-01
7.842753443966623550e-01 -5.614082465296502678e-01 2.640700000000000824e-01
1.309060838100960800e-01 9.110835833036967646e-01 3.908840000000000092e-01
-1.108830073360105861e-01 -5.291900350111690132e-01 8.412269999999999470e-01
-6.045744656747471524e-01 -5.574784293989265560e-01 5.689530000000000420e-01
-6.393761255372542029e-01 1.839250361124589450e-01 7.465720000000000134e-01
-3.469905173059020798e-02 3.364775016327211099e-01 9.410519999999999996e-01
-2.001279338981230560e-01 2.634099129962053643e-01 9.436970000000000081e-01
6.591774726456689493e-01 2.173688261008656086e-01 7.198860000000000259e-01
1.224239426523240776e-01 -8.176476169851291109e-01 5.625520000000000520e-01
-5.707188311184927532e-01 -4.362238709169196094e-01 6.956930000000000058e-01
-8.476091234390317197e-01 1.208370175977392519e-01 5.166789999999998884e-01
7.781242106723298413e-01 1.717700465056804515e-01 6.041670000000000096e-01
1.650042408576243291e-01 5.604898181501598575e-01 8.115569999999999729e-01
5.679692982022580550e-01 -3.579495577081506091e-02 8.222709999999999742e-01
4.262931665972019557e-01 -1.483657099451563266e-01 8.923349999999999893e-01
-6.839897793748918320e-02 -3.738738794046820857e-01 9.249540000000000539e-01
5.983519321363155452e-01 7.156759188297018293e-01 3.602540000000001297e-01
1.536129134581788180e-01 -6.912076105902552614e-01 7.061410000000000187e-01
-5.986901638956623056e-02 -9.876292703704896425e-01 1.449280000000000568e-01
-9.250779053994385714e-01 3.633649628414762356e-01 1.104390000000000233e-01
-3.401770643467864619e-01 -8.738061652863307049e-01 3.474800000000001221e-01
-1.482859728195129734e-01 -6.692428773292776745e-01 7.280969999999999942e-01
5.476481271494435532e-01 -3.736130867430995650e-01 7.486620000000000497e-01
-9.992278403746239768e-01 3.895099377762847870e-02 5.152000000000006401e-03
-4.873049817720548349e-01 -7.724029711077874394e-01 4.073419999999998709e-01
-3.530238107454097829e-01 -1.486819202922435856e-01 9.237250000000000183e-01
5.559013027914543326e-01 -7.893364299402149120e-01 2.606179999999999053e-01
8.441152593066781895e-01 -4.069681250179421061e-01 3.490650000000000697e-01
1.738868796895081947e-01 7.054305119200945384e-01 6.871180000000000065e-01
2.527349899193310212e-01 -9.615399616477079414e-01 1.075449999999999878e-01
-2.816078063394023556e-01 6.719085379311009465e-01 6.850079999999999503e-01
-8.342597159148505970e-01 2.989238982093481156e-01 4.633090000000000264e-01
-2.106689176155224774e-01 9.479206293048506593e-01 2.388830000000000953e-01
-1.886210874440515939e-01 -8.828324092779010757e-01 4.301499999999999768e-01
4.536549244563057304e-01 4.975929171396470396e-01 7.393229999999999524e-01
-7.763427193622381983e-01 6.228107748620322903e-01 9.694699999999994988e-02
-9.470559322847477146e-01 1.130539919165494955e-01 -3.005060000000000509e-01
-3.979079414730091746e-01 7.139018949944819781e-01 5.762059999999999960e-01
-5.482398479732209645e-02 -9.442467381606054477e-01 3.246419999999999306e-01
4.127217054673075203e-01 -3.142375371278183227e-01 8.549360000000000293e-01
-5.985603972017782270e-01 5.072383366009014516e-01 6.200280000000000236e-01
-3.619663646418396774e-01 2.301508676869851514e-02 9.319070000000000409e-01
-6.348617524768254139e-01 1.229001456687405826e-02 7.725279999999999925e-01
6.075100893402417546e-01 6.164150906498083726e-01 5.009630000000000472e-01
9.775179236763223978e-01 -1.627149872953672360e-01 1.340990000000000792e-01
-8.159540796452008360e-01 -5.665360552995311050e-01 1.151340000000000141e-01
-9.230821563368236671e-01 -2.749000465581401265e-03 3.845929999999999627e-01
-1.285100547135274197e-02 4.997662127769096352e-01 8.660649999999999737e-01
2.682575459683065322e-01 3.036044861428464636e-01 9.142550000000000399e-01
1.663599230329694534e-01 8.238576188392411348e-01 5.418330000000000091e-01
8.747507313368111381e-01 -4.537578606368312673e-01 1.700440000000001117e-01
1.128821064774020028e-01 2.332362200028642862e-01 9.658459999999999823e-01
-5.976781214617187254e-01 -4.973201010666981614e-01 -6.288510000000000488e-01
9.470711166726336616e-01 3.177950391501583316e-01 4.541600000000010212e-02
8.705648831248559150e-01 -4.919659339525512820e-01 -9.290000000000089853e-03
5.119016058940272229e-01 -5.245655961441961779e-01 6.802850000000000286e-01
-4.580447978880938104e-02 1.607851739286823012e-01 9.859259999999999691e-01
3.180369747002425029e-01 6.113409513679886054e-01 7.246479999999999588e-01
7.266367164905314091e-01 4.767388139923779411e-01 4.946909999999999363e-01
6.721274619039893095e-01 -6.527494485868996499e-01 3.495179999999999398e-01
5.557580971962275962e-01 -8.264171445316393916e-01 9.037499999999988598e-02
9.885417516712944330e-01 1.450829635541296125e-01 4.166699999999991938e-02
5.667775768850760176e-01 -2.100398431995267323e-01 7.966469999999999940e-01
-4.524157210315692401e-01 -5.752126453125708805e-01 6.815059999999999452e-01
-8.368988610824038554e-01 -4.716769217059229025e-01 2.777070000000000927e-01
-7.434232306483716801e-01 -1.092808869077198097e-01 6.598330000000000028e-01
4.082372041558705589e-01 -8.491634246592336677e-01 3.350580000000000225e-01
9.014710371127538924e-01 2.550670105008799871e-01 3.497009999999999286e-01
3.822838663402747805e-01 9.240436769222172275e-01 -1.525999999999990038e-03
9.794015644801700171e-01 -1.973879122256354535e-01 -4.255100000000006794e-02
6.576248772592446779e-01 -4.478069164201948227e-01 6.058040000000000092e-01
-2.457730716154675199e-01 -9.629592805953418599e-01 -1.109280000000000127e-01
3.227681891551173465e-01 7.384514327621867213e-01 5.920389999999999819e-01
-5.203520406507402551e-01 -8.521240665693056160e-01 -5.584200000000003744e-02
-7.428509995882680572e-01 6.076359996632119120e-01 2.809819999999998985e-01
-1.618829785676478006e-01 8.056038933427931426e-01 5.699089999999999989e-01
6.968225692550873429e-01 -1.223040999138577528e-01 7.067390000000000061e-01
-4.463589765284446675e-02 -1.994395426983444630e-01 9.788930000000000131e-01
7.803678941381421152e-01 6.234059154310308548e-01 4.889800000000001090e-02
3.083932373959016315e-01 8.413756476767526582e-01 4.438249999999999695e-01
-7.279455677939254965e-01 4.124613217177815483e-01 5.476959999999999607e-01
-2.094438793583152103e-01 -9.458274551943073316e-01 2.480800000000000505e-01
-8.009321220321368173e-01 6.301000960037088199e-03 -5.987219999999999764e-01
-1.371099724703956670e-02 8.747818243570746333e-01 4.843230000000000035e-01
8.185747638942576510e-01 5.353948455733023026e-01 2.080570000000000197e-01
7.272659138237386189e-01 5.854759306249256445e-01 3.581929999999998726e-01
-4.605448717897950295e-01 6.601648162179812873e-01 -5.933640000000002246e-01
2.366501522068415950e-02 6.430434135877645119e-01 7.654640000000000333e-01
9.408046414951599656e-01 -3.320068734848173331e-01 6.825000000000007450e-02
-5.134968243262147958e-01 8.198537195176298642e-01 2.533000000000000806e-01
1.159860963154173141e-01 -1.298989879156518257e-01 9.847200000000000397e-01
5.418949119217231214e-01 -8.364008640534440486e-01 -8.236199999999993526e-02
4.664757053856308233e-01 7.407185321807320255e-01 4.834629999999999761e-01
8.728574011368156471e-01 1.211780556894852673e-01 4.726900000000000546e-01
-9.513316209121401856e-01 -1.363349456730738873e-01 2.763710000000000333e-01
-8.448762211790056265e-01 -5.707001494028231953e-02 5.319089999999999652e-01
2.260299575722054047e-02 7.788828537968973675e-01 6.267620000000000413e-01
-2.442076365041055130e-01 -4.240003688879039889e-01 8.721160000000000023e-01
3.035001479199461172e-01 4.601152242510248014e-01 8.343749999999999778e-01
5.484183039635978085e-01 1.498050830302192493e-01 8.226759999999999629e-01
-4.498732449791668642e-01 5.820573169602066832e-01 6.773649999999999949e-01
3.940940751086276506e-01 -7.782251483184512431e-01 4.889330000000000065e-01
8.877996427933718682e-01 -6.017697578776384087e-02 4.562789999999999901e-01
2.732302891798394362e-01 -5.608985407987086141e-02 9.603120000000000545e-01
-9.545431043578457286e-01 2.160880236243713781e-01 2.053130000000000233e-01
-1.191249834144108566e-01 7.075079014947580625e-01 6.965930000000000177e-01
9.870204381435383756e-02 -9.149864061672552396e-01 3.912259999999999627e-01
8.783271387162329136e-01 -2.383570376442772920e-01 4.143999999999999906e-01
4.681839888182771636e-01 6.296729849614062235e-01 6.199320000000000386e-01
3.375296529568052595e-01 -6.157813668623455250e-01 7.119600000000000373e-01
-5.067505416316633315e-01 9.446991454963729606e-02 8.569010000000000238e-01
-4.971346716540863686e-01 -9.294412557221481963e-02 8.626810000000000311e-01
-6.199070213392033901e-01 -1.579390054367711127e-01 7.686159999999999659e-01
2.556059696284848637e-01 -9.253688900461708444e-01 2.799249999999999239e-01
-5.219511238602052572e-01 -2.902680688812821486e-01 8.020669999999999744e-01
