-1.383299335163945369e-02 -8.014916147901570698e-01 5.978459999999999885e-01
-4.387761045100793122e-01 -6.130951460303367684e-01 6.569549999999999557e-01
2.457284616740334493e-01 -3.493006562652195557e-01 9.042160000000000197e-01
-9.306022463309641113e-01 -3.658510968410012554e-01 -1.150799999999999566e-02
-6.191867885368854685e-01 -4.183168571374792366e-01 6.645440000000000236e-01
-8.696591096574739499e-01 -4.556800574578283025e-01 1.898650000000000337e-01
-6.163179859446619169e-01 -5.906649865296870194e-01 5.208329999999999904e-01
-4.465498358344561214e-01 3.134838847536191575e-01 8.380459999999999576e-01
-3.749445277894406514e-01 -1.076568644153884646e-01 9.207750000000000101e-01
1.972559821465957874e-01 -8.749287918100499828e-02 9.764399999999999746e-01
-2.439128113023094624e-01 -5.466155771230855054e-01 8.010730000000000350e-01
2.031630490466218297e-01 8.578732071035205520e-01 -4.719940000000001912e-01
-9.477130883801725414e-01 -6.315500588959935269e-02 3.128119999999998679e-01
-4.923589051368527092e-01 -8.657608331932322709e-01 -8.967099999999990356e-02
2.990730117380161479e-01 6.695730262793988530e-01 6.798729999999999496e-01
-8.891639459874298712e-01 -2.985529818642963518e-01 3.467759999999999176e-01
1.896374648588715073e-01 1.481421443273328309e-01 9.706139999999999768e-01
-7.617520302613418615e-01 -5.347010212415193031e-01 3.658259999999999845e-01
5.623639274696362600e-01 7.749749000483341366e-01 2.883760000000001322e-01
1.586210111387074406e-01 9.273090651176305599e-01 3.390239999999999920e-01
6.676282546547329666e-01 7.432782835100693042e-01 4.254300000000005993e-02
1.716202214390364078e-01 3.685814755752330751e-01 9.136159999999999837e-01
-8.997911607012404334e-02 -4.163545370837685722e-01 9.047389999999999599e-01
8.561599101067437489e-01 -4.590659517999701178e-01 2.371679999999998789e-01
2.483048781555511619e-01 -9.183855493436059447e-01 3.080789999999998807e-01
3.223078059021395880e-01 -5.362506770630213193e-01 7.800979999999999581e-01
-4.592481629294730139e-01 8.403022981177096229e-01 2.880680000000000462e-01
-4.167500114069655481e-01 -7.605170208162957968e-01 4.979290000000000105e-01
7.188038300109721446e-01 -1.148999728274476689e-02 6.951180000000000136e-01
-1.495024424206889690e-01 -1.680314972534869278e-01 9.743789999999999951e-01
4.176310445413860539e-01 -8.083890862166996927e-01 4.148390000000000688e-01
-1.690010330368046099e-01 -9.465541850351160136e-01 2.747250000000001080e-01
6.347519216262654806e-01 6.217199232353449734e-01 4.588619999999999921e-01
2.866829184206796666e-01 -9.423267318487797972e-01 -1.727230000000000709e-01
3.906615064471093968e-01 5.093780525773584228e-02 9.191240000000000521e-01
4.697877539455639351e-01 -3.528818151758207899e-01 8.091810000000000391e-01
4.476379613724483231e-01 7.389019362387124756e-01 5.036310000000000509e-01
-9.888703501691594733e-01 5.812002058089690143e-02 -1.369580000000000242e-01
8.517282962107801669e-01 4.284601490082172448e-02 5.222290000000000543e-01
-2.135000429090977772e-03 8.753461759265118713e-01 4.834919999999999218e-01
3.819221963163197398e-01 -1.769066277331587111e-01 9.071050000000000502e-01
3.727327240725524238e-01 8.693533564330757635e-01 3.244920000000000027e-01
8.556160168931599141e-01 4.840170095563623986e-01 1.834360000000000435e-01
-2.933491083210192363e-01 -9.479293500289264207e-01 -1.240010000000000417e-01
9.522167554705929238e-01 -1.677859569125408623e-01 -2.552079999999999349e-01
7.604239458277678443e-01 -6.322649549577519235e-01 1.483119999999999716e-01
-8.588647426417058695e-01 3.264959021657029559e-01 3.946539999999999493e-01
-7.583580507315709207e-01 2.281000152591131439e-02 6.514389999999999903e-01
4.130757170603823747e-01 -7.605534790526247146e-01 -5.009259999999997603e-01
-2.335869811354507053e-01 -7.235499415659063516e-01 6.495480000000000143e-01
6.381528949862306233e-01 -7.511728763877812964e-01 -1.688200000000000811e-01
8.964839686383681006e-01 -4.425459845184468444e-01 2.166899999999992096e-02
7.865221507371660259e-01 -6.130901174988736546e-01 -7.418500000000011196e-02
5.474739518698391594e-01 3.625729681250673964e-01 7.541970000000000063e-01
-7.776495325086538735e-01 5.593086637663250427e-01 2.871150000000000646e-01
-7.717024121925106783e-01 -3.693657186532885994e-01 5.177300000000000235e-01
-5.900813182586184258e-01 -3.288001773374053111e-02 8.066740000000000022e-01
6.095659936466683027e-01 -7.370279923181682902e-01 2.919229999999999325e-01
6.498703352750435924e-02 -9.796045053884220311e-01 1.901359999999999995e-01
5.340826406653135378e-02 -2.583832775246874269e-01 9.645650000000000057e-01
9.210946938518578264e-01 2.916209030727260898e-01 2.579570000000000474e-01
-5.265096431786969733e-01 -2.416128362563568777e-01 8.151140000000000052e-01
9.451202414272387164e-01 -2.651370677282184896e-01 1.909190000000001164e-01
5.699580499821204072e-01 1.420610124579530786e-01 8.093000000000000194e-01
4.571650596483884388e-01 -8.684291133078654301e-01 1.919140000000000290e-01
2.346411020684770754e-01 8.198433566304544895e-01 5.223029999999998507e-01
9.451918467817329583e-01 8.445898630895985748e-02 3.154030000000000444e-01
1.643391608286092209e-01 -6.910436762818601419e-01 7.038830000000000364e-01
6.863729994236769105e-01 4.274629996410744259e-01 5.883599999999999941e-01
-7.078063091650083072e-01 -2.017260881125908512e-01 6.769910000000000094e-01
1.301029090438989566e-01 5.728695995017670795e-01 8.092549999999999466e-01
7.015577626946485346e-01 -4.290078548859905250e-01 5.690070000000000405e-01
6.168269504172226858e-01 -6.893539445872410854e-01 -3.798889999999999767e-01
-2.522163067727585806e-01 4.827435871649770616e-01 8.386569999999999858e-01
-3.488359016345350949e-01 -9.321677371454243355e-01 9.683399999999993402e-02
8.428507608877187085e-01 -3.373689042902348612e-01 4.192669999999998898e-01
-6.282922132583539376e-01 3.907711326376593908e-01 6.727159999999999807e-01
7.106202452245174994e-02 7.449212570612887552e-01 6.633569999999999744e-01
0.000000000000000000e+00 0.000000000000000000e+00 1.000000000000000000e+00
-2.151417652118907398e-01 5.990121305542628338e-02 9.747440000000000548e-01
-5.553187869640993091e-01 6.036037684406229120e-01 5.720870000000000122e-01
-8.494800866633777092e-01 -1.389850141791562077e-01 5.089859999999999385e-01
-4.665490233764556516e-01 8.827840442319262459e-01 5.499399999999989713e-02
-2.541248344697615291e-01 8.776934282935677789e-01 4.062940000000000440e-01
-5.850128884351984970e-01 -7.316198604765360436e-01 3.499889999999999946e-01
-9.427807038688221231e-02 6.333744728698228466e-01 7.680810000000000137e-01
9.194087128165732148e-01 -1.283479599096610246e-01 3.717720000000000469e-01
-9.641655604657575207e-01 -2.188629002269497081e-01 1.499460000000000237e-01
-4.231703737248353886e-02 4.391123878040971706e-01 8.974349999999999827e-01
-2.892331329370206316e-01 9.538794384210385058e-01 -8.036299999999992061e-02
3.730698703685526030e-01 -6.943797587222654277e-01 6.153499999999999526e-01
-4.276085180530682095e-01 1.064028800759586058e-01 8.976800000000000335e-01
-3.875489500066879867e-01 -8.691308878832425533e-01 3.072740000000000471e-01
5.665848469541547860e-01 -6.516378239796527527e-01 5.043309999999999738e-01
1.041790148466503613e-01 -5.084890724652609828e-01 8.547430000000000305e-01
7.304492475595775192e-01 -5.621911905345431393e-01 3.877949999999999453e-01
7.706495921423046902e-02 9.864974779072214206e-01 1.445120000000000016e-01
7.248100014802154600e-01 6.461430013195609279e-01 2.390599999999999115e-01
-1.102190168885844312e-01 9.933211522041166530e-01 3.413000000000003531e-02
7.996927659153889589e-01 -1.832039463728742379e-01 5.717759999999999510e-01
5.282465657055348540e-01 -5.152675518061544668e-01 6.748739999999999739e-01
7.911189625772188094e-01 4.660649779534450365e-01 3.961239999999999761e-01
-4.367196808198217095e-01 -4.383986795927117264e-01 7.855459999999999665e-01
-9.956945868953434031e-01 5.228997830536222247e-03 9.254700000000001814e-02
5.068336292274482346e-01 5.668475853244269169e-01 6.494640000000000413e-01
5.624704672593116017e-01 -9.333007753180000421e-02 8.215329999999999577e-01
-8.815014967392368339e-01 9.239605206655295000e-02 4.630530000000000479e-01
-1.623860434262249797e-01 7.865602103465292316e-01 5.957799999999999763e-01
-2.932836879689822984e-01 -3.192076603878933327e-01 9.011609999999999898e-01
6.492322273684061340e-01 -2.679070938240684097e-01 7.118449999999999500e-01
2.067090116353071660e-01 -8.296450466993425810e-01 5.186140000000000194e-01
2.407500825332269459e-02 -9.148013136094648168e-01 4.031859999999999333e-01
-7.229701135254542610e-01 -2.145470336895660135e-01 -6.567220000000000280e-01
-7.716438173585666860e-01 2.466109416293181533e-01 5.863009999999999611e-01
-7.282699325802742818e-01 4.812239554506017591e-01 4.879000000000000004e-01
6.268202371564511877e-01 -7.771992940521307291e-01 5.529599999999999793e-02
1.280090065272841138e-01 9.895130504560805118e-01 -6.691500000000003001e-02
-9.844253131710072324e-01 -1.563640497434253263e-01 -8.035599999999992749e-02
-4.494160772668242543e-01 5.048780868022495483e-01 7.369689999999999852e-01
8.982296922279141560e-01 -3.960608642925307898e-01 -1.905760000000000232e-01
3.482318654397974500e-01 4.840468129595719704e-01 8.027659999999999796e-01
8.426501190889560400e-01 2.605980368294592009e-01 4.712000000000000077e-01
-8.133410594948460304e-01 -5.817260425525072609e-01 8.433999999999990116e-03
9.728610981936497426e-01 -2.285930230725468082e-01 -3.586799999999999017e-02
5.488611245836511054e-01 8.241871870787423893e-01 -1.395239999999999536e-01
-2.436983605639884976e-02 2.264924763134179841e-01 9.737080000000000179e-01
-6.218692633433942074e-01 1.820410770890571739e-01 7.616690000000000405e-01
-3.141727455281529413e-01 6.627514631883527629e-01 6.797469999999999901e-01
3.793450836653958214e-01 2.729660602032673022e-01 8.840740000000000265e-01
-4.873601721643853329e-02 -6.418022267224373634e-01 7.653200000000000003e-01
-8.897298743547944755e-02 9.540408652729744921e-01 2.861640000000000850e-01
-2.396169913585484423e-01 2.778991497419114887e-01 9.302449999999999886e-01
-7.202410649963505440e-01 -6.679800602801873044e-01 1.872310000000000363e-01
