3.942368196259473101e-01 8.019196330999872613e-01 4.488899999999999002e-01
8.719107403633935549e-01 1.896789435176160221e-01 4.514349999999999197e-01
5.302397429954122665e-02 -9.959315172769067637e-01 7.286199999999996846e-02
4.834870639437564566e-01 2.299255548521000614e-01 8.446150000000000047e-01
8.292896494731342161e-01 -5.083503981237755959e-02 5.565020000000000522e-01
7.718002465358230202e-01 -4.608561472110822566e-01 4.381050000000000777e-01
5.912751419842073863e-01 7.761111863692954360e-01 2.191920000000001090e-01
-7.568005915042317344e-01 1.265519316914796299e-01 6.412780000000000147e-01
-2.018868458652032238e-01 5.601625723319968442e-01 8.034050000000000358e-01
6.198799738128408787e-01 7.304369691423017175e-01 -2.867239999999999234e-01
-1.683360579107584520e-01 -8.461912911056611586e-01 5.055920000000000414e-01
-1.162450345456926964e-01 -9.032022684135989632e-01 -4.131739999999999302e-01
7.118784647037341706e-01 2.027128475702866250e-01 6.724109999999999809e-01
-7.623011409460562771e-01 -1.417510262091277451e-01 6.315089999999999870e-01
3.516628383630234223e-01 -8.366156154611639195e-01 4.200090000000000212e-01
6.061206320266775416e-01 6.424406099769696121e-01 4.689220000000000610e-01
-7.560474101489096377e-01 6.156163339663157652e-01 -2.222810000000000896e-01
-4.142882868962551868e-01 -2.643731830794609494e-01 8.709029999999999827e-01
-4.213740337231309252e-01 8.323140666112147645e-01 3.601349999999999829e-01
-4.294100808696023064e-01 -5.400151016995373698e-01 7.238719999999999599e-01
7.689530701420239645e-01 4.341730396042059459e-01 4.692600000000001215e-01
-5.477795102113497405e-01 2.280587960847242357e-01 8.049389999999999601e-01
6.311396657290132550e-01 -3.158198327320990012e-02 7.750259999999999927e-01
3.437609262934962495e-01 9.145128039173849865e-01 2.132949999999999846e-01
8.364171152035252410e-01 -5.415400745887721801e-01 -8.450300000000003642e-02
-1.346179686354120886e-01 -9.542657776659891899e-01 2.669360000000000066e-01
1.124290165887704834e-01 -9.257451365926163689e-01 3.610479999999998690e-01
-6.984534817833344400e-01 3.853547140865638543e-01 6.030459999999999710e-01
3.071398819659253432e-01 -9.414326382067690346e-01 1.391749999999999932e-01
6.194697983641556105e-02 -6.010368043640478275e-01 7.968169999999999975e-01
-2.085546831715231197e-01 -4.502133160527636568e-01 8.682239999999999958e-01
-9.041445748488787792e-01 -5.648597343889962680e-02 4.234760000000000191e-01
-9.375625177200216376e-01 -2.618191445759728841e-01 2.289700000000000346e-01
-9.880200602000067667e-01 -1.529130093169809579e-01 -2.083200000000003105e-02
1.959407327052665737e-01 1.921487185253218377e-01 9.616059999999999608e-01
-5.879288251043721658e-01 6.225118148167089194e-01 5.165450000000001429e-01
5.153237593579562681e-01 -2.748348716596625274e-01 8.117309999999999803e-01
2.955338012348914800e-01 4.253487139261805106e-01 8.554169999999999829e-01
-5.559402492144359387e-02 -9.830344406703326321e-01 -1.747930000000000872e-01
5.802833679689959334e-01 4.389212783285390551e-01 6.860169999999999879e-01
-4.261578918183793752e-01 -7.355748132718483712e-01 5.266109999999999403e-01
-4.653189420424095890e-01 4.883849391694349285e-01 7.382130000000000081e-01
-6.178663674738559264e-01 -3.533632101615305499e-01 7.024070000000000036e-01
8.060020993458291150e-01 5.304400653807330723e-01 -2.626669999999998728e-01
5.368202392533899525e-01 -8.162593637955605219e-01 2.134120000000000184e-01
-5.827580236189024987e-01 -5.393400218591930251e-02 8.108539999999999637e-01
3.352195530056176209e-02 -3.606025191590141454e-01 9.321169999999999733e-01
5.570633216157045986e-01 -5.062482922780856542e-01 6.583259999999999668e-01
-9.387117836110895341e-01 3.069729292375583118e-01 1.568050000000000832e-01
-7.997860723710931152e-01 4.810310435275678698e-01 3.590979999999999728e-01
-6.538389111228916084e-01 7.066779039404241791e-01 2.703719999999999457e-01
1.593169929892071512e-01 -8.970379605255716093e-01 -4.122389999999999666e-01
7.251094193658567111e-01 -2.800187757738933914e-01 6.291309999999999958e-01
9.176511795109165703e-01 3.286930642989346341e-01 2.233320000000000860e-01
-2.226819023065970404e-01 9.622365778544874626e-01 1.565680000000000405e-01
-9.044838695207846335e-01 4.011709421278019660e-01 -1.448130000000000805e-01
9.629808471171621420e-01 2.212899648680054926e-02 2.686600000000001209e-01
5.825281914531597049e-01 -6.755292220187896213e-01 4.520189999999999486e-01
-9.821127613573644721e-01 3.314799194540119648e-02 1.853529999999999067e-01
-6.446730297248587371e-01 -5.655510260766675179e-01 5.143429999999998836e-01
8.289698451910403054e-02 5.868238904114585486e-01 8.054599999999999538e-01
-2.983524616947434982e-01 3.152364312316814909e-01 9.008950000000000014e-01
-1.353800265363110794e-02 3.711380727480679820e-01 9.284790000000000543e-01
-3.482679184667443750e-01 7.182598318476686172e-01 6.023389999999999578e-01
-1.724648896700539114e-01 -1.695138915578785210e-01 9.703199999999999603e-01
3.888141221223379018e-01 -6.817019674002612085e-03 9.212909999999999711e-01
8.886640346443797078e-02 -6.352128839448792363e-02 9.940160000000000107e-01
-1.855340347018360203e-01 -6.787761269566409128e-01 7.105209999999999582e-01
5.153730547185333410e-01 8.562420909095088684e-01 -3.521499999999994773e-02
-2.559009441676331487e-01 -9.662177891909845551e-01 3.062499999999995087e-02
-8.844803934861249217e-02 7.645133401153875186e-01 6.385110000000000507e-01
8.633798923256394420e-02 -7.932879010669945385e-01 6.026939999999999520e-01
3.091867559586204961e-01 -4.890526139903399461e-01 8.156170000000000364e-01
6.758328531610082734e-01 -7.370418398620602884e-01 -4.391000000000000805e-03
-9.860367766640819598e-01 1.513599657171846857e-01 -6.943799999999999972e-02
-9.029827556504311792e-01 2.326569370424055039e-01 -3.612379999999998925e-01
-3.609025331802369063e-01 3.530605215948216108e-02 9.319349999999999579e-01
-8.955816917433087054e-01 -4.445288469944253529e-01 1.809800000000005155e-02
3.367762054718038134e-01 -6.887594202216135164e-01 6.420219999999999816e-01
-4.664872440702939049e-01 8.801454604999687792e-01 8.794099999999993589e-02
2.735910566566724933e-01 -2.475290512596156622e-01 9.294499999999999984e-01
-1.792890320556564665e-01 -7.599221358688967864e-01 -6.247989999999998822e-01
7.844058764762054103e-01 5.772499090979538172e-01 2.269139999999999768e-01
-8.827081994045344882e-01 2.213880500117490213e-01 4.145039999999999836e-01
-1.051147796167715281e-01 1.218240625086748768e-01 9.869700000000000140e-01
-3.923889807783046413e-01 -8.733999572153431368e-01 2.884500000000000397e-01
-8.140747224507419721e-01 -3.485668811601976280e-01 4.645249999999999657e-01
3.925149766551907504e-01 6.167049633215019311e-01 6.823540000000000161e-01
7.318641712870155303e-01 6.809391593684196442e-01 -2.639500000000001220e-02
