7.061319431121775292e-01 3.225899740113142289e-01 6.303279999999999994e-01
2.920240433518119239e-01 9.228391369981330250e-01 2.511769999999999836e-01
8.044727376783275541e-02 5.480586777274287780e-02 9.952509999999999968e-01
-5.782861822542046948e-01 -7.353662317599692910e-01 3.533009999999999207e-01
-6.297099933728091126e-02 -9.284349902289681378e-01 3.661189999999999722e-01
-7.663160378269142647e-01 4.191470206899473028e-01 4.869040000000000590e-01
2.798663182159287777e-01 -2.170514712395665846e-01 9.351810000000000400e-01
4.612559260066816380e-01 -6.813978906921555057e-01 5.682779999999999498e-01
-3.073051612423299828e-03 -9.403657936030729303e-02 9.955640000000000045e-01
-2.114251516998008618e-01 -5.128503679756075684e-01 8.320359999999999978e-01
-1.411472712261739315e-01 2.428074665746605132e-01 9.597510000000000208e-01
4.351449660812042319e-01 -8.474589339420451894e-01 3.040760000000000685e-01
-8.354104886942705921e-01 -5.495653214819872234e-01 8.201999999999943711e-03
-7.804231261426239907e-01 6.118330988928059044e-01 -1.288409999999999556e-01
-8.789869081144736640e-01 4.602189518906819043e-01 -1.248220000000000857e-01
2.115950307051115420e-01 -8.435161224048434159e-01 4.936679999999999402e-01
8.597940516036718384e-01 4.878530292802766288e-01 1.508430000000001159e-01
6.879234715511828302e-01 -4.666093198468809211e-01 5.559110000000000440e-01
-4.096677637837907726e-01 -1.951618874688094141e-01 8.911139999999999617e-01
-9.590506985497312398e-01 -1.675159473461335369e-01 2.283859999999999224e-01
6.195972155550860672e-01 7.971089908151973713e-02 7.808619999999999450e-01
9.251218412061309460e-01 -2.128889634583676360e-01 -3.143690000000001206e-01
-8.078698100079918509e-01 1.229859710765875275e-01 5.763859999999999539e-01
-5.250189369153844821e-01 -4.628829443814488909e-01 7.142089999999999828e-01
-8.675536841591047210e-01 -4.505003552678369522e-02 4.952989999999999893e-01
-1.338802962817308220e-02 3.706578202785895670e-01 9.286729999999999707e-01
-3.330980743939186417e-01 9.336682085248824148e-01 1.315650000000000985e-01
-6.679039711654297662e-01 6.625949713946285291e-01 3.389280000000000070e-01
-4.794233295999217326e-01 -7.290455012132814883e-01 4.885140000000000038e-01
5.875080017737936977e-01 -8.088740024421380292e-01 -2.360500000000010160e-02
7.271982950478974583e-01 5.316912157243441905e-01 4.341510000000001201e-01
3.636349322648798621e-01 1.107719793662471086e-01 9.249319999999999764e-01
-5.389648941711064900e-01 7.793518469697290341e-01 3.195740000000000247e-01
-1.569500435322944421e-01 9.820162723759778833e-01 1.049319999999999697e-01
-3.145096030398709663e-01 -3.643666986357327886e-01 8.765389999999999571e-01
-6.949898497861808910e-02 8.447658174138805709e-01 5.306039999999999646e-01
8.959613755562586546e-01 -7.471694792573455035e-02 4.378019999999999690e-01
-9.536442828847055964e-01 -2.839360842255095885e-01 9.971399999999998320e-02
-5.842709450529977033e-01 7.677599277970146296e-01 -2.630060000000000731e-01
5.972584817562779369e-01 -1.051369087722575785e-01 7.951279999999999459e-01
-3.665350185841402264e-01 -7.047550357326465287e-01 6.074310000000000542e-01
-2.798870942383037130e-01 6.590102218894929864e-01 6.981180000000000163e-01
5.639570636573341122e-01 4.259810480831248691e-01 7.074549999999999450e-01
5.955349484944424399e-01 6.359619449980649097e-01 4.908060000000000200e-01
8.151667229253342084e-01 -5.121718259131124995e-01 2.705239999999999312e-01
3.311543518489127869e-01 -4.615677027832884582e-02 9.424470000000000347e-01
8.251989908985496447e-01 3.561799960715480995e-02 5.637180000000000524e-01
3.078529913207326829e-01 -4.911729861524112839e-01 8.148469999999999880e-01
-9.173775283477605402e-01 3.972112287669545272e-01 2.533199999999990321e-02
-8.885281952792192794e-02 7.691011260516046610e-02 9.930710000000000370e-01
6.555406262647728299e-01 4.846497236926783914e-01 5.791209999999999969e-01
-2.371869301905725202e-01 -9.008347348641549956e-01 3.636469999999998870e-01
-6.165425344689119402e-01 2.806457880935512295e-01 7.356040000000000356e-01
-7.765420786914325468e-01 -5.688460576444113181e-01 -2.709180000000000477e-01
4.930782500707703297e-01 1.893060960089422706e-01 8.491389999999999771e-01
-9.059916542937401784e-01 -3.242968762555263340e-01 2.720489999999999853e-01
-6.245970746243345584e-01 -3.267555158933410087e-01 7.093019999999999881e-01
-3.814870035563103778e-01 -4.963130046267452133e-01 7.798340000000000272e-01
1.789174794385334499e-01 -7.361760873161996011e-02 9.811060000000000336e-01
-1.673970775799983879e-01 -9.614754455947774892e-01 2.180440000000000711e-01
-2.468107357862363016e-01 -2.225107617996411047e-01 9.431720000000000104e-01
6.866942844961796411e-01 -2.102790871182391996e-01 6.958689999999999598e-01
-7.111753252833185046e-01 -6.125062801532454859e-01 3.450590000000000046e-01
2.412200485779397996e-01 5.815981171247516235e-01 7.768890000000000517e-01
-5.558807914278589557e-01 6.812667443817709279e-01 4.763109999999999289e-01
-9.857582946360294862e-01 -1.364300407779521496e-02 1.676140000000000407e-01
-8.412861295096211167e-01 2.693310414614717985e-01 4.687199999999999700e-01
6.005850332386715174e-01 7.690490425621137049e-01 2.187720000000000498e-01
-6.529057773529531872e-01 4.283765100272607373e-01 6.246660000000000545e-01
6.234477680313629255e-01 -3.768418597869828135e-01 6.850570000000000270e-01
-9.813520770894852419e-01 1.273290100022489990e-01 -1.439980000000000426e-01
-5.478032221203245067e-01 5.620572278999625970e-01 6.196800000000000086e-01
1.123500513801629075e-01 8.302183796772236724e-01 5.459990000000000121e-01
-6.127729466930053048e-01 -6.188659461629563152e-01 4.914410000000001277e-01
1.649668150522701493e-01 3.209656401587404062e-01 9.326130000000000253e-01
3.563750141200184851e-01 9.300620368502074964e-01 8.933900000000005726e-02
-3.414989698836671805e-01 -9.131799194678965614e-01 2.224430000000001129e-01
-7.251229253169215738e-01 6.876869291725924427e-01 3.582499999999992635e-02
-8.136694449526387096e-01 -1.961108662223100541e-01 5.472500000000000142e-01
4.542037140527583339e-01 3.567675608735750847e-01 8.163430000000000408e-01
4.319699259555060955e-01 8.988548459261899160e-01 -7.390499999999990133e-02
-5.200506334449725987e-01 4.230537018127635274e-01 7.420060000000000544e-01
-1.041748645330768802e-01 6.422251648631616128e-01 7.594039999999999679e-01
-4.120868761639582267e-01 -8.344727492329696572e-01 3.658410000000000273e-01
-6.969796461428658940e-01 1.266671174281842338e-01 7.058149999999999702e-01
7.266654114954792520e-01 -5.525373128903656728e-01 4.082399999999999918e-01
9.687999886740799801e-03 -9.767509885811196391e-01 2.141579999999999595e-01
-6.397218332186002110e-01 7.470158052460693643e-01 1.808959999999999735e-01
-7.432919834146738403e-01 -4.848199891820470508e-01 4.609410000000000451e-01
8.457196743548599238e-02 -9.948536169306975152e-01 5.580199999999994886e-02
5.419815017462735751e-01 -2.760857461892123887e-01 7.937459999999999516e-01
9.191052632463841965e-01 3.328270953269804044e-01 2.108829999999998761e-01
-6.501421690008755139e-01 -7.569491967647742348e-01 -6.590200000000009939e-02
4.503289459765404956e-01 8.594398968977748909e-01 2.420060000000000267e-01
-4.229850271233986936e-01 7.866970504459881441e-01 4.496569999999998624e-01
-4.071187865460779154e-01 5.500727115947935397e-01 7.291600000000000303e-01
-1.920979580863881597e-01 3.956989136629519010e-01 8.980650000000000022e-01
9.585655984669313456e-01 -1.334799440866523551e-02 2.845590000000000619e-01
2.675188687017092115e-01 9.612055282402186540e-01 -6.721299999999989783e-02
1.358189174998947757e-01 -5.209426835652426480e-01 8.427170000000000494e-01
-2.833729134839479968e-01 7.786197622810628882e-01 5.598670000000000035e-01
2.879951679359076810e-01 4.341492531613618255e-01 8.535650000000000182e-01
3.457304942924645935e-02 -3.867435529290215723e-01 9.215389999999999970e-01
-7.615889297418343418e-01 6.191729428800061275e-01 1.913299999999999723e-01
5.483629304198035515e-01 -5.386959316464211556e-01 6.396129999999999871e-01
3.830854596036222248e-01 -3.353505269405154809e-01 8.606890000000000374e-01
9.311267660119969536e-01 -3.198029196349527203e-01 -1.752970000000000639e-01
2.111394643195847187e-01 1.445470024796043085e-01 9.667090000000000405e-01
-8.328728905730355958e-01 5.527249273802622431e-01 2.859899999999996473e-02
-8.631508551540898466e-01 3.798569362559586771e-01 3.326849999999999530e-01
3.912580454094430893e-01 -5.945510690036492907e-01 7.024430000000000396e-01
-2.388737539416343203e-01 5.348744490381192040e-01 8.104620000000000157e-01
2.162958794252352879e-01 8.875685052223653004e-01 4.067410000000000747e-01
-7.333242760260940685e-01 -6.776072550539915529e-01 5.553300000000004760e-02
2.765828783581059658e-01 -8.993646044570272613e-01 3.385929999999999773e-01
7.220914341891311317e-01 -3.193801920413420065e-02 6.910600000000000076e-01
-4.941768108661852565e-01 8.542086730729948618e-01 1.616069999999999174e-01
3.445901284578098411e-02 2.161720805855701921e-01 9.757470000000000310e-01
-9.691290635902340966e-01 -2.309350151529990236e-01 -8.635900000000001908e-02
7.102797463539037293e-02 6.208537782885712453e-01 7.807020000000000071e-01
9.449623389247806537e-01 -2.975601067243526243e-01 1.360299999999999010e-01
-9.730324649552374305e-01 2.299261098682240378e-01 1.848800000000008076e-02
-2.995903341752219687e-02 -7.668648553921920685e-01 6.411090000000000400e-01
-3.121096701540365115e-01 2.636295660587760215e-01 9.127359999999999918e-01
-2.097115024678100070e-01 3.735418950046885955e-01 -9.035969999999999835e-01
-1.142200061617675566e-01 9.134880492794668072e-01 3.905040000000000733e-01
6.976082808945827107e-01 -6.563922642987994882e-01 2.872139999999999138e-01
7.292662496312444231e-01 1.483110507675656220e-01 6.679629999999999734e-01
4.734193083094615506e-01 -4.426632882799194091e-01 7.615269999999999539e-01
1.384509185593000291e-01 -7.606935525387907848e-01 6.341740000000000155e-01
-8.252671371067165085e-01 -4.712780782963323367e-01 3.111770000000000369e-01
-1.746399845893059910e-01 -7.368999349740015803e-02 9.818710000000000493e-01
-1.930219420599101621e-01 -9.768207067842187286e-01 -9.254100000000003989e-02
-6.643751377474766961e-01 -7.175411487705923852e-01 2.091419999999999391e-01
5.228798446279441653e-02 9.136627285080739513e-01 4.030960000000000654e-01
-9.040838574742819933e-01 -1.766839721463780155e-01 3.891210000000000502e-01
-7.765768129470347336e-01 5.280458728103329946e-01 3.436509999999999843e-01
-1.452291277143134551e-01 7.546686636546794391e-01 6.398310000000000386e-01
-7.420590946323331327e-02 -2.415137053351930629e-01 9.675559999999999716e-01
-8.416722831790575121e-01 -4.251071430264992124e-01 -3.329739999999999922e-01
-2.638490387940456983e-01 8.651191271995193333e-01 4.265590000000000770e-01
-5.129929021178663007e-01 8.479838381995787877e-01 -1.332729999999999471e-01
-2.260159017344119392e-01 9.384565919845098136e-01 2.611820000000000808e-01
5.250039491518624368e-01 7.613899262572028093e-01 3.803369999999999251e-01
8.899479642209812136e-01 -3.548909857321418948e-01 2.864350000000000507e-01
-4.905811973623392941e-01 -6.008852417379989541e-01 6.310839999999999783e-01
-8.851537211720760245e-01 -4.436138602593777680e-01 1.403910000000000713e-01
2.835563086566760815e-01 7.884638582585760114e-01 5.458210000000000006e-01
2.603601116941429705e-01 -9.649524139633069986e-01 3.285500000000009246e-02
9.906779449948366345e-01 5.403199699999496758e-02 1.250509999999999400e-01
4.919827491498466876e-01 4.928007503954300039e-03 8.705910000000000037e-01
3.761488608588832716e-01 -8.022827032278362358e-01 4.635240000000001026e-01
-4.732369755758941143e-01 -3.328849828195629690e-01 8.156189999999999829e-01
-5.062002541734608174e-01 -8.322144178718148266e-01 2.262310000000000432e-01
8.075450531099294116e-01 -4.039170265644680957e-01 4.297930000000000361e-01
7.856382955973078008e-01 3.764401416360340646e-01 4.909839999999999205e-01
-8.586731278950852086e-01 4.781220712139008788e-01 1.846069999999999378e-01
4.290181146359340336e-01 -9.032952413653182466e-01 1.079000000000074474e-03
5.347319005622253041e-01 -7.369168629642764978e-01 4.135400000000000742e-01
-9.453892618617908417e-01 -5.444001507925003668e-03 3.258979999999999100e-01
-2.942250061928986526e-01 -6.223510130993511469e-01 7.253349999999999520e-01
-4.251605951227152569e-01 6.797113527159146518e-01 5.976879999999999971e-01
2.175600386849153856e-02 9.956241770345245490e-01 9.087999999999993306e-02
-7.381496596273133814e-01 -3.446418410801007637e-01 5.799630000000000063e-01
3.033129084979684920e-01 -7.314797793305725104e-01 6.106869999999999798e-01
-8.370198152318293339e-01 -3.344669261680059402e-01 4.330470000000000153e-01
-6.391057086592348835e-01 -4.868507780656997630e-01 5.954159999999999453e-01
1.093539967855309269e-01 -9.268429727553799680e-01 3.591709999999999625e-01
3.541758692953166920e-01 6.594807566259281995e-01 6.630570000000000075e-01
6.653172639721759429e-01 6.699532658115622263e-01 3.294170000000000154e-01
3.289866220027646837e-01 2.755225209201781489e-01 9.032470000000000221e-01
-1.293739963787063352e-01 -8.521529761474769815e-01 5.070479999999999432e-01
8.044465064990605763e-01 -1.389559147552088259e-01 5.775439999999999463e-01
2.270800743708618896e-02 7.454112441291969038e-01 6.662179999999999769e-01
8.953243371378056814e-01 -1.071080403319425028e-01 -4.323449999999998128e-01
5.091660063430930583e-01 8.570790106773268358e-01 7.852100000000006297e-02
9.363021146944511264e-01 -1.886460231086224681e-01 2.962279999999999358e-01
-6.433596035971974603e-01 -3.033198131110148577e-02 7.649629999999999486e-01
-7.393235482354746368e-01 2.812998281114083565e-01 6.117770000000000152e-01
3.529828250308248427e-01 -9.200475439439301795e-01 1.700459999999998917e-01
-3.019388628489193538e-01 -8.144936300288060371e-01 4.954119999999999635e-01
-6.077111989063337383e-01 -2.599950850974430128e-01 -7.503929999999998657e-01
1.898010228272256905e-01 7.151960860160931910e-01 6.726590000000000069e-01
3.748161315009852501e-01 8.362032933746650354e-01 4.003459999999999241e-01
4.441915415173515735e-01 -1.664668281773849512e-01 8.803309999999999746e-01
-4.146788643383831907e-01 1.168516799837676229e-01 9.024339999999999584e-01
-9.529139177988935616e-01 -1.629999859391504935e-01 -2.557070000000000176e-01
-9.204020239397510128e-01 -3.899590101428738742e-01 -2.814400000000009602e-02
-7.059317248698414593e-01 -1.825039288708339980e-01 6.843630000000000546e-01
-4.978041027224214821e-01 -3.575900737891021808e-02 8.665519999999999889e-01
-3.872291129758980155e-01 8.729112546759258962e-01 2.967820000000001013e-01
-4.485599764248662802e-02 9.686359490910386727e-01 2.444020000000000081e-01
-5.642676945492610674e-01 1.244839326140597113e-01 8.161530000000000173e-01
6.653241049112528227e-01 -7.374311162814057852e-01 1.163579999999999615e-01
-3.636811570861807619e-01 4.136811786828797910e-01 8.346280000000000365e-01
8.630059130835362469e-01 -2.438979754361479679e-01 4.424190000000000067e-01
4.446668899716645917e-01 7.216138214439407061e-01 5.306079999999999686e-01
-7.686055813403315229e-01 -3.222102437060248015e-02 6.389110000000000067e-01
8.192746293114087086e-01 2.093449052799083165e-01 5.338199999999999612e-01
2.256350313441838062e-01 -6.354220882699225248e-01 7.384629999999999805e-01
8.855205867206400461e-01 2.659661762215893011e-01 3.809400000000000008e-01
-9.913813640116286852e-01 -1.245590457351153785e-01 4.059600000000006953e-02
-7.526339193214812706e-01 -6.455699307981949131e-01 -1.295440000000000758e-01
-3.761607511912443136e-02 -5.263750511684919253e-01 8.494199999999999529e-01
-4.723983780571162638e-01 2.755556372132599297e-01 8.372030000000000305e-01
-9.403503001086591095e-02 -9.934413170524244441e-01 6.505200000000009586e-02
-9.736039538134971805e-01 1.468589930332008520e-01 1.747220000000000717e-01
-6.705471857516224210e-01 5.574621544253736127e-01 4.894920000000000382e-01
1.180771117448295576e-01 4.789604532745880827e-01 8.698590000000000488e-01
-5.989797723045744982e-02 5.136608047376203245e-01 8.558999999999999941e-01
4.085141682250380546e-01 5.151032121181202683e-01 7.535150000000000459e-01
-2.538130850028572083e-01 1.012630339133312046e-01 9.619379999999999598e-01
-9.982611778094717669e-01 5.807401034409559459e-02 1.010099999999994336e-02
7.896519260719733202e-01 5.843069452965820032e-01 -1.871769999999999545e-01
-3.386126986748906331e-01 -4.852024340528119511e-02 9.396740000000000093e-01
5.438893301211134707e-02 -6.540401944542889590e-01 7.545020000000000060e-01
-1.428115818789247038e-01 -3.824448802850408113e-01 9.128749999999999920e-01
4.220602490811387747e-02 -8.604505077995223683e-01 5.077829999999998734e-01
-1.188250749009403251e-01 -6.484724087621507316e-01 7.519069999999999920e-01
5.120661974642016778e-01 5.822032245106112391e-01 6.315279999999999783e-01
9.039202951599836222e-01 9.710403170768988623e-02 4.165320000000000689e-01
7.584208494592197258e-01 -3.087999387055567757e-01 5.739689999999999515e-01
6.091792257282759859e-01 -6.202352298250222162e-01 4.941750000000000309e-01
1.264950217018462331e-01 9.596751646446050055e-01 2.510429999999999051e-01
1.063948991206136452e-01 -2.356437765719994748e-01 9.659980000000000233e-01
-5.677386202240994884e-01 -1.839868769261428783e-01 8.023850000000000149e-01
-5.861799906929856530e-01 -8.060149872025774709e-01 8.205400000000008520e-02
-1.846839664052595809e-01 9.624518249262249414e-01 -1.989430000000000642e-01
-1.983549622224149711e-01 -7.493468572835574326e-01 6.317709999999999715e-01
