-1.418578158284233004e-01 -5.969292250169939695e-01 7.896530000000000493e-01
7.708846025663618207e-01 6.220916792773412141e-01 1.368900000000000949e-01
3.510819356920785173e-01 -9.169238320464264680e-01 1.897160000000000790e-01
2.852362926748350791e-01 -4.565334684391887943e-01 8.427440000000000486e-01
-3.460320570112440652e-01 -2.865500472111602928e-02 9.377849999999999797e-01
-6.670902257744749930e-02 9.796543315607610936e-01 1.892810000000000881e-01
8.358000758338636205e-01 -5.472790496557562445e-01 -4.386199999999993576e-02
2.261749218305277309e-01 -8.810426954983252568e-01 4.154620000000000535e-01
-1.851409430587359628e-01 -8.098657509206830252e-01 5.566330000000000444e-01
2.839550828835095131e-01 8.288582419350243313e-01 4.820409999999999973e-01
-9.270008179954044580e-01 -3.085019394296426576e-01 2.132979999999999876e-01
7.196361482766635564e-01 1.894830390418308919e-01 6.679969999999999519e-01
8.008731013228713724e-01 -3.978180503301548265e-01 4.475970000000000226e-01
-6.045265605194580782e-01 6.389835354698225611e-01 4.756550000000000500e-01
-6.442889169632436130e-02 -4.682442128908624324e-01 8.812470000000000026e-01
9.232129697290991643e-01 -1.187679961057585415e-01 3.654749999999999388e-01
9.195381979470008682e-01 -3.533280760601714698e-01 1.720719999999998917e-01
-1.138519400469299447e-01 -8.966915278129655720e-01 4.277639999999999221e-01
5.511963680479419203e-01 7.970335321997171762e-01 2.468200000000000949e-01
-6.787601471583595836e-02 9.847222134923613313e-01 -1.603590000000000571e-01
6.145151757455568076e-01 -7.733992211848983445e-01 -1.556430000000000591e-01
7.795600023762590258e-02 9.926360030257572742e-01 9.271799999999996711e-02
-7.044448458008069069e-01 3.622859206975579949e-01 6.103330000000000144e-01
-6.612916796689887189e-01 -5.657247259618122248e-01 4.925940000000000318e-01
8.701602828884646978e-01 2.636450857108224577e-01 4.163080000000000669e-01
-1.328453412709005577e-01 -3.206928238386664298e-01 9.378210000000000157e-01
9.423065005866492205e-01 1.863389012421807767e-01 2.780939999999998968e-01
-4.132992990401435085e-01 -1.801061303146730685e-01 8.926060000000000105e-01
-3.458881312296748778e-01 7.863812983524233191e-01 5.118260000000000032e-01
4.052999682591632014e-01 8.894049303467579382e-01 2.114019999999998956e-01
-2.678142065170763253e-01 4.117233174883697666e-01 8.710679999999999534e-01
2.926261385566684137e-01 6.010312845845993124e-01 7.437279999999999447e-01
-4.578229913002265228e-01 -8.830749832193824922e-01 1.028430000000001010e-01
7.532017331373395130e-01 -6.100667838506765861e-01 2.459789999999999199e-01
1.399679435084605905e-01 5.696917700704585696e-01 8.098520000000000163e-01
6.922191080443098610e-01 5.831150910149213162e-01 4.252169999999999561e-01
1.392340148190232274e-01 7.019620747115730142e-01 6.984719999999999818e-01
-1.964609149121147869e-01 -9.417065921436966747e-01 2.731150000000000522e-01
-4.430323528053956017e-01 1.117858366999838482e-01 8.895089999999999941e-01
7.415000742939402700e-01 -3.228360323462690085e-01 5.881790000000000074e-01
2.047250590409431248e-01 -3.163220912245656713e-01 9.262979999999999547e-01
-6.738141611748215132e-01 -7.091871696359653976e-01 2.074320000000000885e-01
-5.245007855708474498e-01 -6.769787232340200855e-01 5.163320000000000132e-01
1.180506056815956439e-01 -1.655762521082306260e-01 9.791060000000000318e-01
-2.460860306675579090e-01 -4.538780565628677821e-01 8.564089999999999758e-01
-7.733955669182823733e-01 -1.022749427286503421e-01 6.256190000000000362e-01
-3.515289496369298772e-01 8.659848759315353917e-01 3.556650000000000089e-01
-3.583541529853566665e-01 -7.633533258839889646e-01 5.374699999999998923e-01
-5.190496993055504493e-01 -8.513755067834744006e-01 -7.581000000000003014e-02
2.700700567778286515e-02 -6.020321265674450917e-01 7.980150000000000299e-01
6.419708253538258802e-01 3.411689071860558586e-01 6.866419999999999746e-01
-9.235079825077520121e-01 -3.835729927347095169e-01 2.182999999999929355e-03
4.479607420874426871e-01 -4.353767493326529125e-01 7.808829999999999938e-01
-7.707889998694106293e-02 1.351610710811483318e-01 9.878209999999999491e-01
6.027299447814467026e-01 -1.133039896197584884e-01 7.898600000000000065e-01
4.365774988381821986e-01 6.160342928337652069e-01 6.556689999999999463e-01
6.302557656863737590e-01 -6.932447422686180971e-01 3.495560000000000889e-01
9.729934971018115997e-01 2.301428810491145949e-01 -1.782999999999994659e-02
5.684431126791337219e-01 7.160301419344423657e-01 4.051830000000000154e-01
-7.856616737054256117e-01 2.036319154292600131e-01 5.841830000000000078e-01
7.683686857711897744e-01 3.153228710468914953e-01 5.569389999999999619e-01
-8.216198647444796777e-01 4.578169246339227061e-01 3.396239999999999815e-01
1.986330152185317721e-01 -5.960520456673178424e-01 7.779890000000000416e-01
8.717912477825534578e-01 4.677701329507245043e-01 1.455030000000000767e-01
-9.439747680626677795e-01 -2.951909274707346653e-01 -1.475600000000000800e-01
-1.017899189428054033e-02 -8.258793423370124342e-01 5.637550000000000061e-01
5.903660478522229083e-01 -6.275510508662598408e-01 5.075899999999998746e-01
8.598613483913079003e-01 -4.956402008192810349e-02 5.081160000000000121e-01
-3.267719867894915975e-01 6.813099724564790627e-01 6.550089999999999524e-01
5.042070173377266595e-01 3.362440115621294634e-01 7.954339999999999744e-01
-8.402545299391189770e-01 -4.483517491800274035e-01 3.048819999999998753e-01
1.991518031046445592e-01 -4.117975251113095876e-03 9.799600000000000533e-01
-9.701662855449376677e-01 2.389700703350494393e-01 -4.087400000000009082e-02
-5.366812255268018639e-01 -8.087203398444050562e-01 2.407169999999999588e-01
8.349406367890964686e-01 1.471491122270807139e-01 5.303030000000000799e-01
-7.924981561510456851e-01 -2.737580539403228763e-01 5.449800000000000200e-01
7.791380348845565740e-01 -5.900670264192294789e-01 -2.115769999999999595e-01
-4.457665129913151447e-01 -4.898174648647836693e-01 7.492469999999999963e-01
8.813231150231654043e-01 3.734510487398106093e-01 2.894889999999999408e-01
3.634644770241133305e-01 1.507997830196478040e-02 9.314860000000000362e-01
8.383643670327306507e-01 -4.602662015027921272e-01 2.920619999999999328e-01
-4.954650055989817670e-01 8.620340097413796698e-01 -1.068260000000000182e-01
-5.975232217297429260e-01 5.236921943324231998e-01 6.072170000000000067e-01
4.044195352561561485e-01 4.745334546838554379e-01 7.818330000000000002e-01
-7.362730049709181879e-01 -5.844970039462087374e-01 3.409770000000000856e-01
-5.705081073694137639e-02 -1.677464435100121665e-01 9.841779999999999973e-01
4.378312020503196678e-01 7.325143380406775595e-01 5.212740000000001261e-01
-6.880182003116309675e-01 -4.091041191077698369e-01 5.993870000000000031e-01
-2.119830911264721229e-01 9.380544032472027949e-01 2.740750000000000686e-01
-9.326527699314005604e-01 -1.502229629427070945e-01 3.280119999999999703e-01
-9.339987896731877237e-03 6.251421899064955046e-01 7.804550000000000098e-01
2.677630253944977001e-01 9.049470858246826399e-01 3.307170000000000387e-01
-7.663396743415429313e-02 -7.226336929145367183e-01 6.869699999999999696e-01
6.791203064593179795e-01 4.693975206353373508e-01 5.643240000000000478e-01
-4.945372122746271581e-01 8.659173716854514646e-01 7.496699999999996422e-02
3.357179546936150394e-01 -7.897828934158651615e-01 5.133579999999999810e-01
-7.888049653198809796e-01 -5.885099741259288697e-01 1.773210000000000341e-01
5.718100406699294647e-01 6.100340433886076719e-01 5.485360000000000236e-01
-4.354419561153957674e-01 -3.505599646699518179e-01 8.291549999999999754e-01
-2.200820075006576226e-01 9.715980331132214598e-01 -8.695499999999996288e-02
-1.985850279984877620e-01 8.753931234216087987e-01 4.407389999999999364e-01
6.598638785888341074e-01 -2.426919553460733237e-01 7.111119999999999663e-01
9.109025647160611319e-03 2.827987962417085055e-01 9.591359999999999886e-01
7.524818678064657540e-01 -6.538868851273074156e-01 7.875900000000007894e-02
-6.892956615696069766e-01 -2.428592330905247065e-01 6.825620000000000021e-01
-5.067200361741079628e-02 9.320730665395268177e-01 3.587089999999998891e-01
5.998384477593725617e-01 -4.000696316763200922e-01 6.929199999999999804e-01
-3.565768632666375670e-01 9.173486482324622049e-01 1.769869999999999777e-01
-1.697260707988468564e-01 6.725842805590871443e-01 7.202939999999999898e-01
-8.719911589187591128e-01 -2.968090540928952636e-01 3.892760000000000664e-01
5.472143361566637054e-01 4.844792976181974131e-01 6.825219999999999620e-01
-4.199329989878693437e-01 -6.391069984596117193e-01 6.443590000000000151e-01
-9.757289092381539186e-01 -6.459999399093388018e-04 2.189810000000000367e-01
1.893939930169253327e-01 -9.442399651852831921e-01 2.693340000000000178e-01
-5.194008910013144797e-01 2.549409464994601415e-01 8.156149999999999789e-01
3.673917235953121918e-01 -3.009405927166785011e-01 8.800329999999999542e-01
6.752385431936438476e-01 -4.829353884959411980e-01 5.575179999999999580e-01
-2.489341257423967058e-01 -7.008163539985838852e-01 6.684970000000000079e-01
-6.287341340254292144e-01 7.155191525251392015e-01 3.045090000000000297e-01
-3.604770027055553827e-01 2.648477367024663631e-01 8.943780000000000063e-01
-5.785287992254153355e-01 -3.742158701308631596e-01 7.247529999999999806e-01
6.533949595567647428e-01 7.491269536312346045e-01 1.090130000000000543e-01
-9.506799430847540089e-01 1.575379905685258819e-01 2.671880000000000921e-01
7.305294985426266097e-01 -6.555804473943883937e-02 -6.797270000000000811e-01
5.895655061788543927e-01 1.876448428283366554e-01 7.856220000000000425e-01
7.747293656612171953e-01 2.660501255718668648e-02 6.317329999999999890e-01
2.752209897282694162e-01 1.660859938013790615e-01 9.469260000000000455e-01
8.938976546847534621e-01 -2.938038865027098878e-01 3.385650000000000603e-01
-6.807659617811854247e-01 -6.786939618975091904e-01 -2.755580000000000251e-01
5.194807160235094257e-01 -2.775488482766627074e-01 8.081500000000000350e-01
-2.328469933415383553e-01 -1.611606875227503399e-01 9.590670000000000028e-01
-6.026241207845650649e-01 -7.951691593765630728e-01 6.745500000000007046e-02
-3.070261698187649047e-01 -5.704333155114793552e-01 7.618009999999999504e-01
-9.883749991306474136e-01 1.227519998920298672e-01 8.970400000000004759e-02
5.978761667579228778e-01 -9.301102594237126153e-02 -7.961739999999999373e-01
1.305200059493337172e-01 8.115530369920292975e-01 5.695139999999999647e-01
-1.858733899718027216e-01 2.648531307638068988e-01 9.462049999999999628e-01
-2.366400683602113905e-02 7.548712180660122062e-01 6.554459999999999731e-01
-9.487392792395593633e-01 2.853710839924070708e-01 1.358569999999999778e-01
2.885921423227452154e-01 -1.537606086244730774e-01 9.450250000000000039e-01
6.365100135964743555e-02 -9.046840193249321427e-01 4.213020000000000653e-01
7.919972587226584704e-01 4.323921412500398298e-01 4.310190000000000410e-01
3.603106177346286632e-02 -3.230785539021073238e-01 9.456860000000000266e-01
-8.801015298593668490e-01 4.410962655591202375e-01 1.756570000000000631e-01
-3.706059371329404328e-01 -9.279498425889273205e-01 -3.950100000000008466e-02
-9.220235814966959431e-01 1.642799254339103246e-02 3.867849999999999899e-01
-8.360287627461775450e-01 -5.486608442973635036e-01 5.214000000000087488e-03
9.468196944797419023e-02 -7.191077679579417348e-01 6.884179999999999744e-01
-5.141990062638438497e-01 -4.591508985372254326e-02 8.564410000000000078e-01
-6.429521788909878799e-01 7.433942068373490253e-01 -1.843299999999999661e-01
8.413753948492690427e-01 -2.214618407158140956e-01 4.929930000000000145e-01
7.579442450921681784e-01 -1.364810441331077429e-01 6.378819999999999490e-01
4.372997414093471868e-01 -6.769865996741132319e-01 5.919950000000000490e-01
7.262805473618308971e-01 -5.537276549015764937e-01 4.073110000000000896e-01
-2.136580810629027938e-01 9.725553689921814238e-01 9.212100000000000843e-02
6.630330062644227418e-01 3.083100029129533584e-02 7.479550000000000365e-01
5.858212549496164684e-02 4.523979691294962580e-01 8.898899999999999588e-01
-6.240209808736257857e-01 7.810899760594279817e-01 -2.227700000000005717e-02
-3.623470669588702564e-01 9.320241722306905618e-01 -5.961999999999900539e-03
-2.952110114933828577e-01 -9.455650368134673744e-01 1.369569999999999954e-01
4.261471411287531263e-01 8.242672729756960193e-01 3.728029999999999400e-01
2.932000940219888219e-01 7.275352333024819318e-01 6.202630000000000088e-01
5.198865846538411883e-01 2.958003326510161984e-02 8.537230000000000096e-01
-7.272752282621932629e-01 6.805632136011868782e-01 8.890699999999997216e-02
1.751441592602660802e-01 3.122302839139958763e-01 9.337220000000000519e-01
-2.856292143859642807e-01 -8.648196491114531481e-01 4.129200000000000648e-01
-5.646777060809110571e-01 -5.338407221317984508e-01 6.294070000000000498e-01
2.098610183197186230e-01 9.777310853505736254e-01 -5.270000000000584547e-04
-5.585886040787897411e-01 -2.157748470612577130e-01 8.008870000000000156e-01
4.401628044691297537e-01 1.776789210707635513e-01 8.801630000000000287e-01
-4.887152145887858623e-01 8.334533659590301902e-01 2.579010000000000469e-01
-2.693594987290016673e-01 1.201442224514391172e-01 9.555160000000000320e-01
-4.573891289283229522e-01 5.476851543808630707e-01 7.005970000000000253e-01
-4.260788754140020784e-01 4.109388798409555621e-01 8.059690000000000465e-01
2.273201313013931829e-02 -1.277262616109888123e-02 9.996599999999999930e-01
-8.830673463822680258e-01 1.791860702855537779e-01 4.336869999999999337e-01
-7.750582303430010311e-01 -4.349291292585213964e-01 4.583899999999999086e-01
3.500317329519019305e-01 3.196917560990406582e-01 8.804969999999999741e-01
-1.874811118566293011e-01 7.863674691694730878e-01 5.886230000000000073e-01
-6.097687527025834608e-01 -7.011757156316351658e-01 3.695059999999999456e-01
-7.193211622678294948e-01 5.928961337482805405e-01 3.620099999999999429e-01
1.169740229544662807e-01 8.979851762166498608e-01 4.241930000000000422e-01
-8.164740343544405476e-01 3.356360141224178917e-01 4.698069999999999746e-01
-6.543121172218211434e-01 -7.603901362259897490e-02 7.523919999999999497e-01
-8.990415438960038808e-01 3.115441884758720636e-01 3.076760000000000050e-01
1.604688938209280491e-01 -8.126354622952949303e-01 5.602439999999999642e-01
-4.727738959301664989e-01 6.690718527198794563e-01 5.734350000000000280e-01
7.934273588718442349e-01 5.356682422858851655e-01 2.890199999999999436e-01
-1.586859305255742814e-01 -1.326491060024916589e-02 9.872400000000000064e-01
9.597093095545649044e-01 -1.854800598266565237e-01 2.110810000000001019e-01
2.691960838571694770e-01 -7.054812197641859850e-01 6.556140000000000301e-01
8.503418385900507470e-01 -5.108219030369509639e-01 1.264109999999999123e-01
-2.975724075007865066e-01 -3.074474210238002936e-01 9.038399999999999768e-01
1.133780022552307032e-01 -4.673090092953622876e-01 8.767939999999999623e-01
-8.659688686780455669e-01 -1.292349804018473602e-01 4.831109999999999571e-01
9.982503518827734457e-01 4.491001583075918818e-02 -3.846199999999989211e-02
-4.932459783400151565e-01 7.632599664828499941e-01 4.173039999999999528e-01
-1.368891964575676135e-01 5.388147732841049864e-01 8.312279999999999669e-01
3.733021153862978725e-01 -8.613672662454239237e-01 3.445170000000000732e-01
-3.552601396841288672e-02 8.564813367584352966e-01 5.149539999999999118e-01
3.665135129375022838e-01 -5.785898097393449291e-01 7.286299999999999999e-01
9.851702188774033586e-02 9.591682131004813927e-01 2.651240000000000263e-01
-7.295329331717481658e-01 -6.830699374279515235e-01 3.459999999999996412e-02
-3.791458502253499674e-01 -8.847836504823631820e-01 2.709360000000000102e-01
9.690483851509468227e-01 6.560002607291084498e-04 2.468700000000000339e-01
2.471636750336080601e-01 4.507304073876989281e-01 8.577599999999999669e-01
1.072129069143575864e-01 1.436012147231816305e-01 9.838109999999999911e-01
-3.036158727786128497e-01 5.540857678264993202e-01 7.751169999999999449e-01
4.494783940220545837e-01 -1.338321173200014425e-01 8.832090000000000218e-01
4.896990489075723207e-01 -7.553650754403589129e-01 4.354519999999998947e-01
-9.731425432397398101e-01 -1.609279244658647356e-01 1.646079999999999210e-01
-6.622598719004209045e-01 2.305269554096401052e-01 7.129299999999999526e-01
-7.217921798333617467e-01 4.847321207702291468e-01 4.940149999999999264e-01
-9.643787053817226562e-02 4.039534577176716601e-01 9.096819999999999906e-01
-5.948901051551705454e-02 9.982161764487113009e-01 5.052000000000015680e-03
-9.825997628964003305e-02 -9.877847616452479773e-01 1.209389999999999493e-01
-9.170910741776414632e-01 3.986760322463589468e-01 1.176000000000056341e-03
-5.726803104071275241e-01 3.936292133569307961e-01 7.190919999999999535e-01
-9.937590243809979462e-01 6.836400167725034671e-02 -8.814400000000000013e-02
-2.371299862385335341e-02 -9.567749444750657251e-01 2.898609999999999798e-01
5.139400833560102688e-01 -8.149821321820602815e-01 2.677120000000000055e-01
9.148722835560665345e-01 6.994802167973196427e-02 3.976379999999999360e-01
-4.580658445978705307e-01 -7.941607305752654833e-01 3.993550000000001265e-01
2.454240216731738700e-01 9.545420842947499596e-01 1.691640000000000643e-01
9.856686497539077774e-01 1.181919580018382238e-01 1.203660000000000702e-01
5.260147366714689188e-01 -5.453387269976754936e-01 6.526210000000000067e-01
8.818367101672471842e-01 4.493918522986442565e-01 -1.428669999999999385e-01
-8.399286852892022814e-01 4.014398495854971938e-02 5.412099999999999689e-01
