5.609182029828759797e-01 1.283198176684381409e-01 8.178659999999999819e-01
4.837759079063371770e-01 -8.585078365707555781e-01 1.700739999999999197e-01
-3.381978515814714203e-01 9.391155878680095270e-01 -6.069699999999992462e-02
4.531921855972919633e-01 8.824733614022293171e-01 1.259270000000000111e-01
3.967143091657470699e-01 -7.405545771259158805e-01 5.423989999999999645e-01
7.333398091207796732e-01 -6.520408302818914148e-01 -1.924979999999998914e-01
-6.152532827090499978e-01 6.310522899686978882e-01 4.724790000000000378e-01
7.824093592234645511e-01 5.319252442200197439e-01 3.238689999999999625e-01
8.288009630504191705e-01 -5.547329752689104110e-01 -7.321400000000008457e-02
-4.653418620623219204e-01 6.753357998154481123e-01 5.721699999999999564e-01
1.223460398335446120e-01 9.920403229894683150e-01 2.978999999999992418e-02
-9.216627905176559832e-01 3.621989176767477780e-01 -1.391030000000000322e-01
4.680399880531893042e-01 -1.645899957988087442e-02 8.835539999999999505e-01
9.043000645697570755e-03 -9.467950676040312041e-01 3.217100000000000515e-01
6.185363371176577640e-01 3.017921644842210260e-01 7.254890000000000505e-01
5.392312793110106695e-01 5.967293090938392552e-01 5.942589999999999817e-01
8.612485270408792859e-01 -7.872595676723022351e-02 5.020489999999999675e-01
-9.155097703264196696e-01 4.000618996366268054e-01 4.233599999999997782e-02
-2.100010547290580842e-01 9.756892542775508215e-01 6.268999999999999573e-02
-6.005002729615277653e-03 9.406904275973139162e-01 3.392129999999999868e-01
-8.537908398151470291e-01 -4.902529080206928791e-01 1.751950000000000451e-01
-5.982255927792908823e-01 -7.217405087009223230e-01 3.481620000000001380e-01
8.428548032059721695e-01 -5.283558766367817405e-01 1.021560000000000246e-01
7.851596822392358233e-01 4.128108329319644665e-01 4.616399999999999393e-01
-7.640573018007452699e-01 1.593860629571007825e-01 6.251499999999999835e-01
6.377877531026062696e-01 -4.466505274069229592e-02 7.689160000000000439e-01
5.209458731333911352e-01 7.195528247663883770e-01 4.591939999999999356e-01
-1.537658102104803304e-01 -5.410343322140607203e-01 8.268240000000000034e-01
-3.607220615036809686e-01 -7.424711265924989201e-01 5.644609999999999905e-01
-9.248994410605676508e-02 2.709348362674288690e-01 9.581439999999999957e-01
7.572089983478657027e-01 2.823879993838650515e-01 5.889750000000000263e-01
3.767418833908686149e-01 7.253207754987452960e-01 5.761730000000000462e-01
7.442118844687226620e-01 -5.658449121583694064e-01 -3.549199999999999577e-01
-2.596859620616007169e-01 -6.594379036604892663e-01 7.054820000000000535e-01
7.161810320767504345e-01 -3.731450167126453832e-01 5.897860000000000325e-01
-4.788011567357119969e-01 7.729782530346790415e-01 4.162379999999999414e-01
8.389833784501808944e-01 -2.632371187414884739e-01 4.762489999999999779e-01
-9.780009821441070228e-01 1.285949976521714444e-01 1.642479999999999496e-01
-4.595083469363424045e-01 2.562951935070769127e-01 8.503910000000000080e-01
-5.446010722429346362e-01 -2.541140337089743961e-01 7.992719999999999825e-01
6.860663988037606353e-01 5.704963316239985982e-01 -4.514939999999999509e-01
4.542821317328497588e-01 -8.134202358758096940e-01 3.632839999999999958e-01
-8.184081858831944167e-01 -4.518811026347293591e-01 3.549810000000000465e-01
-8.728980993925825604e-01 8.773200998960942187e-02 4.799499999999999877e-01
-2.686940545623912602e-01 -8.546521735500487438e-01 4.442670000000000785e-01
-5.947511661611910583e-01 5.185051448596276202e-01 6.143480000000000052e-01
3.927117126654499635e-01 5.936155656705517369e-01 7.024230000000000196e-01
6.341090571098035866e-01 -2.694970242717272813e-01 7.247599999999999598e-01
2.362490130733243543e-01 5.667240313608381541e-01 7.893099999999999561e-01
-8.490497780915970405e-02 -8.776827706080518876e-01 4.716609999999999414e-01
-4.355290390586024074e-01 -7.845818718075499298e-02 8.967490000000000183e-01
-6.855608086040104743e-01 3.854998923755096479e-02 7.269940000000000291e-01
-5.378608207528595697e-02 -3.936186006453334940e-01 9.176990000000000425e-01
-2.987570979847457009e-01 6.960892282996004043e-01 6.528429999999999511e-01
6.033091151261988916e-01 -7.466351424763255640e-01 2.802749999999998853e-01
5.170699212507341436e-01 4.541579308321714303e-01 7.255200000000000538e-01
6.468841964247600274e-01 6.890242092204689195e-01 3.267820000000000169e-01
1.266357505597225375e-01 -3.907112303980724843e-01 9.117610000000000436e-01
-3.183471673300944937e-01 8.018674214787036014e-01 5.056320000000000814e-01
5.713652329036725819e-01 -4.499661834181896691e-01 6.863470000000000404e-01
-1.761395919680497912e-01 1.086649821254707521e-01 9.783490000000000242e-01
8.949068176598101720e-01 -3.184099351229346953e-01 3.126609999999999667e-01
1.505569541204072326e-01 9.652507058567663112e-01 2.135970000000000646e-01
8.465640503934728223e-01 -3.818740227318395686e-01 -3.708120000000000305e-01
4.516100709341464015e-02 9.861561548950087408e-01 -1.595510000000000261e-01
5.589152955023728442e-01 -6.897593646805348921e-01 4.602670000000000927e-01
1.970239267311256204e-01 8.168686962244593452e-01 5.421319999999999473e-01
-7.993442470916146680e-01 -2.271690702220259261e-01 5.562759999999999927e-01
-5.326449798502707056e-01 -6.726019745557579865e-01 5.137080000000000535e-01
3.355110127967593225e-01 -9.091410346756396699e-01 2.467690000000000716e-01
7.546081214573776563e-01 -1.913820308037496032e-01 6.276460000000000372e-01
2.039035348029594463e-01 -2.197415763433451519e-01 9.540110000000000534e-01
2.568403431840676765e-02 -2.279373045645027573e-01 9.733370000000000077e-01
-2.700978232455751304e-01 5.662336294516618906e-01 7.787340000000000373e-01
-2.853200163487983332e-01 2.595260148708055103e-01 9.226259999999999462e-01
1.772199802811918676e-02 8.635259039177060059e-01 5.039929999999999133e-01
8.297193353105306590e-01 1.116179105827156404e-01 5.469070000000000320e-01
4.875071280248219341e-01 8.174332146671005050e-01 3.068219999999999281e-01
5.344398745683778817e-02 -9.984697656617917971e-01 1.420800000000001402e-02
-2.540125248565168747e-01 -5.726834378622584765e-02 9.655040000000000289e-01
7.330764731864916062e-01 -6.801044389940820167e-01 7.539000000000052604e-03
-2.294938713403124886e-01 -9.659334584748766606e-01 1.196039999999999742e-01
1.022559717517374095e-01 -8.709687593944502870e-01 4.805799999999999517e-01
-5.309432591002598567e-01 8.877004331977278451e-02 8.427449999999999664e-01
2.193243572882563330e-01 -5.348888713556240182e-01 8.159600000000000186e-01
-7.022542961278913087e-02 -5.913167769224170894e-02 9.957770000000000232e-01
-4.976282378231949854e-01 -8.395794012462323153e-01 2.178819999999998813e-01
-3.403709665211505087e-01 -9.022579112540148882e-01 2.647229999999999306e-01
-9.771220676155455420e-01 2.283000157980428959e-03 -2.126670000000000227e-01
2.964296185732388511e-01 -3.968108280432984525e-02 9.542300000000000226e-01
-3.401019975043224064e-01 8.785389935532571526e-01 3.354100000000000414e-01
2.106320137715074203e-01 -7.737390505884781389e-01 5.974629999999999663e-01
-5.186398105316887275e-01 -4.425778383184747478e-01 7.315310000000000423e-01
-4.408919060687586100e-01 -8.031988288799087883e-01 4.006069999999999354e-01
1.281062102413858816e-02 1.093477651713823939e-01 9.939210000000000544e-01
9.724419119663838540e-01 -2.328629789192857014e-01 -1.147000000000003572e-02
4.946028081560958078e-01 -8.375556751333633754e-01 -2.320960000000000800e-01
1.521998816929182388e-02 -7.861753888949504221e-01 6.178160000000000318e-01
-3.636575457701998193e-01 9.474488165803474082e-02 9.267020000000000257e-01
-9.912002213335910916e-01 -5.103601139626835065e-02 1.221369999999999401e-01
-2.253002736704896349e-03 4.280695199727124201e-01 9.037429999999999630e-01
9.505007698670500105e-01 1.575969618430043129e-01 -2.677900000000000280e-01
9.471335893913198634e-01 2.985418705738188683e-01 1.175189999999999846e-01
2.822805588898665841e-01 2.904265750182387085e-01 9.143139999999999601e-01
6.472050033248514245e-01 -5.416410027825431239e-01 5.364240000000001229e-01
-6.933577065688510954e-01 -7.200576952693324984e-01 -2.778499999999989312e-02
9.502990293826427681e-01 -2.180700067425861768e-02 -3.105740000000000167e-01
-5.421410415054149778e-01 3.929560300840589382e-01 7.427439999999999598e-01
-6.396150413005813329e-01 -7.503080484481393642e-01 1.671240000000000503e-01
4.881789456183204257e-01 -8.723499028228208774e-01 -2.621000000000003188e-02
1.786029419195791779e-01 -9.307076973404009301e-01 3.191930000000000045e-01
7.841991435287977152e-01 -4.404500806137969238e-01 4.370760000000000201e-01
-7.537427882656311251e-01 -4.023758869683319306e-01 5.195820000000000993e-01
9.491200954304049864e-01 1.819480182941791702e-01 2.570329999999999004e-01
-8.728698100649777691e-01 -2.822129385909328825e-01 3.980629999999999447e-01
-4.167100132591892298e-02 -7.547870240163745414e-01 -6.546450000000000324e-01
-3.747089082939392690e-01 4.171758979005907864e-01 8.279840000000000533e-01
-9.161164597978942448e-01 2.030408802738341290e-01 3.456949999999998635e-01
-5.839861419010585752e-01 -8.577687396097362360e-02 8.072190000000000198e-01
-7.372650171591315083e-01 -6.106830142130577066e-01 2.889750000000000929e-01
-3.824084806165282679e-01 -1.386471742537808416e-01 -9.135320000000000107e-01
4.739358281894984759e-01 -3.476168739824552212e-01 8.090410000000000101e-01
-4.447834809319002325e-01 -6.042196533257604418e-01 6.611249999999999627e-01
8.492761409774319814e-01 -4.765550791067922898e-01 -2.272119999999999973e-01
-7.013820678718942769e-01 -1.621840156943511746e-01 6.940889999999999560e-01
1.742150152276431829e-01 9.059220791840940645e-01 3.859459999999999558e-01
-1.557477341793962466e-01 -2.267216130455677048e-01 9.614260000000000028e-01
6.195612048495737767e-01 -7.769062568735974894e-01 -1.120739999999999653e-01
6.998921693490552931e-01 1.414600342283057477e-01 7.000999999999999446e-01
-1.747300315352183497e-01 -7.807651409122345898e-01 5.998959999999999848e-01
5.532662666655410177e-01 8.327504013724486009e-01 -2.057200000000003470e-02
3.236591124594409008e-01 9.091603158992186406e-01 2.620540000000000092e-01
-2.923068699431052853e-01 -9.532575758645008834e-01 -7.652900000000004144e-02
9.160888394011511560e-01 4.000049298754351779e-01 -2.788000000000007139e-02
6.710277027000733918e-01 5.754747450349684268e-01 4.674940000000000206e-01
-3.374092805197303480e-01 -2.181888280599123542e-01 9.157229999999999537e-01
-1.707019715632525358e-01 -9.374738438289458298e-01 3.033210000000000073e-01
-1.983791645487406885e-01 4.144873438030932666e-01 8.881700000000000150e-01
-9.980078230144506790e-01 5.666998995020978286e-02 -2.772899999999990650e-02
8.272818607891696541e-01 -4.908789173973648889e-01 2.732079999999998954e-01
1.683230843609569705e-01 -9.747144885120022639e-01 1.469659999999999855e-01
-3.377643259635705886e-01 -5.168614988034753166e-01 7.866189999999999571e-01
3.320500015416164019e-02 -5.446790025287940873e-01 8.379870000000000374e-01
3.745293074983986892e-01 -2.018031656856995315e-01 9.049880000000000146e-01
7.606065319914827594e-01 -2.029001419145678997e-02 6.488960000000000283e-01
8.703435115579607473e-01 2.389011404178678633e-01 4.306140000000000523e-01
3.110511905430102808e-01 -6.522543995564735742e-01 6.912390000000000478e-01
-7.640929197117916072e-01 -6.347929332981815387e-01 1.148910000000000348e-01
-6.033232563420783956e-01 -7.789603309673676090e-01 -1.709440000000000404e-01
1.684805428043342490e-01 4.376834101121002685e-01 8.832029999999999603e-01
-7.100600408099977390e-02 -6.752980388120856103e-01 7.341189999999999660e-01
-6.241181262006146868e-01 2.206860446241076246e-01 7.495159999999999600e-01
-2.915601516650229846e-02 9.857975127964213602e-01 1.653880000000001183e-01
8.691860597304750247e-01 4.658070320102640771e-01 1.659500000000000697e-01
7.322786884937737550e-01 -4.616118036335713493e-01 -5.006819999999999604e-01
-8.016675796931375109e-01 -3.580198122935381727e-02 5.966970000000000329e-01
9.309254906391676299e-01 -3.062441614043035498e-01 -1.989779999999999605e-01
-6.172350174568496106e-01 7.817330221092381182e-01 -8.896299999999997266e-02
2.024354819884238987e-01 1.192326948957979083e-01 9.720100000000000406e-01
-9.379196837730346958e-02 5.547808129513049913e-01 8.266930000000000112e-01
2.915080826982215378e-01 -8.491122408855067416e-01 4.404899999999999372e-01
8.293137329652694456e-01 5.581538202773582702e-01 2.651499999999997956e-02
4.908630487559988986e-01 -6.069130602829090337e-01 6.250679999999999570e-01
-6.628879695649969594e-01 -3.377339844937072844e-01 6.682179999999999787e-01
9.675447373670995610e-01 -1.862479494443644024e-01 1.707889999999999686e-01
6.611016521245429711e-01 4.458184397646645092e-01 6.034819999999999629e-01
9.898980722054483428e-01 1.221850089124563304e-01 7.192100000000001270e-02
-1.424400216659744423e-01 8.025521220729510130e-01 5.793279999999999541e-01
8.834208242202620243e-01 3.582239287219560198e-01 3.020649999999999724e-01
1.215551466436543271e-01 -6.724768112733996439e-01 7.300680000000000502e-01
7.340536212469490618e-01 -6.510606640692100378e-01 1.930940000000000434e-01
3.038169407997450833e-01 -3.763249266712003216e-01 8.752569999999999517e-01
5.341139582183145329e-01 -1.723739865158444851e-01 8.276529999999999720e-01
9.209893291303635765e-01 5.430801940784503457e-02 3.857839999999999048e-01
-3.578767723095314102e-01 9.220364133765605041e-01 1.475570000000001047e-01
2.179680465206279560e-01 7.028521500087919760e-01 6.771179999999999977e-01
-1.663049274196467531e-01 8.910276111293892187e-01 4.223890000000000144e-01
3.986068579106831211e-01 9.143166740782825430e-01 -7.167699999999992133e-02
-6.187560809415766361e-01 7.216080943959962690e-01 3.105200000000000182e-01
-1.187378456451425174e-01 6.893161039142712276e-01 7.146639999999999660e-01
3.614138479422834838e-01 4.351708169104999135e-01 8.246250000000000524e-01
-7.503246770797126208e-01 -6.358817263329911151e-01 -1.807410000000001238e-01
-4.388198390150445660e-01 5.542427966711072074e-01 7.072850000000000525e-01
6.591609501380532588e-02 6.139728850023680184e-01 7.865699999999999914e-01
4.681646588602134673e-01 2.879037902117648207e-01 8.354240000000000554e-01
9.781298072062863391e-02 2.730439461818298663e-01 9.570159999999999778e-01
3.997390256241460937e-01 -5.089750326264130820e-01 7.623339999999999561e-01
7.043459591763200356e-01 -6.054889649060416490e-01 3.705129999999999812e-01
-6.922495135433296420e-01 3.452347573970840355e-01 6.337220000000000075e-01
-8.181348297163846262e-01 2.750979427421120782e-01 5.049519999999999564e-01
-6.120003808254669275e-01 -5.149383204272948156e-01 6.002450000000000285e-01
-9.174134236868063397e-01 -3.303561525675772215e-01 2.218500000000000194e-01
-4.081904895802058730e-01 -3.555924264945357627e-01 8.407940000000000413e-01
3.502470871197482793e-01 8.316972068746723012e-01 4.308209999999998985e-01
9.292954677910731931e-01 -1.367750688501757350e-01 3.430780000000000496e-01
-9.705390226693080269e-01 -2.286880053415666358e-01 7.586700000000000388e-02
-1.899891060785741104e-01 9.496905302504938806e-01 2.489820000000000089e-01
1.151946803346137610e-01 -5.401978798186955755e-02 9.918730000000000047e-01
-8.912740956152734872e-01 -9.968701069435392803e-02 4.423719999999998764e-01
-2.327315877716576997e-01 -3.859143164450927199e-01 8.926960000000000450e-01
