-3.585089974512116195e-01 7.995789943154629764e-01 4.818140000000000756e-01
7.711612016645762457e-01 -5.954011557019744938e-01 2.254060000000000785e-01
-9.577707338990795183e-01 -2.498609305802304004e-01 -1.422839999999999383e-01
9.644973192447489074e-01 1.725100571001378091e-01 -1.999629999999999741e-01
7.702763241140899719e-01 1.687350709997338660e-01 6.149820000000000286e-01
6.313988177962882586e-01 2.599889249746027420e-01 7.305760000000000032e-01
4.638019523101011843e-01 7.811699196771074716e-01 4.179250000000000465e-01
4.157135298681086666e-01 -1.199201528501239872e-01 9.015549999999999953e-01
-6.819760036093955868e-01 2.064050010924096956e-01 7.016449999999999632e-01
5.700614686686427124e-01 4.328343558491518084e-01 6.983439999999999648e-01
-7.583351086354453985e-01 4.582030656399705970e-01 4.636570000000000413e-01
-7.371503654442072007e-01 -1.009799130741950712e-01 6.681409999999999849e-01
4.320496471843011943e-02 -6.980094299991077555e-01 7.147839999999999749e-01
-6.081789216129815934e-01 -7.770108998525508959e-01 1.623959999999999571e-01
-4.755543941551839682e-01 -1.281298367656819384e-02 8.795929999999999582e-01
-5.210463438459835839e-01 -7.851585181374095557e-01 3.347190000000000443e-01
3.152851112226648933e-01 -9.296253279425598093e-01 -1.907669999999999366e-01
2.722630448202463249e-01 -9.206181515531879356e-01 2.798839999999999661e-01
-3.207420533524939499e-01 -9.446631571360374346e-01 6.881900000000001905e-02
4.451941832333812799e-01 -3.992511643241165031e-01 8.014989999999999615e-01
9.604203549134164575e-02 -9.555063530974977626e-01 2.788969999999999505e-01
7.720974224323883250e-01 -6.350963474759259153e-01 2.276400000000003768e-02
-3.257693753386484842e-02 -2.551255107979496506e-01 9.663589999999999680e-01
-9.194002841600676032e-03 -9.971143081792321894e-01 -7.535600000000010346e-02
7.588136133914513692e-01 -2.377668788599646699e-01 6.063570000000000348e-01
-9.089051697690317955e-01 -3.476210649300867650e-01 2.303279999999999494e-01
-2.912530999397966447e-01 -4.827918233005595167e-02 9.554270000000000262e-01
8.462173231539881213e-01 2.642231009016790533e-01 4.627120000000000122e-01
4.864190300988586735e-01 5.893210364662758716e-01 6.450559999999999627e-01
-4.355507697653920873e-01 -8.767325365542072424e-01 2.040480000000000349e-01
4.623297199350012154e-01 3.381975266376489597e-01 8.196790000000000465e-01
-9.046634975536931300e-01 -2.010471105734151220e-01 3.757179999999999964e-01
-3.502203796359729115e-01 1.233711337332808328e-01 9.285069999999999713e-01
-5.299374909370335729e-01 1.599388463612312350e-01 8.328179999999999472e-01
-1.426990682367557106e-01 -6.884513292080723934e-01 7.111060000000000159e-01
-3.190421966525842090e-01 -3.681290730519580778e-01 8.733229999999999604e-01
-4.079429507997730520e-01 -4.943019403843907922e-01 7.676250000000000018e-01
4.932000517068677557e-03 5.830420611258673169e-01 8.124270000000000103e-01
-6.329187225734935751e-01 -5.335777661174959663e-01 5.609889999999999599e-01
7.823269274156854358e-01 -3.321099691868276138e-02 6.219820000000000348e-01
-3.528221341757830087e-01 5.951052263143434828e-01 7.220569999999999489e-01
9.713069799439337793e-01 -1.207169975073708462e-01 2.049149999999999028e-01
2.975869716266946186e-01 8.543999185375972250e-01 4.259610000000000896e-01
-5.616641594849175467e-01 -8.157082316209032236e-01 -1.383960000000000468e-01
-9.112752146499237815e-01 3.512750827424786504e-01 2.149030000000000939e-01
-8.095827770296259995e-01 -2.246339381326844797e-01 5.423240000000000283e-01
9.106963755784145409e-01 -2.348990968742522556e-01 3.397860000000000325e-01
7.143022335166441250e-01 6.752732207574454470e-01 1.837889999999999524e-01
-9.859413168056391230e-01 8.512002735102199014e-03 1.668750000000000788e-01
4.447801064466814364e-02 -9.937962378395748253e-01 1.019350000000000811e-01
-8.185594761093890892e-02 -9.594153859594473088e-01 2.698549999999999005e-01
-1.756129986748365956e-01 5.992539954780708999e-01 7.810599999999999765e-01
1.038219443438962997e-01 7.010026242116735862e-01 7.055609999999999937e-01
-7.579770564239209918e-01 -6.408210477028107865e-01 1.217339999999999117e-01
-1.226389357986992640e-01 9.648434949058642962e-01 2.324579999999999425e-01
9.387583156019433384e-01 -1.663850559371311266e-01 -3.017430000000000945e-01
1.509575114357765424e-01 2.493551929780435383e-01 9.565740000000000354e-01
-8.187460253339960969e-01 4.947460153086465362e-01 2.913440000000000474e-01
-2.312579954975107766e-01 -5.386639895124540889e-01 8.101610000000000200e-01
3.863765825999572745e-01 5.030434565655121926e-01 7.730850000000000222e-01
8.855109521215230595e-02 4.183544498242229293e-01 9.039570000000000105e-01
6.240982750582442229e-01 -3.334276126962553155e-01 7.066310000000000091e-01
6.990860704417338478e-02 -9.191316859483901480e-02 9.933100000000000263e-01
8.642849144226431024e-01 -4.926539512197629644e-01 1.015070000000000694e-01
-6.848717233083457812e-01 -6.676847302519781646e-01 2.918009999999999216e-01
9.991696334558539672e-01 -3.688698646805457088e-02 1.730299999999998853e-02
-4.557502070470414307e-02 -5.635482560196293234e-01 8.248250000000000304e-01
-5.871196980611823046e-02 9.146475296230157648e-01 3.999660000000000992e-01
-9.486687320970447201e-01 -3.126659117035074376e-01 4.762000000000003036e-02
5.712821051258251126e-01 6.563901207871777332e-01 4.927359999999999518e-01
-7.331434632961474351e-01 -3.844912429719700153e-01 5.609520000000000062e-01
-4.239041803359395733e-01 -7.420883156968012262e-01 5.192400000000000349e-01
6.680049359368928075e-01 -7.299769299936456068e-01 1.445790000000000686e-01
-7.792096594249188213e-01 7.604496676244905384e-02 6.221330000000000471e-01
3.811857501347762911e-01 5.508381938634848707e-02 9.228560000000000096e-01
6.720630439221466634e-01 7.302900477275263424e-02 7.368839999999999835e-01
-4.347180118949529048e-01 8.445040231077053372e-01 3.127829999999998667e-01
-2.185071893716286906e-01 2.827889508960901299e-01 9.339619999999999589e-01
-2.596780137263460797e-01 -9.332210493292248943e-01 2.483260000000000467e-01
-6.722412384004852193e-01 -7.402602625224333766e-01 -1.031799999999998170e-02
-3.797210199294647204e-01 -9.196270482661583756e-01 -1.004889999999999950e-01
-2.641784808521160932e-01 4.496378184213025153e-01 8.532499999999999529e-01
1.252360442589535439e-01 -8.002722828196473515e-01 5.864129999999999621e-01
1.230089613383856945e-01 8.991377174017624041e-01 4.200240000000000085e-01
5.166681931475929357e-01 1.616150604170341898e-01 8.407940000000000413e-01
-9.282856754776021013e-01 3.708248703621319087e-01 2.783200000000002339e-02
-1.665089501411932682e-01 8.328547506131412925e-01 5.278519999999998769e-01
3.257019635689000214e-01 -7.744169133782932146e-01 5.423989999999999645e-01
-4.304867274638817243e-01 4.445737185455722607e-01 7.855159999999999920e-01
-7.861016698825560312e-01 2.709992309340693573e-01 5.555210000000000425e-01
-8.994553749579423663e-01 -4.244001769206361407e-01 -1.042329999999999923e-01
2.905401767388324230e-01 6.513123962006004408e-01 7.009840000000000515e-01
-7.438206491800986031e-01 6.443896960762924842e-01 1.774619999999999531e-01
3.355614496938958968e-01 2.270966275714611793e-01 9.142350000000000199e-01
5.285247368055161488e-01 -2.311403222279915515e-01 8.168450000000000433e-01
-3.509832256712317466e-01 -8.511665472734565308e-01 3.902900000000001368e-01
-6.673538549220467964e-01 -2.691529414880762250e-01 6.944029999999999925e-01
-8.591747891753308553e-01 -5.378098680319907954e-02 5.088479999999998560e-01
8.623173375263664120e-01 -1.349160528085463495e-01 4.880640000000000533e-01
-4.951049452739879064e-01 8.586909050853173131e-01 1.323669999999999847e-01
5.057331282457948607e-01 8.621472186266811999e-01 -3.059700000000003736e-02
-2.291820412549643859e-01 9.670951740864017765e-01 -1.104650000000000909e-01
1.898080329082038886e-01 5.507280954831687003e-01 8.128170000000000117e-01
8.744112614580928922e-01 -1.309210391467570678e-01 -4.671880000000000477e-01
-2.496828694457238484e-01 8.973575307893446595e-01 3.638789999999998970e-01
9.272849593369811849e-01 -3.294239855541992723e-01 1.778270000000000961e-01
2.461569694486062110e-01 -1.072844225219952707e-01 9.632739999999999636e-01
2.461239799931357053e-01 -4.342379647017733379e-01 8.665220000000000145e-01
9.901194102482258064e-01 1.394580577833544055e-01 -1.466299999999997987e-02
-6.985987079011081180e-01 4.293388204843607281e-01 -5.723880000000000079e-01
-2.648821681818196438e-01 7.253304605345747280e-01 6.353999999999999648e-01
5.520812291019674273e-02 -4.256609476516873825e-01 9.031970000000000276e-01
8.688722781889687274e-01 7.258502323972494674e-02 4.896859999999999546e-01
3.978508966829349958e-01 -8.364497827841098632e-01 3.769169999999999465e-01
9.757243786371525562e-01 -2.133130827777393046e-01 4.959300000000006758e-02
8.179239035364118671e-01 5.215339384917901944e-01 2.429049999999999265e-01
-9.093105347890460821e-02 4.395572585149933875e-01 8.935999999999999499e-01
-3.188659039642274817e-01 -6.571118020916045799e-01 6.830289999999999973e-01
2.504870454018166548e-01 9.324031690019443097e-01 2.605390000000000761e-01
-6.953585841287597269e-01 6.242366266644776562e-01 3.560969999999999414e-01
-3.966910543622094720e-01 2.880370394723543170e-01 8.715910000000000046e-01
8.495778959453372803e-01 -4.346999467587885357e-01 2.987529999999999908e-01
5.431648446509630412e-01 -7.970767720303326698e-01 2.638949999999998797e-01
7.434777747195854269e-01 -5.248558409639864086e-01 4.144480000000000386e-01
5.991446581785409009e-01 7.402195776930785565e-01 3.051239999999998953e-01
6.520981622524146815e-01 -6.741711677445302309e-01 3.467869999999999564e-01
-1.708499489750451850e-01 -8.884247346687419444e-01 4.260419999999998653e-01
9.306382945085593938e-01 1.682290532375428638e-01 3.249790000000000734e-01
1.389360098010176681e-01 9.862140695708875304e-01 -8.988099999999991929e-02
-6.602096623632634775e-02 -8.083915865817888902e-01 5.849309999999999787e-01
1.480469462755832910e-01 -5.737597917896255506e-01 8.055320000000000258e-01
2.431439573571173018e-01 -6.864338796123922171e-01 6.853390000000000315e-01
-8.190162032791663549e-01 -5.151641278633241061e-01 2.526229999999999309e-01
-8.113693895989612659e-02 7.253404543193616716e-01 6.835919999999999774e-01
4.138430744573547426e-01 -8.942511608908787490e-01 1.704369999999999219e-01
1.427200417518202473e-02 -8.972682624900000237e-01 4.412549999999999528e-01
8.736498097944196406e-01 4.797518955514135652e-01 -8.108100000000001417e-02
-4.831160420158574498e-01 -6.056490526723643519e-01 6.322879999999999612e-01
-2.034960397772612450e-01 -7.910241546210654562e-01 -5.769490000000000451e-01
-1.101296509028467513e-01 -7.221908260298727511e-02 9.912900000000000045e-01
5.534855588224582013e-01 -2.343502366099227407e-02 8.325289999999999635e-01
6.598380462803044022e-01 5.114080358695890505e-01 5.505229999999999846e-01
5.371248891055476760e-01 -5.008298965989880225e-01 6.787239999999999940e-01
7.082887562250533842e-01 5.993387937228550344e-01 3.729879999999999307e-01
-8.627980111489736981e-01 3.196960041310740741e-01 3.916299999999999226e-01
3.488570608996975353e-01 -5.513550962496173158e-01 7.578300000000000036e-01
1.528894235495975584e-01 -2.730669704352246541e-01 9.497679999999999456e-01
-9.392906648405389136e-01 -1.989899289960386092e-02 3.425449999999999884e-01
-5.405949154927632838e-01 8.394268687785565453e-01 -5.585399999999991760e-02
7.907912243915403705e-01 4.399021248247481641e-01 4.255999999999999228e-01
-5.732639344617580512e-01 -4.305249507803529663e-01 6.971490000000000187e-01
9.820763517291112299e-01 6.746702416320930762e-02 1.759950000000000958e-01
6.687016968965426855e-01 -1.337339393822094824e-01 7.314049999999999718e-01
1.826187507460776821e-02 9.087337835559666788e-02 9.956949999999999967e-01
5.091890456323081571e-01 -7.262630650859640546e-01 4.618099999999999983e-01
2.749740628784942409e-01 3.936120900075275597e-01 8.771879999999999677e-01
-5.659879492367647646e-01 3.305809703503234664e-01 7.552309999999999857e-01
-4.549128626102763584e-01 6.742387963709325360e-01 5.817700000000000093e-01
-1.663899898375227893e-01 1.091439933338937684e-01 9.800010000000000110e-01
4.364751096400029673e-01 -6.488501629873782983e-01 6.232839999999999492e-01
-5.858061831134508957e-01 -6.707152096546268316e-01 4.549420000000000686e-01
-8.509254624583707516e-01 5.149452798608876725e-01 1.037169999999999620e-01
3.363030040477350546e-01 -2.824081636558495312e-01 8.984130000000000171e-01
-5.374815003643711453e-01 5.222615145126668912e-01 6.620850000000000346e-01
-9.728239228548823947e-01 1.924119847416940754e-01 1.288069999999999493e-01
6.080821643202606319e-01 -5.909111596801903676e-01 5.301510000000000389e-01
-7.384528791975573103e-01 -5.330709127956972937e-01 4.129439999999999777e-01
-2.178236060834189136e-01 -2.289306369881835834e-01 9.487590000000000190e-01
8.199345995789700803e-01 -3.392048343468501148e-01 4.611369999999999636e-01
-4.008734664497809463e-01 -1.869102174856590026e-01 8.968639999999999946e-01
-2.498061239176294912e-01 -7.875133906501209369e-01 5.634000000000000119e-01
7.269361361073558570e-01 3.483170652168909864e-01 5.918099999999999472e-01
-1.954590403244340358e-01 -9.767082015010681850e-01 -8.852599999999993807e-02
-8.369060158529680882e-01 -3.723360070529193599e-01 4.011909999999999643e-01
-1.796330315948597434e-01 9.818171726874816985e-01 6.137599999999998612e-02
-5.804010879753959129e-01 -1.452837717055031064e-01 8.012660000000000338e-01
9.356550161728448556e-01 -2.440700042187625429e-02 3.520710000000000783e-01
4.288299255045437963e-01 8.643758498423979031e-01 2.626009999999999178e-01
-6.258440407093892599e-01 5.829400379186047143e-01 5.181699999999999084e-01
-5.383289288866228706e-01 7.286449037458379019e-01 4.234129999999999838e-01
2.017467788660227968e-01 7.368564970999473551e-02 9.766620000000000301e-01
8.904869746029236977e-01 3.512739899815128242e-01 2.892050000000000454e-01
-6.025202761377391747e-01 7.581723474737802615e-01 2.492870000000000086e-01
2.015101425653897591e-02 8.256695841487881049e-01 5.637940000000000174e-01
-1.343628441830986286e-01 -4.042515312005983685e-01 9.047250000000000014e-01
-8.067322377872828687e-01 -5.883981734325175461e-01 -5.450400000000008710e-02
6.514888252764239329e-01 -7.562257971868886486e-01 -6.070299999999993756e-02
2.017560339750162635e-01 -8.745341472685169704e-01 4.410040000000000071e-01
-6.742994727606800298e-01 4.025346852554059773e-01 6.191010000000000124e-01
-3.702908945329096424e-01 9.288387354460501122e-01 1.196900000000001608e-02
3.832909095228169694e-01 7.273648283029443551e-01 5.692350000000000465e-01
6.680000074817733779e-02 9.660200108196742574e-01 2.496859999999999913e-01
3.541112495411600364e-02 -2.678559451747973830e-01 -9.628079999999999972e-01
-4.950803638320775413e-01 -3.147885955032324601e-01 8.098170000000000091e-01
-6.427354693145354014e-01 2.828102065032147769e-02 7.655659999999999688e-01
