5.678279061337827560e-01 -3.113929485244070205e-01 7.619749999999999579e-01
-5.876141822041752727e-01 -8.068962501979535240e-01 -6.023299999999995324e-02
-7.277136217300989030e-01 -6.733436499919359663e-01 1.305419999999999914e-01
1.452228639004013444e-01 -6.344874053726878849e-01 7.591679999999999540e-01
6.033713396856474898e-01 7.252474082993658477e-01 3.316009999999999791e-01
4.905567980627293379e-01 -7.442776936187477377e-01 4.532160000000000077e-01
-6.285886675507119659e-01 7.405966083117182519e-01 2.374719999999999331e-01
-2.130970877460770241e-01 8.703553583825062168e-01 4.439269999999999605e-01
2.450603486916007046e-01 4.213845995799455624e-01 8.731440000000000312e-01
-4.333510755211434917e-01 8.286631444131374868e-01 3.542940000000000533e-01
8.716669097334499572e-01 4.484629535588615656e-01 1.976810000000000234e-01
-2.983081906368222902e-01 3.609102306432797613e-01 8.836039999999999450e-01
-7.087174964270019917e-01 2.164491516135891302e-01 6.714679999999999538e-01
9.220061003312475245e-01 2.875600312918284024e-02 3.861059999999999492e-01
-4.426011167716835670e-01 5.295501397114898978e-01 7.236580000000000235e-01
7.275584703882679305e-01 -3.599047380144972386e-01 5.840610000000000523e-01
4.972373065150252347e-01 4.042782492117065751e-01 7.676680000000000170e-01
2.529000784489355419e-02 8.669092689129613838e-01 4.978240000000000443e-01
-7.615290563267335111e-02 -5.173843588665019144e-01 8.523579999999999490e-01
-4.528082905784724388e-01 -7.869155049834776205e-01 4.192000000000000171e-01
4.003814188645387073e-01 2.145652244703663281e-01 8.908740000000000547e-01
8.106940998506764195e-01 4.878310600846377798e-01 -3.237219999999999542e-01
-4.856633290458052810e-01 -6.287044259587695194e-01 6.073399999999999910e-01
6.932576259588446588e-01 3.627293275169609088e-01 6.227530000000000010e-01
8.979603586103066526e-01 -3.939381573235188339e-01 -1.961630000000000318e-01
8.548922634676914267e-01 -3.870231192759511218e-01 3.455030000000000601e-01
9.078000836223679149e-02 -9.603240884606363270e-01 2.636979999999999325e-01
-8.488672785794381115e-01 1.671050548401775693e-01 -5.014979999999998883e-01
9.509868042996681980e-01 -1.899699609067294903e-01 2.439989999999999937e-01
-4.886445952244222179e-01 -4.262045191653424103e-01 7.612989999999999480e-01
0.000000000000000000e+00 0.000000000000000000e+00 1.000000000000000000e+00
-2.919799785826145411e-01 -9.113739331486808704e-01 2.900779999999998915e-01
7.969019395933737426e-01 1.004489923857824207e-01 5.956989999999999785e-01
-3.365449697388217531e-01 7.213709351363524203e-01 6.052779999999999827e-01
-7.024623865526192779e-01 5.639353103236208753e-01 -4.341929999999998846e-01
8.342001985857380730e-02 5.989121425741803506e-01 7.964579999999999993e-01
-6.004016813738498604e-01 2.427698711648681659e-02 7.993299999999999850e-01
4.577410214136047872e-01 -8.705040407230915100e-01 1.808200000000000640e-01
1.290583872918970587e-01 2.183939631688906757e-01 9.672889999999999544e-01
-1.968217289010929238e-01 5.684342170483625001e-01 7.988389999999999658e-01
-2.909991490620170151e-01 -3.582101834903387294e-01 8.871329999999999494e-01
8.432545083290762244e-01 3.010521814797025297e-01 4.452969999999999429e-01
-6.482362747937076008e-01 -2.487177217501337634e-01 7.196730000000000071e-01
-2.398796258737195819e-01 -8.459322071350786065e-02 9.671100000000000252e-01
-9.241191577889114050e-01 -2.918880498384835431e-01 2.465870000000000561e-01
3.741304193247055321e-01 -2.509352812478148342e-01 8.927810000000000468e-01
4.160907585541228082e-01 7.623995576007731589e-01 4.955959999999999255e-01
3.290059777279593090e-01 -7.096029519634691196e-01 6.230719999999999592e-01
-5.218784288427582574e-01 2.964882436330555926e-01 7.998359999999999914e-01
2.519100134041356576e-01 -9.480080504435223210e-01 -1.944790000000001240e-01
-7.567013377119442830e-02 -2.754554869557864771e-01 9.583310000000000439e-01
1.944300676105784609e-01 9.723393381186147266e-01 1.294340000000000768e-01
5.470471114718946648e-01 -5.509991122771946692e-01 6.301900000000000279e-01
1.516241767959782272e-01 -1.864074467582828021e-01 9.707019999999999538e-01
6.344623729879166341e-01 -7.276444277678087991e-01 2.607509999999998995e-01
-7.716046855795645198e-01 -6.356897409634126861e-02 6.329179999999999806e-01
9.449969966199438520e-01 2.214189992080306812e-01 2.407370000000000620e-01
-6.749585156569583022e-01 -4.704206624311431661e-01 5.684500000000000108e-01
-3.917514468877960065e-01 1.055908509167260700e-01 9.139920000000000266e-01
-2.635619349689150570e-01 9.613327628014356474e-01 -7.984000000000000818e-02
9.936071727152346877e-01 1.719900298964209887e-02 1.115749999999998826e-01
1.241740200743767647e-01 -8.318721344831597753e-01 5.408969999999999612e-01
-8.693980997879136030e-01 -4.902830562737868214e-01 6.139600000000005470e-02
5.127566724525812747e-01 -4.356397217146572298e-02 8.574279999999999680e-01
-5.576852597321426686e-01 6.619543082936256706e-01 5.008030000000001092e-01
1.960070208067944963e-01 7.539460800338740887e-01 6.270139999999999603e-01
9.167146746307657246e-01 8.693896914278062549e-02 -3.899690000000000101e-01
9.164213314617878359e-01 -3.936801423907533848e-01 7.202699999999992442e-02
3.701870676209677025e-01 -4.930530900645376802e-01 7.873120000000000118e-01
7.451033819576388106e-01 5.323232728815160408e-01 4.018120000000000025e-01
-1.507743905203191292e-01 1.845192541124807684e-01 9.711950000000000305e-01
-5.361340578649863575e-01 -8.228420888094043484e-01 1.883909999999999751e-01
6.519917975326747772e-01 -7.580727645906504275e-01 1.524400000000006132e-02
-8.553857973129601611e-01 1.232739707897462095e-01 5.031090000000001394e-01
9.881107484746494141e-01 5.386498628857182974e-02 -1.439989999999999604e-01
-8.021378632772966366e-01 5.899458994449686688e-01 9.240499999999997327e-02
-6.522001024212804587e-01 4.561510716338078586e-01 6.054429999999999534e-01
-9.816758031789224459e-01 1.879959623077518127e-01 3.114699999999991781e-02
-6.060497874723254352e-02 -7.308417437106664583e-01 6.798509999999999831e-01
1.532410318079553413e-01 -4.207460873334810669e-01 8.941419999999999924e-01
5.712411925341156493e-01 5.848181971101801269e-01 5.759090000000000042e-01
-9.467134755603900942e-01 1.631790819693708650e-01 2.776799999999999269e-01
-4.582548303052155769e-01 -1.670529381391958890e-01 8.729810000000000070e-01
-2.831970867629404198e-01 -5.962591826756075131e-01 7.511820000000000164e-01
-9.636083543566179577e-01 -2.673170983029903858e-01 7.130000000000598316e-04
2.959751158353033373e-01 -8.797713443146910617e-01 3.720230000000000481e-01
5.062098635882922304e-02 -9.983767309608428953e-01 -2.610399999999995016e-02
-1.260489638096687071e-01 -9.825717178906121507e-01 1.366180000000001005e-01
8.000281882160726887e-01 -5.753101353484988412e-01 1.702150000000001162e-01
-4.606538638192455015e-01 8.833117388710510776e-01 8.693899999999998851e-02
-7.457040707853452854e-01 5.639260535302166311e-01 3.548420000000000463e-01
-2.985703361326815311e-02 4.063984575263741572e-01 9.132080000000000197e-01
3.543351029353788428e-01 5.984801738602327781e-01 7.185179999999999900e-01
-8.163720278292447841e-01 -2.863150097601708799e-01 5.015580000000000593e-01
-8.856703168758776890e-02 7.384332641972799482e-01 6.684849999999999959e-01
3.695890485147444449e-01 9.285711218904914022e-01 -3.405300000000006932e-02
-7.513998356000757273e-01 -6.455388587615614737e-01 -1.366669999999998997e-01
-8.246400512559035056e-02 -9.004010559648665257e-01 4.271739999999999982e-01
2.845724931318550643e-01 1.551297236896848064e-02 9.585289999999999644e-01
-2.591648332308575942e-01 -7.851474947679714100e-01 5.624740000000000295e-01
-8.219438764517280616e-01 3.561379464680874962e-01 4.444930000000000270e-01
-6.525270136864652626e-01 -6.544940137277220904e-01 3.818980000000001263e-01
6.220900594936132899e-01 1.608590153837597958e-01 7.662430000000000074e-01
4.254759743067753619e-01 8.754809471323178327e-01 2.291359999999999786e-01
7.028017961862313978e-01 -1.037601175471909998e-01 7.037780000000000147e-01
-1.258000321195910237e-02 9.618022455698401751e-01 2.734559999999999769e-01
2.367029282134812951e-01 8.948757286049072723e-01 3.783770000000000189e-01
