-4.673691165885101584e-01 4.571701140442971933e-01 7.566779999999999617e-01
-5.696588054293916237e-01 -4.923438318368155153e-01 6.580930000000000391e-01
1.521582027402166859e-01 -6.709697133900456578e-02 9.860759999999999525e-01
6.880511864060006033e-01 -5.641291528331922045e-01 4.564469999999999916e-01
-9.821739866115979378e-01 -1.392339981020462025e-01 1.262860000000000649e-01
-2.590349077430386671e-01 -9.592946583409893702e-01 -1.124929999999999819e-01
4.244310257681347953e-01 -8.704320528458318051e-01 2.494120000000000503e-01
1.788379708535993984e-01 -9.837488396719801242e-01 1.597500000000000656e-02
-6.383254809380055628e-01 3.230592434047721007e-01 6.986940000000000373e-01
1.196358119554400135e-01 5.714451017978565694e-01 8.118729999999999558e-01
-7.391091670321965346e-01 -5.821951315709990027e-01 3.387720000000000176e-01
4.959052554947881997e-01 6.616373408814293366e-01 5.624179999999999735e-01
-4.450905437457277625e-01 6.320587721558275085e-01 6.343469999999999942e-01
-8.678535640548759034e-01 -1.307499343209529014e-02 4.966480000000000339e-01
-8.543983097751270961e-01 -3.944461430124599488e-01 3.382539999999999991e-01
-8.062102409301070693e-01 5.678331696928410333e-01 1.661039999999999184e-01
-4.591961215083172343e-01 4.706990995018804635e-02 8.870869999999999589e-01
-2.572420448202398235e-01 8.922311554567581293e-01 3.711470000000000047e-01
-9.294141429645210728e-01 -3.427320527197957323e-01 1.368360000000000964e-01
-6.015801181191695601e-01 -7.986381568111594609e-01 -1.668700000000008371e-02
-9.915517017664817745e-01 7.212197830754440986e-02 1.078130000000001032e-01
-3.101841486636357503e-01 -8.283053969864107025e-01 4.665790000000000770e-01
-9.141509847729936133e-01 3.977119933753142655e-01 7.844200000000009498e-02
-2.296730837297549788e-01 -7.168612613393646749e-01 6.583010000000000250e-01
1.023200252136582944e-02 -9.845122426031088780e-01 1.750170000000000337e-01
-4.331708278953751989e-01 -6.919547250770351488e-01 5.775479999999999503e-01
-7.916713143259822283e-02 4.861088070337069023e-01 8.703049999999999953e-01
5.221548454632702896e-01 -6.346928121565805769e-01 5.696660000000000057e-01
-6.313350305942264651e-01 1.095471788253218892e-01 7.677340000000000275e-01
7.647551980971157848e-01 2.933856923632118252e-01 5.736499999999999932e-01
-1.503330121792763319e-01 -9.310340754280186371e-01 3.325289999999999635e-01
2.985500365867306272e-01 6.445030789826080575e-01 7.039060000000000317e-01
6.057242078049148715e-01 -7.221482477463393446e-01 3.340660000000000296e-01
-7.477924183404843772e-01 -6.097203410982741933e-02 6.611270000000000202e-01
-3.064359298428757650e-01 -8.930047955505794333e-01 -3.296049999999998703e-01
6.089215037384271278e-01 3.598432976851625442e-01 7.069140000000000423e-01
-6.469731270032960113e-01 -7.322261437387885818e-01 -2.127689999999999304e-01
-4.732157813350350573e-01 2.601058798094965097e-01 8.416719999999999757e-01
-8.247322173796833855e-01 -2.294080604664766876e-01 5.169030000000000014e-01
-6.222912085399195936e-01 5.164371730665079374e-01 5.882570000000000299e-01
4.638778462556221727e-01 5.143128295398097238e-01 7.213180000000000147e-01
3.162801480235065688e-01 -7.272053403422094053e-01 6.092119999999999758e-01
-9.817907936853133288e-02 -8.385196778641200721e-01 5.359530000000000127e-01
-7.688153088075008190e-01 3.726181496682992034e-01 5.196910000000000140e-01
1.118460687317424235e-01 3.694052270072180622e-01 9.225130000000000274e-01
-3.889250594016302465e-01 9.200681405246236011e-01 -4.703099999999994785e-02
-5.956925443442466772e-01 -1.151751052470884051e-01 7.949119999999999520e-01
-8.884198951612795048e-01 -4.553819462622789027e-01 -5.777000000000006436e-02
-7.553999964925217636e-02 8.218249961840968787e-01 5.647100000000000453e-01
8.828163436416092136e-01 -2.624631021653522911e-01 3.895490000000000341e-01
2.958573718051316082e-01 2.254625212747344010e-01 9.282430000000000403e-01
-3.096701750129440822e-01 -4.046252286776649276e-01 8.604549999999999699e-01
-7.415697047337985737e-01 6.382937458545452358e-01 -2.065319999999999101e-01
-7.731062716921016653e-01 1.631558462983732083e-01 6.129329999999999501e-01
1.045860292844697365e-01 9.613112691706615642e-01 2.548379999999999534e-01
-2.666663104780863103e-01 4.333715045720065162e-01 -8.608590000000001519e-01
8.799173785921166058e-01 -2.060300886462402559e-01 -4.281320000000001791e-01
5.114891831833447977e-01 8.482203037793124845e-02 8.550929999999999920e-01
-1.725201693911428830e-02 -6.973346846870105420e-01 7.165380000000000082e-01
-1.220300206362791434e-01 9.743091647636848984e-01 1.892889999999999295e-01
-8.809405282911787483e-01 -2.058951234732356306e-01 -4.260879999999999113e-01
-2.817494363147416969e-01 1.876222905502573091e-01 9.409650000000000514e-01
5.071274971240785634e-01 -1.347441320862167724e-01 8.512729999999999464e-01
-5.254001900955972137e-02 9.203843330052261518e-01 -3.874690000000000634e-01
-6.520698919006685523e-01 -5.068269159788677536e-01 -5.638540000000000774e-01
-3.338139172344943284e-01 9.288287697070769511e-01 1.607650000000000745e-01
5.982917255027325742e-01 -4.577117900010474472e-01 6.576830000000000176e-01
-4.026628555871293313e-01 -9.146776719557653257e-01 3.503399999999993325e-02
-3.786049512495851532e-01 -5.601919278678507697e-01 7.367789999999999617e-01
8.072635121824144333e-01 6.434604082546784010e-02 5.866730000000000000e-01
4.627450461272232252e-01 8.687350865970097091e-01 1.765399999999999747e-01
-7.304539836635635108e-01 5.614509874432768166e-01 3.888569999999999527e-01
-6.548099853531841319e-02 6.672109850757986793e-01 7.419850000000000056e-01
-9.741175282492906540e-01 2.233618918291399857e-01 -3.470600000000010482e-02
9.671302255638326573e-01 2.447530570837682107e-01 6.895699999999990726e-02
9.241805749144854643e-01 1.914991191278204163e-01 -3.304819999999999980e-01
4.317998178215089189e-02 9.982335788402898480e-01 4.080699999999996136e-02
-7.624010062252727371e-01 -6.463140052773819200e-01 -3.198299999999992815e-02
-5.294580428758062229e-01 -8.281460670637281751e-01 1.839789999999999759e-01
-6.810520408979386930e-01 -2.829100169890637617e-01 6.753740000000000299e-01
-7.378039359326807878e-01 -4.308769625847321261e-01 5.196060000000000123e-01
-2.237158979000559988e-01 -2.309609269785080077e-01 9.468940000000000135e-01
9.045870389570986880e-01 3.445610148389229854e-01 2.509979999999999989e-01
1.370549906791516948e-01 8.712979407446902469e-01 4.712279999999998692e-01
-4.755419680938134941e-01 8.298649443207384291e-01 2.918630000000000946e-01
3.220192500974148886e-01 7.834116084394580071e-01 5.315729999999999622e-01
1.120381035753464510e-01 -8.035267428326452466e-01 5.846299999999999830e-01
-7.977174911297372217e-01 -5.572016445566877474e-01 -2.305930000000001034e-01
-7.411933521381493251e-02 6.743139519883926958e-02 9.949670000000000458e-01
-8.446071684508921207e-02 2.835390494341363810e-01 9.552340000000000275e-01
2.222599711173981474e-01 -9.491328766605302558e-01 2.230409999999999615e-01
-5.871600990820261545e-01 7.996901349460210362e-01 -1.254540000000000655e-01
-8.101602286117179363e-02 -3.823381078884998674e-01 9.204639999999999489e-01
-9.589992712767171357e-01 -1.132630320392561812e-01 -2.597919999999999674e-01
6.641969303653011414e-01 6.332179336131528169e-01 3.973380000000000800e-01
-8.335411472837197522e-01 -5.331590942072922390e-01 1.447429999999999828e-01
6.760789295267840560e-01 -5.320199445432260282e-02 7.349059999999999482e-01
3.377182799387245526e-01 1.082400897215059395e-02 9.411850000000000493e-01
-9.966038459300985419e-01 -1.999899690825657911e-02 -7.988000000000007594e-02
-8.457166749276721074e-01 5.294017965111963431e-01 -6.705999999999999461e-02
2.017999324812919659e-01 9.729666744624638763e-01 -1.123059999999999614e-01
-1.192284811452700016e-01 2.985067009679882033e-01 -9.469310000000000782e-01
2.519520215731881341e-01 -8.691850744232690884e-01 4.254850000000000021e-01
-3.492469250840177786e-01 -8.984018072863380056e-01 2.662720000000000087e-01
1.146492255517264219e-01 1.489425921333096259e-01 9.821769999999999667e-01
-9.163132634514483676e-01 3.570551026577784559e-01 -1.813329999999998832e-01
7.599582787774342707e-01 -3.715181362849457880e-01 5.333269999999999955e-01
-9.065635738211784700e-01 3.364698418243083217e-02 -4.207259999999999334e-01
-5.716692808556614880e-01 6.884453382266241261e-01 4.463599999999998680e-01
4.411647386403378945e-01 -7.813715370912881486e-01 4.413979999999999571e-01
-2.452920717249298388e-01 7.376852157037525615e-01 6.290090000000000403e-01
5.665800942701482157e-02 -9.202271531115392422e-01 -3.872619999999999951e-01
4.680141457904057889e-01 -3.482541084841307977e-01 8.122080000000000410e-01
-6.135239954260408579e-01 -6.173959953971739356e-01 4.923520000000001229e-01
6.033204828496360056e-02 -5.177434143605700312e-01 8.534059999999999979e-01
-5.055067150706684664e-01 -3.435714860032216822e-01 7.914679999999999493e-01
-1.612790890562648127e-01 -5.638323113410417253e-01 8.099889999999999590e-01
6.896901821814304112e-01 7.014261852814916987e-01 -1.798019999999999896e-01
8.200173758546375202e-01 -4.717302162173566682e-01 3.241020000000000012e-01
2.976776625287542166e-01 4.467874934859044633e-01 8.436639999999999695e-01
-2.825245552097023771e-01 3.892027648508677440e-01 8.767559999999999798e-01
4.947290880682035930e-01 7.824951392942984807e-01 3.780800000000000827e-01
9.629880789390509177e-01 -1.309720107361726227e-01 2.355850000000000721e-01
-8.563039727361971831e-01 4.099529869475352917e-01 3.141369999999999996e-01
-2.626491605981462474e-01 -2.258692781431693650e-02 9.646270000000000122e-01
4.014266037667488241e-01 -5.478144592727482998e-01 7.339999999999999858e-01
-4.191155861015383732e-01 -1.755592455063645918e-01 8.907979999999999787e-01
6.516919239561699273e-01 -2.611809695236345097e-01 7.120969999999999800e-01
1.942291880815023575e-01 -6.343736142946051482e-01 7.482280000000000042e-01
-5.225230519601744561e-01 -7.644200760146379059e-01 3.776660000000001127e-01
-3.828089834542607872e-01 7.858279660350065976e-01 4.857280000000000486e-01
6.656423570789669064e-01 1.578998474899741822e-01 7.293749999999999956e-01
7.987819150500072851e-01 4.378709534326784558e-01 4.125729999999999675e-01
5.429260269752047563e-01 -8.354570415095676772e-01 -8.510499999999993070e-02
-3.791313441988581473e-02 -1.469235209129555464e-01 9.884209999999999940e-01
3.185570901910261266e-01 -2.158740611190386460e-01 9.229950000000000099e-01
8.021626062115680966e-01 -1.593609217683708834e-01 5.754470000000000418e-01
-9.505507714404743957e-01 2.316599442974653575e-02 3.097039999999998683e-01
-7.159189327324565477e-01 6.979949344165902181e-01 1.622199999999989276e-02
1.178741233885668566e-01 7.480807830778550827e-01 6.530550000000000521e-01
-6.583480369021256218e-01 7.147200400619233562e-01 2.361209999999999143e-01
4.631553015757982061e-01 2.949985551510914128e-01 8.357409999999999561e-01
-9.446880548210321304e-01 2.418650140356277956e-01 2.215079999999999272e-01
-2.697731773217471041e-01 5.743683775319888829e-01 7.728669999999999707e-01
