6.268792541905016114e-02 -6.845451855843087685e-01 7.262699999999999712e-01
-8.877001846478544192e-03 -8.373441741734504173e-01 5.466039999999999788e-01
5.509726236966920876e-01 5.720536092987994481e-01 6.076049999999999507e-01
-7.782734725550864985e-01 -5.316203227912779522e-02 6.256709999999999772e-01
-3.161529510552575917e-01 9.118858588277657384e-01 2.617470000000000074e-01
-8.747896994179017727e-02 -9.505596733829619893e-01 2.979660000000000641e-01
-6.694000180154482949e-02 8.278070222786281240e-01 5.570049999999999724e-01
5.438144002706295499e-01 -4.975094513366509763e-01 6.758330000000000171e-01
3.616199639605482963e-01 8.690099133934962028e-01 3.377170000000000449e-01
-3.024339915659198241e-01 8.227459770558014363e-01 4.812719999999999221e-01
3.984560213316266086e-01 -8.337390446348127426e-01 3.822459999999998637e-01
5.691011031161163913e-01 7.179331300831711671e-01 4.008689999999999198e-01
-8.882098488535192238e-02 9.320218413980415617e-01 3.513489999999999669e-01
1.538269917038929957e-01 8.739779528651340224e-01 4.609770000000000811e-01
9.454394766671769812e-01 3.256478197428847032e-01 -9.884000000000088895e-03
3.807691702044214699e-01 7.452603331325479141e-01 5.473590000000000400e-01
5.332260798199354168e-01 -2.124404302066615347e-02 8.457059999999999578e-01
5.868174783063848654e-01 -2.735322229521333637e-01 7.621189999999999909e-01
8.321397449936150936e-01 -4.024908766580445052e-01 3.815030000000000365e-01
-3.117830304182812595e-01 9.496200926471560777e-01 3.182799999999990498e-02
7.271649878080215235e-01 6.497059891067342718e-01 2.216149999999999509e-01
-5.181415347184813863e-02 -3.179309417011746963e-01 9.466970000000000107e-01
-5.012008200977757788e-01 -3.632698696070417732e-01 7.853869999999999463e-01
-5.990923323325074712e-01 4.570692535485148533e-01 6.574010000000000131e-01
1.301979776400551403e-01 9.624518347104128457e-01 2.381909999999999583e-01
6.915668760824956740e-01 3.691619338522026395e-01 6.208500000000000130e-01
2.801722746866781577e-01 -2.058502018197846256e-02 9.597290000000000543e-01
3.634266158170719740e-01 -4.288427266629927237e-01 8.270520000000000094e-01
7.789990321404038909e-01 -5.855370241584336721e-01 2.242919999999999914e-01
-5.032747727516256875e-01 8.544746141710702902e-01 -1.287929999999999076e-01
-3.918501206698692951e-01 4.987311535837808396e-01 7.731240000000000334e-01
1.153491305618637441e-01 5.373636082334029007e-01 8.354249999999999732e-01
2.646612334705285008e-01 3.693013257786362247e-01 8.908260000000000067e-01
7.312232123088991953e-01 -3.422270993648143800e-01 5.900790000000000202e-01
8.463200718104098019e-01 3.092160262370352575e-01 4.337369999999999837e-01
8.297158423514846559e-01 -5.572208941263475657e-01 -3.280999999999995032e-02
-4.085849220827315609e-01 -7.114558643251513992e-01 5.717419999999999725e-01
7.858593448931086023e-01 1.307220573704913347e-01 6.044310000000000516e-01
1.416171546666188108e-01 1.675561829958266691e-01 9.756380000000000052e-01
-6.077371049112662016e-01 7.307321261434127635e-01 -3.109439999999999427e-01
4.124326920254849094e-02 -7.262771309552647214e-02 9.965060000000000029e-01
2.926860597450428592e-01 -9.350531908693330285e-01 2.000260000000001204e-01
-6.807057703324981279e-01 2.260369237360135009e-01 6.968119999999999870e-01
8.965103923790802842e-02 -9.887504327501268619e-01 -1.197300000000000725e-01
4.783881531583916713e-01 -6.872082200131945928e-01 5.467079999999999718e-01
1.737728974799109816e-01 7.334455672921040836e-01 6.571609999999999951e-01
3.065698820668819602e-01 -6.249007596094743322e-01 7.179929999999999923e-01
-1.595600895018848553e-01 5.084402851989116012e-01 8.461849999999999650e-01
8.236728360680828365e-01 -4.944769015864758921e-01 -2.775889999999999191e-01
-7.720035942725063105e-01 -5.939484572093199910e-01 2.263529999999999709e-01
-6.898660396155587016e-01 -7.239370415720861596e-01 -8.500000000005992183e-05
-7.699344200805019467e-01 3.934977036150290042e-01 5.023549999999998850e-01
4.024018706878992324e-01 1.805463906531480922e-01 8.974830000000000307e-01
1.379520593879868251e-01 -9.157083942099764062e-01 3.774219999999998687e-01
-5.744449026309590423e-01 -5.263109107897232519e-01 6.269050000000000455e-01
-1.095883579327504992e-01 1.209323949841532436e-01 9.865930000000000533e-01
-2.295340733592657056e-01 -8.552532733396014386e-01 4.646029999999999882e-01
6.187262152366709289e-01 1.822650634046602824e-01 7.641710000000000447e-01
-6.262954663010044110e-01 -1.583948650234833500e-01 7.633250000000000313e-01
-1.814790375656060717e-01 -7.149041479829735257e-01 6.752610000000000001e-01
-4.829486322667091436e-01 2.848133728719824953e-01 8.280349999999999655e-01
4.829891087621561163e-01 8.735991967218937893e-01 -5.954800000000001065e-02
-9.588392563796289680e-01 -1.678440448790490813e-01 2.290319999999999301e-01
-1.151690904178535313e-01 -5.358944207241983504e-01 8.363930000000000531e-01
-9.158232730355946316e-01 -5.845001742578214039e-03 4.015389999999999793e-01
-2.808398145720275019e-01 -3.523310219312930092e-01 8.927439999999999820e-01
9.782732403836104096e-01 8.450002076354461026e-04 2.073180000000000855e-01
-4.214434141957309476e-01 -1.461031435905659759e-01 8.950080000000000258e-01
7.802199338150937746e-02 -9.891999160876306929e-01 1.240810000000000524e-01
9.052004672699153209e-01 -2.600061342167274137e-01 -3.361680000000000224e-01
7.295871681760214278e-01 5.274631215847168653e-01 4.352989999999999360e-01
2.366801575135218383e-01 -7.905525261223156352e-01 5.648090000000000055e-01
-6.677507330153699128e-01 6.030137588989461506e-01 4.364439999999999986e-01
6.085541320932486009e-01 7.621241654272833399e-01 -2.209720000000000573e-01
-3.495999018318253666e-03 3.472259024984510889e-01 9.377750000000000252e-01
8.622571436340678019e-01 4.537280755816401889e-01 2.250409999999999355e-01
6.836816771839636653e-01 -7.281786561736910413e-01 4.832399999999995727e-02
4.918914831411917987e-01 3.909013839476123686e-01 7.779709999999999681e-01
9.060792648454930598e-01 6.502801900758403697e-02 4.180810000000000359e-01
1.255158263220745585e-01 -4.929683178731538717e-01 8.609459999999999891e-01
-7.637735389977308165e-01 -4.704837160230753157e-01 4.419219999999999815e-01
-8.264759636428241629e-01 1.579989930495290795e-01 5.403459999999999930e-01
-5.214289643588915224e-01 8.450269422400766839e-01 1.184959999999999902e-01
-4.105196633199075656e-02 6.781154438561896036e-01 7.338080000000000158e-01
8.456969309761496190e-01 -1.459989880838963028e-01 5.133039999999998715e-01
8.435476951447692384e-01 5.370488059124118863e-01 -2.421999999999985796e-03
9.961059533593852322e-01 8.762399589718641857e-02 -9.744999999999896106e-03
4.011678025911354917e-01 -2.091948970582214462e-01 8.917969999999999509e-01
5.430820449801010419e-01 8.204630679538424953e-01 1.786119999999999930e-01
-6.110770558085356630e-01 -6.608260603520200727e-01 4.357679999999999887e-01
-9.314320074044543096e-01 3.461940027520822305e-01 1.121789999999999871e-01
-8.885863220752699965e-01 -3.902811414605433793e-01 2.410290000000000210e-01
-4.834761254578410772e-01 6.587631709433017235e-01 5.764390000000000347e-01
9.473945834504349239e-01 2.354891450253637775e-01 2.167679999999999330e-01
-3.548706595143875098e-01 8.304292032330982953e-02 9.312200000000000477e-01
-6.939891478947851633e-01 6.912801473174748912e-01 2.012730000000000352e-01
7.142119180810185819e-01 -7.775699108139567939e-02 6.955970000000000208e-01
1.785942984894723085e-01 -2.697554508495672021e-01 9.462220000000000075e-01
-7.137459469321001393e-01 -3.214139761024707442e-01 6.223020000000000218e-01
3.422170212368353392e-01 5.758180357333272381e-01 7.425100000000000033e-01
-4.287249869328395024e-01 -8.329439746126006128e-01 3.498560000000000003e-01
-3.506550449131015657e-01 -5.544130710111287996e-01 7.547629999999999617e-01
-1.299940506708292531e-01 -9.913693864292915103e-01 1.697899999999999757e-02
6.779114632879920110e-01 -5.636975537127452140e-01 4.718910000000000604e-01
-8.594765157606402139e-01 -2.347931408962997402e-01 4.540620000000000767e-01
-2.580456186657819617e-01 3.051637316317156179e-01 9.166720000000000423e-01
-1.960327351886673453e-01 -1.160172514518849063e-01 9.737099999999999644e-01
2.924109521646979237e-01 9.383318464989530705e-01 -1.844699999999999396e-01
3.291138814893180831e-01 9.385826620255858233e-01 1.036659999999999526e-01
9.834039975852225668e-01 -1.756939995685782019e-01 4.525700000000006107e-02
-2.697730518894685958e-01 6.853911318314835910e-01 6.763590000000000435e-01
-5.133199941109737319e-01 7.808499910417555645e-01 3.560559999999999281e-01
5.774074627102805390e-01 -5.677104549395026178e-02 -8.144799999999998708e-01
9.080480547839174799e-01 -3.958770238838617006e-01 1.368579999999999242e-01
-9.791141750411136435e-01 8.936701597658631979e-02 1.826170000000000571e-01
9.310136561231835417e-01 -2.070479235253099570e-01 3.005740000000000633e-01
