-8.576300387929676472e-02 -9.641110436093965896e-01 2.512660000000001004e-01
9.383482884805730562e-01 2.441790750690552292e-01 -2.447020000000000028e-01
1.551700330106189907e-02 9.394151998496483857e-01 3.424299999999999011e-01
1.990389209590373853e-01 9.750756127847020061e-01 9.803599999999997039e-02
-5.905218612830446245e-01 7.863378152847594338e-01 1.815400000000000902e-01
3.219640565108231600e-01 -4.524680794167643683e-01 8.316320000000000379e-01
-9.335741168975031368e-01 -3.555260445172014894e-01 -4.517300000000005339e-02
4.599003891022918067e-02 -6.119515177463290545e-01 7.895569999999999533e-01
-8.206736208933604892e-01 5.521497449368067967e-01 1.470559999999999368e-01
-1.640749699283836072e-01 8.098708515670877128e-01 5.631950000000000012e-01
6.535382289837812220e-01 4.946701733203073270e-01 5.728779999999999983e-01
4.097259740476605350e-01 6.622379580533689358e-01 6.273480000000000167e-01
2.945724676557102129e-01 1.680392667748390467e-01 9.407389999999999919e-01
-1.576699999551267606e-02 -8.318289997632575261e-01 5.548079999999999679e-01
-7.687136749210049524e-01 1.426909396578613654e-01 6.234730000000000549e-01
2.276833070618184129e-01 5.012526760072145704e-01 8.348090000000000233e-01
4.079779028684090703e-01 -9.104947832289292942e-01 6.747799999999994081e-02
5.374028629709292834e-03 3.081086414242338867e-01 9.513359999999999594e-01
6.802969342517927176e-01 -7.261619298191086536e-01 9.942300000000001137e-02
-7.442446665701402120e-01 -4.115998155987204976e-01 5.260089999999999488e-01
9.611207169595880062e-01 -2.684779209359448582e-01 -6.454899999999999527e-02
5.901576659830494176e-01 4.390904955062757686e-02 8.060929999999999485e-01
8.749451901214937433e-01 -4.555840989962918752e-01 1.640550000000000064e-01
-3.723250938899212437e-01 -9.153842308341679779e-01 1.531199999999999783e-01
2.822191033405545002e-01 -7.341252688156520989e-01 6.175859999999999683e-01
5.386728798172700783e-01 -5.521628768075311777e-01 6.363550000000000040e-01
-6.816721923837909536e-01 5.797721636252262112e-01 4.463039999999999230e-01
-5.001179225601429801e-01 -4.416539316128940684e-01 7.448649999999999993e-01
-2.035621627232329922e-01 -4.251133398264986263e-01 8.819529999999999870e-01
-3.856920477711827111e-01 6.037160747752803314e-01 6.976879999999999749e-01
4.651571930503790864e-02 -2.668739658593282521e-02 9.985610000000000319e-01
-6.326508502519888610e-01 -1.611219618625450989e-01 7.574910000000000254e-01
4.990056572807224922e-01 3.464007620904348550e-01 7.943550000000000333e-01
-6.228332106171388105e-01 -7.531012546685517117e-01 2.119370000000000143e-01
4.742171051838097173e-01 -7.986681771487378345e-01 3.704689999999999928e-01
-6.171517465461385799e-01 -7.042477107772879830e-01 -3.509400000000000852e-01
-3.153198088701786861e-01 3.640487793333112010e-01 8.763800000000000479e-01
-3.221448816623128097e-01 -8.358126929700065988e-01 4.445669999999999900e-01
7.713457949720241569e-01 2.236502305006101976e-01 5.958240000000000203e-01
-3.486807494445760547e-01 -1.772203809124921203e-01 9.203339999999999854e-01
-2.831110588709064846e-01 9.293851932589599629e-01 2.368359999999998800e-01
-5.639968498027008170e-01 -6.544768257070908701e-01 5.035549999999999748e-01
-5.183490669722585764e-01 -8.485821096393612040e-01 -1.059369999999999062e-01
-9.493836458442692638e-01 1.647669385357481697e-01 -2.674369999999999803e-01
-8.552761695514694562e-01 3.386690671383585372e-01 3.921810000000000573e-01
1.291190269565844484e-01 7.688321605115024937e-01 6.262790000000000301e-01
-8.423882440544536720e-01 -1.291770374248233377e-01 5.231589999999999296e-01
6.037992533642980719e-01 -2.651271112517845641e-01 7.517540000000000333e-01
-2.698390671276438835e-01 -6.662241657360403746e-01 6.952209999999999779e-01
-8.172050729314688233e-01 -5.237540467424312007e-01 2.405360000000000276e-01
2.037649422337766136e-01 -9.221007385895890751e-01 3.289529999999999954e-01
-6.102452600415302353e-01 3.931631675371501378e-01 6.877670000000000172e-01
-4.468650451521180567e-01 7.731670781223133337e-01 4.500270000000000659e-01
8.183166493642825001e-01 -6.430597244590977035e-02 5.711589999999999723e-01
-9.520020281408813068e-01 6.511300192471992931e-02 2.990860000000000740e-01
1.009060283353246379e-01 -9.948932793750245862e-01 2.309999999999976569e-03
-2.258765093636827259e-01 8.036918123682822157e-02 9.708350000000000035e-01
-7.847393941977030829e-02 5.886405455818876087e-01 8.045769999999999866e-01
7.019669161294783688e-01 -6.023779280283018123e-01 3.799779999999999824e-01
7.965079992244847862e-01 -3.463489996627794332e-01 4.955980000000000385e-01
-7.681687061326667454e-01 -6.372307562237283785e-01 -6.207899999999996754e-02
-8.351661677598397615e-01 -4.455220894920285946e-01 -3.225020000000000109e-01
-5.247870037516744190e-01 1.171840008377421499e-01 8.431290000000000173e-01
9.357367529663296324e-01 1.443769618846104941e-01 3.217949999999999977e-01
3.529953864099991123e-01 -1.468931607980963061e-01 9.240220000000000100e-01
5.907418886724013357e-02 -3.110219943744776949e-01 9.485649999999999915e-01
3.296239488081321722e-01 8.644478657479198747e-01 3.795760000000000245e-01
-9.989929163978150672e-01 -4.082899658316543889e-02 -1.860500000000007287e-02
