3.228448993327788230e-01 7.391897695110558608e-01 5.910750000000000171e-01
9.527637721051126496e-01 -2.752239341682279350e-01 1.284250000000000391e-01
-4.357349165389434176e-01 8.714698330778868351e-01 -2.251120000000000620e-01
8.225390264712377775e-01 -1.529510049223225809e-01 5.477549999999999919e-01
-1.632051232429508336e-01 7.851705929148474761e-01 5.973870000000000013e-01
5.526072758586118017e-01 -2.906001450660462490e-02 8.329349999999999810e-01
2.208222916909949041e-01 -3.293609435426991805e-01 9.180190000000000294e-01
2.651048838277639264e-01 8.665836202523491405e-01 -4.227909999999999724e-01
6.592915074773243456e-01 6.752644955447288933e-01 3.306850000000000067e-01
-2.032076146448816845e-01 -2.634157967574026205e-01 9.430370000000000141e-01
-1.160200813809688161e-02 5.078913562546262250e-01 8.613429999999999698e-01
-4.915418328249430702e-01 4.442658489036667158e-01 7.490090000000000359e-01
8.293139151931702147e-01 3.296329662912603764e-01 -4.511990000000001277e-01
-5.896892037817591525e-01 -1.487960514201735196e-01 7.938049999999999828e-01
-7.863945697449653549e-01 1.422699221607669207e-01 6.011180000000000412e-01
4.435861084422222378e-01 8.957042189702385526e-01 3.074600000000009964e-02
7.529719464283294306e-01 3.298429765326724161e-01 5.694179999999999797e-01
6.559952199957952423e-01 7.037302360043002913e-01 -2.728259999999999574e-01
9.558980938965574436e-01 1.552140152464596135e-01 2.493339999999999446e-01
5.062931563689946346e-01 -5.053631560817632984e-01 6.987670000000000270e-01
-4.826998677325857606e-03 9.904747285942074875e-01 -1.376100000000000101e-01
1.418699445527174807e-01 9.695196210809237103e-02 9.851259999999999462e-01
4.219161814444229996e-01 4.002961721467703238e-01 8.134799999999999809e-01
-3.135560120326743028e-01 9.299180356854928053e-01 1.921849999999999670e-01
-5.793229754334084936e-01 6.853389709377267769e-01 4.412429999999999408e-01
9.809175423548415207e-01 5.235297557482176262e-02 -1.872430000000000760e-01
1.220129584324181615e-01 9.488126767568870745e-01 2.913199999999999124e-01
-2.906931183237943528e-01 1.574425224746748564e-01 9.437740000000000018e-01
-7.817295695524023591e-02 -6.356006500160884531e-01 7.680500000000000105e-01
-2.114410446578429970e-01 8.073581705197513392e-01 -5.508770000000000611e-01
-4.973373117711668567e-01 -5.577413496372931601e-01 6.645149999999999668e-01
7.347306870109392429e-01 -5.652307592164754757e-01 3.750799999999999690e-01
-8.783177865775437798e-01 3.790999078825057489e-01 2.912750000000000061e-01
8.737129354539326931e-01 4.863569640700873831e-01 9.088999999999926999e-03
-7.239070251508160636e-01 6.889340239357435447e-01 3.644900000000007856e-02
