2.377240072654420167e-01 -8.099650247545632231e-01 5.361379999999998924e-01
-1.562000251571105114e-01 4.958000798520854208e-03 9.877129999999999521e-01
-7.158999805938173061e-03 9.834229733419789232e-01 1.811849999999999850e-01
-3.147997700199623439e-01 5.934576812527495027e-02 9.473009999999999486e-01
5.140136572611649912e-01 -2.500003196714698558e-05 8.577820000000000444e-01
5.225871425972499207e-01 8.177022231246786621e-01 2.413829999999999310e-01
3.019258722874993417e-01 -5.899457504571354871e-01 7.488690000000000069e-01
-2.145399420516019007e-01 -9.008867566656173498e-01 3.773270000000000235e-01
6.303106876865300912e-01 -7.343016361599187247e-01 -2.520110000000000405e-01
-6.619791933025517272e-01 -1.440528244551382286e-01 7.355490000000000084e-01
9.204575356994458835e-01 -2.885038544718313003e-01 2.636729999999999352e-01
-3.618362424458866355e-01 -8.875725947119150749e-01 2.851129999999998943e-01
2.910122381827931481e-01 5.783994733986549397e-01 7.620799999999999796e-01
-7.879025524832491273e-03 -2.977479645820924614e-01 9.546120000000000161e-01
9.767052429681145620e-01 7.842001950799837653e-03 2.144420000000000215e-01
-9.079689345380569376e-01 -4.186049698197882307e-01 1.903400000000008904e-02
9.743639241734548539e-01 4.780499627973940763e-02 -2.198400000000000076e-01
2.141298973904376055e-02 9.997705209168931129e-01 -6.239999999999483807e-04
-3.011233378070578004e-01 -3.830961575426416466e-01 8.732480000000000242e-01
7.205322616601116115e-02 -4.376433737074853503e-01 8.962569999999999704e-01
-2.195291514216006767e-01 -5.206673591335564399e-01 8.250530000000000364e-01
-6.047316551246786354e-01 1.583579096893068805e-01 7.805269999999999708e-01
-3.035504344891792883e-02 -5.493557863245042139e-01 8.350370000000000292e-01
7.284581097101333613e-01 6.030940908295648883e-01 3.250019999999999576e-01
-3.628415195205825783e-01 3.931295628873449077e-01 8.448639999999999484e-01
1.393850499475249027e-01 -5.794532076424515621e-01 8.029979999999999896e-01
-4.319501685187567691e-02 9.329933639931026201e-01 3.572919999999999985e-01
-6.087832429657402677e-01 -5.693882272431671776e-01 5.524310000000000054e-01
4.097567799030504276e-01 -8.569265397100751525e-01 3.126920000000000255e-01
-8.554401515722673266e-02 8.515781508879735062e-01 5.172010000000000218e-01
-4.255190745300971300e-01 -6.352586183633900097e-02 9.027169999999999916e-01
-8.232037447591957768e-01 2.365889266437399274e-01 5.161019999999999497e-01
4.842717958703403602e-01 7.663746769586762264e-01 4.220790000000000375e-01
6.992341740298890773e-01 3.998620995202456507e-01 5.926059999999999661e-01
-6.235197203337865257e-02 -8.714366091360569166e-01 4.865289999999998782e-01
-7.409770637007071503e-01 -6.584900566094207264e-01 1.316959999999999242e-01
-6.413420572760201166e-01 6.374100569248669634e-01 -4.270700000000000607e-01
4.957331668557112825e-01 -3.088161039424717758e-01 8.117149999999999643e-01
1.646390960162191774e-01 6.954744055951751491e-01 6.994350000000000289e-01
5.363663393950552916e-01 -7.563054785653402501e-01 3.745840000000000281e-01
4.194619267299889431e-01 -8.917318442356790831e-01 -1.699000000000000232e-01
3.446450142823738738e-01 7.949850329448361341e-01 4.992180000000001061e-01
-5.457663265448752243e-01 7.258134342713095100e-01 4.187289999999999623e-01
8.939953803005957784e-04 2.791365575686209910e-01 9.602509999999999657e-01
7.868582116145487193e-01 -2.064940555336980954e-01 5.815620000000000234e-01
3.457401525831450134e-02 -6.865903030082188829e-01 7.262220000000000342e-01
2.780490812010011914e-01 -9.536452785010153255e-01 -1.151059999999998890e-01
7.878498168290510861e-01 -6.155328568918401189e-01 -2.029699999999991233e-02
-6.132550029384868928e-01 -7.854970037638058233e-01 8.314299999999999469e-02
-7.987624318089336928e-01 -3.693997372314693495e-01 4.748920000000000918e-01
-4.271981175079695575e-02 1.292914037667491911e-01 9.906859999999999555e-01
-2.274990555684979487e-01 -7.264231774347797987e-01 6.485009999999999941e-01
-5.267387497487843184e-01 -1.843949123948046831e-01 8.297860000000000236e-01
2.477323593084425346e-01 4.437976436794958679e-01 8.612039999999999695e-01
3.233249367848916034e-01 6.957538639691811522e-01 6.413950000000000484e-01
-7.294541239442353664e-01 3.623510615684024105e-01 5.801709999999999923e-01
-1.987771253028766116e-01 -9.539956013689604442e-01 2.244549999999999323e-01
6.006124967652595181e-01 -5.510755382707538397e-01 5.792929999999999469e-01
5.037209691300307268e-01 -6.810009582656272320e-01 5.315100000000001490e-01
-3.395690419258334258e-01 -9.322551151034632611e-01 1.248730000000000812e-01
-4.705316810751092871e-01 1.059761533960902752e-01 8.759959999999999969e-01
-8.353048027685586741e-01 -4.457588947477988395e-01 3.218149999999999622e-01
4.646100260562257556e-01 8.852140496445101148e-01 -2.310000000000004064e-02
-7.508052633141709675e-01 -5.943722084516892545e-01 2.881200000000000427e-01
5.900567459850171170e-01 1.526109343021427589e-01 7.928070000000000395e-01
1.761379881774835232e-01 -3.113379791027568455e-01 9.338330000000000242e-01
7.687702065952189967e-02 8.819612370135749835e-01 4.650100000000000344e-01
4.890851380507291180e-01 -8.193802312808744492e-01 -2.990179999999999505e-01
-4.734429506101070495e-01 5.892779385261217584e-01 6.546779999999999822e-01
9.818701926752165798e-02 -8.919321750264194160e-01 4.413799999999999946e-01
4.005288738333702137e-01 -4.563818562396759204e-01 7.945389999999999953e-01
-6.171788332955945311e-01 3.276349115034732362e-01 7.153639999999999999e-01
5.583750338990018935e-01 -8.205690498168258795e-01 -1.219990000000000102e-01
9.855967662345769265e-01 1.380479672575615491e-01 9.768200000000001881e-02
7.002795953784950456e-01 -1.439571223925064647e-01 6.992030000000000189e-01
-8.451689864756442017e-01 -2.108089966266439574e-01 4.911709999999999687e-01
9.538763741782965155e-01 -2.342750918993877773e-01 -1.877100000000000712e-01
-5.114769725436576486e-01 -7.876349577193577645e-01 3.435439999999999605e-01
7.830986373235271358e-01 2.546968820422327306e-01 5.673500000000000210e-01
8.445493384209332155e-02 4.313166621274068246e-01 8.982390000000000096e-01
9.980200313190735750e-01 -3.699000116079090295e-02 5.086999999999992916e-02
-6.731836115081208938e-01 6.897926019231310768e-01 -2.664769999999999639e-01
-8.403467528604556813e-01 -5.182018476008052321e-01 1.590100000000000957e-01
2.850085216223937623e-01 1.484227924094458084e-01 9.469640000000000279e-01
-6.167805378338129252e-01 -3.077577693908513656e-01 7.244770000000000376e-01
4.561588621606737504e-01 -5.815528242698846384e-01 6.735839999999999606e-01
5.473473378525430810e-01 -4.422804649560436729e-01 7.104920000000000124e-01
2.698175920128121352e-01 -1.640387519594307675e-01 9.488360000000000127e-01
-1.946421681149936578e-01 -2.710722341286442294e-01 9.426740000000000119e-01
2.774950858493304695e-01 -9.590982967185756047e-01 5.591900000000004506e-02
-7.278703042306956805e-02 -7.758433242821589637e-01 6.267129999999999646e-01
-2.035259773240353232e-01 8.887439009800833789e-01 4.107449999999999712e-01
6.108168718624086280e-01 6.340968669787149237e-01 4.741560000000000219e-01
9.458462214788170286e-01 3.005530703773371948e-01 1.226490000000000496e-01
-1.306330371858930306e-01 9.897282817352391904e-01 5.807699999999998280e-02
6.540706801079319010e-01 2.809518625924153912e-01 7.023230000000000306e-01
3.570801091519755499e-02 7.876752407759686214e-01 6.150550000000000184e-01
1.948411033837776085e-01 8.023454257289637237e-01 5.641620000000000523e-01
2.422294213979242494e-01 -4.557487928499939778e-01 8.565150000000000263e-01
8.995269978683492207e-01 3.312489992150239315e-01 2.848249999999999948e-01
-8.936712397381447737e-01 9.887202652361991306e-02 4.376939999999999720e-01
-6.849088510026107857e-01 -4.223939081109997495e-01 5.937029999999999808e-01
5.762848936330655647e-01 8.134578498572168082e-01 7.862600000000007083e-02
-4.925769078507675758e-01 4.439249169523790117e-01 7.485309999999999464e-01
-2.561240126459696786e-01 8.872490438073896701e-01 -3.836529999999999108e-01
-6.982844442903041182e-01 3.113397522291671410e-02 7.151429999999999731e-01
-9.268792868399490237e-01 -1.073080332084569155e-01 3.596940000000001247e-01
-1.896231885025939645e-01 1.833701493103761238e-01 9.645820000000000505e-01
1.150350461276120617e-01 9.482843802501537134e-01 2.958439999999999404e-01
6.395577948018890124e-01 -2.904589068080797865e-01 7.117580000000000018e-01
4.233149413127422767e-01 -8.928468762180834517e-01 1.537169999999999648e-01
-8.029215826120893462e-01 7.939895872552647782e-02 5.907729999999999926e-01
-3.757427686572967218e-01 -7.241405541507457411e-01 5.783059999999999867e-01
6.829426006034409191e-01 -4.018923534380929308e-01 6.099769999999999914e-01
-3.714968410385365849e-01 -2.319635251464944037e-01 8.989899999999999558e-01
-8.204000492918882559e-01 3.836720230520691000e-01 4.239569999999999728e-01
-9.642098712355938739e-01 -2.617939650389967121e-01 4.199099999999989646e-02
8.439642517545783429e-01 9.817291296144060875e-02 5.273390000000001132e-01
2.699560125097519858e-01 9.361920433831055766e-01 2.250960000000000460e-01
7.298022748458977693e-01 5.195411956608950721e-01 -4.443710000000001825e-01
-2.662800076947264283e-01 -1.152074359843861390e-01 9.569860000000000033e-01
9.732495130453119314e-01 -1.654369172254583076e-01 1.594240000000001212e-01
-6.349349604208488485e-01 -7.336179542693698208e-01 2.422030000000000849e-01
6.730940860854898178e-01 7.170210917035421128e-01 1.811769999999998937e-01
3.818758952164058584e-01 8.643917628180340929e-01 3.271050000000000346e-01
7.894000870826451965e-01 -3.462290381942452200e-01 5.069249999999999590e-01
4.272590840207394769e-01 -9.040981777914158801e-01 -7.494000000000076989e-03
-4.012639210242036070e-01 -4.856409044173293776e-01 7.766210000000000058e-01
4.267586999789522162e-01 -1.608512638317604604e-01 8.899460000000000148e-01
8.245392643293411039e-01 4.744551520999946703e-01 3.082649999999999557e-01
5.928186145962883735e-01 5.354505551207666691e-01 6.015470000000000539e-01
1.227681829753602821e-01 1.416120575690092143e-01 9.822800000000000420e-01
8.830662753314251212e-01 2.172640677408107235e-01 4.159210000000000407e-01
8.703674773755233351e-01 -7.728995359015289335e-02 4.862989999999999258e-01
-2.617918977034282002e-01 7.962976888424565525e-01 5.453209999999999447e-01
-9.775575232936033476e-01 2.104928973530375003e-01 8.603999999999950229e-03
3.457097199012187372e-01 3.014486277325224006e-01 8.886020000000000030e-01
9.377364564594229401e-01 -3.330748069397094224e-01 9.854700000000007898e-02
-8.940438189186036277e-01 -2.846039423557568671e-01 3.459570000000000145e-01
8.400694212665584804e-01 -4.064142038030532089e-01 3.593199999999999728e-01
7.156285483769632139e-01 6.980095594960575855e-01 2.565999999999997103e-02
4.469965623650804520e-01 5.662244456342384602e-01 6.925200000000000244e-01
-3.546484058152409857e-01 2.244096240198004411e-01 9.076699999999999768e-01
9.952305949269715790e-02 -1.674111000746754674e-01 9.808510000000000284e-01
-3.106879145728101421e-01 6.824388123556559549e-01 6.616269999999999651e-01
8.275399663917053228e-02 -8.038459673539727346e-01 5.890530000000000488e-01
3.526709904464753742e-01 -7.040649809275434379e-01 6.163729999999999487e-01
-7.243500983485156031e-01 -5.075260689092686572e-01 -4.666200000000000347e-01
-7.508837077247502156e-01 6.297107548903162488e-01 1.990929999999999367e-01
1.986568791132026501e-01 -1.188799276591186345e-02 9.799970000000000070e-01
-7.208594284674723074e-01 2.065438362419686480e-01 6.615900000000000114e-01
4.411285649864580827e-01 1.514528506466227553e-01 8.845720000000000249e-01
-8.249652210926317064e-01 -5.651741514680103107e-01 -3.249999999999921355e-03
6.870686741816129928e-01 -7.196486587316900385e-01 1.002120000000000788e-01
-8.881709601761059725e-01 3.840849827783611170e-01 2.522520000000000318e-01
-1.365970825714679648e-01 7.496904531798197491e-01 6.475379999999999470e-01
-9.008363320469657820e-01 2.502910922569338559e-01 3.547510000000000385e-01
-8.508696080830315811e-01 5.060987668870851053e-01 1.410140000000000282e-01
7.884718090671756219e-01 5.925578565088267524e-01 1.648859999999999493e-01
-3.513200974334346888e-02 -9.842422729650427415e-01 1.732999999999999263e-01
8.155201500835356221e-01 3.690080679100761207e-01 4.458250000000000823e-01
-5.730360336361502993e-01 -1.665100097738274332e-02 8.193610000000000060e-01
-7.755571565112662213e-01 -9.764401970504572870e-02 6.236800000000000122e-01
-7.969922591509184251e-01 5.142691672203529851e-01 3.167499999999999205e-01
3.417897859913796577e-01 -3.146827236550600593e-01 8.855250000000000066e-01
8.753039565911461262e-01 -4.823959760765888505e-01 3.372099999999998710e-02
-1.304710573147674357e-01 -6.458562837188832617e-01 7.522280000000000078e-01
-9.555011795815594455e-01 -2.109890396543106228e-01 2.061580000000000912e-01
-4.195670064155712087e-01 -8.961070137023122717e-01 -1.447610000000000841e-01
7.301618828940614758e-01 1.323579787719604550e-01 6.703320000000000389e-01
3.903910469933941640e-01 -7.929260954486246904e-01 4.678280000000000771e-01
-1.487780589359704031e-01 -9.819153889695614312e-01 -1.170779999999999876e-01
-6.814843202566108760e-01 7.282793422474546086e-01 7.203000000000009395e-02
3.614636467312929424e-01 -6.287993854564686777e-03 9.323649999999999993e-01
-1.788710734389459822e-01 6.293492583913952165e-01 7.562569999999999570e-01
5.663159874839099883e-01 -8.227899818156052536e-01 4.798800000000001675e-02
9.237808647203781254e-01 4.852099289452529302e-02 3.798349999999999782e-01
1.770849531876101113e-01 9.823047403278384326e-01 -6.097800000000002524e-02
-7.411939101455596868e-01 -2.648069678976289754e-01 6.168540000000000134e-01
-5.884120508458268173e-01 6.118830528740014651e-01 5.285549999999999971e-01
-7.161800759137471051e-01 5.040970534333437669e-01 4.826720000000000454e-01
-5.528649219063218601e-01 -4.609429348905532131e-01 6.941699999999999537e-01
2.694231053216645799e-01 -9.369553662703635766e-01 2.225440000000000196e-01
-1.153151252633262819e-01 -4.153304511608838512e-01 9.023320000000000229e-01
-3.041508207378806339e-01 -9.516074391362615570e-01 -4.399500000000004102e-02
9.284677835043964045e-01 -3.630149153539469209e-01 -7.853500000000006309e-02
-9.110170606789631531e-01 -3.686810245562716082e-01 1.847219999999999140e-01
-5.128779896817392547e-01 -7.023569858697339408e-01 4.936100000000000487e-01
-2.199299225257212997e-01 3.301938836832538637e-01 9.179340000000000277e-01
2.329810372343999736e-01 8.855131415203182366e-01 4.019779999999999465e-01
-6.830191953890288881e-01 6.284241797712144528e-01 3.722469999999999390e-01
-4.930573731145708738e-01 2.800992119613314180e-01 8.236740000000000173e-01
5.016201969101657943e-02 9.408473693280531291e-01 -3.350969999999999782e-01
1.620690918771555411e-01 -9.569565424997700243e-01 -2.407649999999999513e-01
8.683125724988621785e-01 -4.529777769829422818e-01 2.020999999999999186e-01
-3.744580727278770116e-01 -8.181371588999755140e-01 4.363859999999999961e-01
-4.294094570518724313e-02 5.490723057493831494e-01 8.346710000000000518e-01
-6.128850383723568607e-01 4.783910299517692977e-01 6.288989999999999858e-01
-3.188309426468871610e-01 -6.135578896297376739e-01 7.224220000000000086e-01
8.763763505245908414e-01 -2.340150935991083259e-01 4.209529999999999661e-01
-8.681740948310072703e-01 -4.684300511668030437e-02 4.940439999999999277e-01
-2.241430656937857535e-01 -8.248692417598023630e-01 5.189899999999999514e-01
7.276947491101107834e-01 -5.014548271116479050e-01 4.679780000000000051e-01
6.546228517158220184e-01 5.015006524917963934e-03 7.559390000000000276e-01
-4.136004907929148079e-03 6.766328029163245494e-01 7.363089999999999913e-01
1.270510273456260109e-01 5.720641231273126959e-01 8.103089999999999460e-01
5.027048670829697974e-01 2.967749215316107247e-01 8.119189999999999463e-01
-8.502183437881159767e-02 -1.500754727957301360e-01 9.850119999999999987e-01
4.333293549822005430e-01 -7.145255853373692068e-01 -5.492529999999998802e-01
9.900909705570775099e-01 -8.248499754709470722e-02 -1.136489999999999029e-01
5.579934968428266195e-01 4.220783758226834270e-01 7.144880000000000120e-01
1.957128415677796551e-01 -7.062124283113865308e-01 6.804120000000000168e-01
1.117550657559707866e-01 -9.524935604411605139e-01 2.833140000000000103e-01
3.153840659221093246e-01 -9.019571885286122859e-01 -2.949680000000001190e-01
1.796490304836767249e-01 2.958760502056138053e-01 9.381810000000000427e-01
-9.520340097873629670e-01 9.230800094897027852e-02 2.917370000000000241e-01
8.794865677144712013e-01 4.533157771860791829e-01 1.449419999999999875e-01
1.230589543529212321e-01 -9.855966344060665962e-01 1.159990000000000188e-01
6.123268143323182811e-01 7.169627826049511654e-01 3.331970000000001320e-01
7.888956972449489013e-01 -5.959437712942438070e-01 1.499819999999999764e-01
7.830637832463644976e-01 -2.374399342761470202e-02 6.214880000000000404e-01
4.058095490929181648e-01 4.418545090422891786e-01 8.000519999999999854e-01
-4.720829697529770885e-01 -6.001129615499148917e-01 6.457570000000000254e-01
5.578010236929942245e-01 -8.020290340667522999e-01 2.135589999999999988e-01
5.704667181953757549e-01 -1.523501918029567248e-01 8.070669999999999789e-01
-8.073609641596508901e-02 4.045524831211792516e-01 9.109439999999999760e-01
7.680437780486768506e-01 -5.584148386278026122e-01 3.134989999999999166e-01
4.952679161329048840e-01 8.484508563260279024e-01 -1.866569999999999618e-01
-9.499777402949988181e-01 -1.728519527457174909e-01 -2.601239999999999108e-01
3.800079309322758614e-01 -8.191448511176584457e-01 -4.296459999999999169e-01
2.787619384907996656e-02 -2.001426729831541282e-02 9.994110000000000493e-01
-4.726182306338899686e-01 -3.428311672988484382e-01 8.118490000000000428e-01
9.394367194253718800e-01 -1.154799655104514072e-01 3.226810000000001066e-01
-3.482252275135370723e-01 5.487933585550623938e-01 7.599770000000000136e-01
-2.152460651493721955e-01 4.910401486250510206e-01 8.441260000000000430e-01
-6.382043122219065445e-01 -6.602133229891405941e-01 3.959970000000000434e-01
-9.935360362592263739e-01 -9.511300347116133369e-02 6.196500000000011027e-02
4.724697592569477855e-01 6.750416560381158337e-01 5.666489999999999583e-01
