-6.563028435918563108e-01 5.386408716327081292e-01 5.283299999999999663e-01
9.830605365204402035e-02 7.284073975395647382e-01 6.780549999999999633e-01
-4.933880997521208900e-01 8.058911629333027626e-01 -3.272729999999999806e-01
5.877852131401871683e-01 4.661721690413795915e-01 6.612050000000000427e-01
-9.982721101798881502e-01 3.854700425445591744e-02 -4.434999999999997972e-02
-9.710999470612219353e-01 -2.377589870387488424e-01 -2.086999999999995109e-02
1.331404551059551800e-01 3.314086436684762216e-01 9.340460000000000429e-01
-1.535899882039487400e-02 8.636219336719251904e-01 5.039059999999999651e-01
-8.519141141084778379e-01 3.775650505724373884e-01 3.628870000000001261e-01
4.131732581233564794e-01 -2.549015423094381783e-01 8.742499999999999716e-01
-9.508751055193082058e-01 2.918690323889204241e-01 -1.031939999999999524e-01
-2.874320825183824812e-01 8.329042391170462523e-01 4.729199999999999515e-01
-4.317584422878823491e-01 5.418005550136238690e-03 9.019730000000000247e-01
5.181199373825660925e-02 -7.665459073590223937e-01 6.400959999999999983e-01
2.825587992398886916e-01 8.111064237029023127e-01 5.121200000000001307e-01
5.081847556239701413e-01 -2.227403311943766673e-02 8.609599999999999476e-01
8.766568501626932353e-01 3.068059475610361853e-01 3.705979999999999275e-01
-2.897686839763680133e-01 -2.104934968534745987e-01 9.336630000000000207e-01
-4.257599790235748749e-01 6.560649676768643968e-01 6.231430000000000025e-01
3.815530033188085368e-01 6.334940055102313838e-01 6.731289999999999774e-01
1.634139945094300050e-01 9.313729687066680807e-01 3.253309999999999258e-01
5.567649667381020517e-01 8.282649505183230509e-01 6.316600000000002768e-02
-7.958402850637452675e-01 4.762201705783298405e-02 6.036310000000000286e-01
-6.364596993438274009e-01 -5.354705883766904678e-02 7.694490000000000496e-01
-7.855004864528247754e-01 -5.639096313252465187e-01 2.549410000000000842e-01
-7.843599668411337378e-01 -4.141209824930097705e-01 4.618260000000000698e-01
8.582570343785272948e-01 -3.705290148419894125e-01 3.551100000000000367e-01
-6.497440595561132515e-01 7.471290684825092621e-01 -1.401100000000000401e-01
8.719402787201719907e-01 5.994295041444693689e-02 4.859289999999998888e-01
-8.856319683428788281e-01 -1.416719949359014630e-01 4.422500000000000320e-01
5.769102930103210403e-01 2.168551101398019654e-01 7.874949999999999450e-01
1.276694894259831070e-01 -3.180042190816165792e-01 9.394540000000000113e-01
-9.110365731672606104e-01 1.236579420646113092e-01 3.933459999999999734e-01
-3.724318792722287608e-01 9.000847082279289646e-01 2.261459999999999859e-01
-5.925909082734787114e-01 -4.663869278084598058e-01 6.567490000000000272e-01
-1.750602355697163937e-01 -6.366768567438864102e-01 7.509970000000000256e-01
7.364808586862294781e-01 5.080079025249450986e-01 4.466809999999998837e-01
1.967971520556318077e-01 5.432114197131652222e-01 8.162059999999999871e-01
8.564340746635372703e-01 4.771530415979874928e-01 1.970930000000001014e-01
5.459284193682122366e-01 6.810835231908971554e-01 4.879420000000000424e-01
-4.224238344913783250e-01 -8.934136499542643106e-01 1.528729999999999256e-01
3.326379767575991520e-01 1.573139890080055558e-01 9.298410000000000286e-01
-2.168580392623846442e-01 9.758421766772914507e-01 2.654500000000010670e-02
-1.264350201458568634e-01 9.481671510787096357e-01 2.915360000000000174e-01
-3.587924104663650637e-01 -4.660432342419911222e-01 8.087469999999999937e-01
7.188265847187584878e-01 1.377201120263699639e-02 6.950530000000000319e-01
5.163363490042305326e-01 -4.702783178724928570e-01 7.157059999999999533e-01
-7.017319019931985702e-01 6.132629143491460377e-01 -3.626030000000000086e-01
-6.212819233735719093e-01 -7.545879069321448362e-01 2.112009999999998888e-01
-3.561599885733763432e-02 -9.938479681145372391e-01 -1.048700000000000881e-01
-3.776495221427650928e-01 2.653413668641607104e-01 8.871160000000000156e-01
-1.942160780543814025e-01 -9.768403925868208715e-01 8.979400000000006821e-02
4.210698564116002046e-02 -9.838946644835590005e-01 1.737189999999999845e-01
-7.645446330201420837e-01 6.421046917910632201e-01 5.633000000000001894e-02
6.378843197637013018e-01 -2.344627499702245932e-01 7.335739999999999483e-01
-1.716190248620581005e-01 7.154811036501217414e-01 6.772249999999999659e-01
-1.959230427562614618e-01 -8.060741759094681713e-01 5.584430000000000227e-01
-8.933064303839218789e-01 4.349192095386628654e-01 1.133529999999999677e-01
-7.353179402251358576e-01 -2.401689804763796621e-01 6.337399999999999700e-01
-4.500611411114920357e-01 8.914392795005287029e-01 -5.273499999999999022e-02
-9.671124754186383177e-01 1.982448924679617863e-01 1.593500000000001027e-01
-3.008680820989304561e-01 5.056001379648855654e-01 8.086079999999999934e-01
2.966229928790779513e-01 -6.707359838978810274e-01 6.797999999999999599e-01
-5.343605865637902214e-02 5.429795960248157138e-01 8.380440000000000111e-01
-2.016720332894839096e-01 -9.204571519374953326e-01 3.347939999999999805e-01
3.236099780383931424e-01 9.382779363243018977e-01 1.221110000000000806e-01
9.630304277816292835e-01 1.264789248481021922e-01 2.378560000000000396e-01
6.822110391865470191e-01 6.845040393182582061e-01 2.569870000000000210e-01
4.316000475596575015e-02 -9.055650997876767416e-01 4.220059999999999367e-01
9.431277846358901984e-01 -1.266119710880382332e-01 3.073749999999999538e-01
-6.056400878343533023e-01 1.962220284575531826e-01 7.711660000000000181e-01
6.002269638381022704e-02 9.887479443628206799e-02 9.932879999999999487e-01
-5.351773075067911556e-01 4.331154395698467163e-01 7.252560000000000118e-01
-7.543132210022460704e-01 3.022780885628605363e-01 5.827860000000000262e-01
2.929689364931439832e-01 -4.718268977221160565e-01 8.315940000000000554e-01
-5.294041577157877487e-01 7.480802228619851668e-01 4.001340000000000452e-01
-8.879149323299969643e-01 -4.578739651043908232e-01 4.425499999999991940e-02
-2.001168270563848661e-01 6.614128181313819188e-02 9.775369999999999893e-01
4.515599500866273042e-01 8.356149076349480564e-01 3.127959999999999630e-01
-2.766649006542805656e-01 9.292636663170238398e-01 -2.447970000000000701e-01
7.072548247470071825e-01 -4.378838914953143147e-01 5.550209999999999866e-01
-1.213467830354182514e-01 -4.050322758138605317e-01 9.062139999999999640e-01
-5.877020748486545543e-01 7.955591013209429851e-01 1.472820000000000518e-01
2.416483365403920280e-01 -8.395746436298276438e-02 9.667249999999999455e-01
-4.136559693746753585e-01 -6.598739511457453188e-01 6.272600000000000398e-01
-4.415560219844896772e-02 -1.431397104422543476e-01 9.887169999999999570e-01
-5.139517753429653224e-01 -2.684954050497215805e-01 8.147170000000000245e-01
3.981574331228893704e-01 3.906964250066692346e-01 8.299560000000000271e-01
-9.157997609750825330e-01 -3.121479185289910419e-01 2.527340000000000142e-01
5.185100689683134201e-01 -6.619790880514844211e-01 5.412310000000000176e-01
8.367329344011033010e-01 -5.249399588453128596e-01 1.559360000000001023e-01
-1.276467508801173711e-01 3.146703858782219920e-01 9.405790000000000539e-01
6.230694252718079751e-01 6.348094332848708277e-01 -4.569480000000000208e-01
-9.779945411162404012e-01 -6.698096857193229503e-02 1.975860000000000949e-01
2.834900037030397835e-01 -8.271860108049763349e-01 4.851770000000000804e-01
-7.467648394932444589e-01 -6.650508570565328847e-01 -7.044999999999939332e-03
6.107393369972683589e-02 -5.725783784238114293e-01 8.175719999999999654e-01
7.527082743549365906e-01 2.709380987543347219e-01 6.000189999999999690e-01
8.167755689551144949e-01 -1.907211328538316875e-01 5.445210000000000328e-01
-7.367266307930848690e-01 6.044566970795092198e-01 3.030940000000000301e-01
-4.298550950610731669e-01 -8.061391782750890744e-01 4.066500000000000115e-01
