-2.825833554974923056e-01 5.116776437042933612e-01 8.113770000000000149e-01
4.648443746686438116e-01 -2.951816029072907854e-01 8.347379999999999800e-01
5.384517891852098614e-01 5.719367760751586927e-01 6.188360000000000527e-01
-5.636628410187415339e-01 -5.306208503382437991e-01 6.330289999999999528e-01
3.205598891617441465e-02 7.337397462987853558e-01 6.786739999999999995e-01
7.684689415440369986e-01 5.965159546241720623e-01 -2.315689999999999693e-01
-5.233050173670191763e-01 -8.404550278923339501e-01 1.406669999999999310e-01
8.280172608720065552e-01 4.058921278788484299e-01 3.868320000000001202e-01
8.564616172149067674e-01 -2.463398899013851673e-01 4.536410000000000164e-01
-6.867250657657404389e-01 -7.225790691993778658e-01 7.929799999999991023e-02
6.402706638626761704e-01 1.969788965875482190e-01 7.424640000000000128e-01
-3.731689276946871803e-01 9.147248227626696426e-01 -1.549950000000000494e-01
-8.351780398854093124e-02 2.031559556915124021e-01 9.755779999999999452e-01
-9.825670109570482369e-01 -1.649640018395882313e-01 -8.572599999999999665e-02
-4.358219778646185150e-01 -8.281679579373812938e-01 3.524159999999998960e-01
8.038488244825027218e-01 -5.526298793352549810e-01 2.200619999999999798e-01
-5.459678752661530909e-01 8.186238129741659764e-01 1.782529999999999393e-01
7.584915044806107565e-01 3.010708033116788473e-01 5.779680000000000373e-01
-8.319657121521971677e-01 4.855928319920787550e-01 2.683889999999999887e-01
-3.868299244804926929e-01 -8.926098257387806711e-01 -2.315390000000000226e-01
-6.997078315919474933e-01 5.691538630141192989e-01 4.318250000000001254e-01
6.345151978350648259e-01 -2.219670692069624918e-01 7.403520000000000101e-01
-2.255798634321506957e-01 -5.487756677668319538e-01 8.049589999999999801e-01
-6.294907319609439611e-01 9.349910871914775268e-02 7.713619999999999921e-01
3.535049514099005696e-01 -8.586278819795476469e-01 3.712039999999999229e-01
-9.893169661864906206e-02 -2.233923149509750572e-01 9.696949999999999736e-01
-2.659405401694399096e-01 -3.509963931016764072e-01 8.978180000000000049e-01
8.910470271130490616e-01 -4.472260136083287541e-01 7.761499999999993404e-02
6.694235167656469310e-01 -6.515215029460760254e-01 3.569200000000000150e-01
6.855123552803876752e-01 -7.261553763444401621e-01 -5.264200000000007068e-02
-4.258223853301056905e-01 3.663743315350829755e-01 8.273120000000000474e-01
6.004887286296076709e-01 3.921478227821714735e-01 6.968739999999999934e-01
-5.551240834098710719e-01 -8.288621245402338911e-01 -6.946100000000006436e-02
-3.685089619208489764e-01 7.871949186567569479e-01 4.944949999999999068e-01
-3.154200930233068134e-01 -7.808972303012532423e-01 5.391749999999998488e-01
7.164712999243139091e-01 6.133322567489531973e-01 3.324039999999998662e-01
7.338002848514510457e-02 -7.629072961504034245e-01 6.423299999999999566e-01
-9.927158425408485476e-01 -4.263299323778823452e-02 1.126840000000000758e-01
5.016412186648266935e-01 -7.308563185794234585e-01 4.628229999999999289e-01
-4.244986444579323392e-01 -4.515816217743786609e-01 7.847769999999999468e-01
-8.886129747452797822e-01 2.739399922145212274e-02 -4.578389999999998294e-01
2.177829311399449852e-01 6.412807972355744068e-01 7.357510000000000439e-01
-1.813500482306658335e-02 9.952862646997935325e-01 9.527000000000004909e-02
-2.146659216305911722e-01 9.764656435156788827e-01 -2.081799999999993031e-02
-8.094370451721660809e-01 3.741660208810427823e-01 4.525609999999998800e-01
7.778440777431038233e-01 -1.278420127774128334e-01 6.153170000000000028e-01
-9.580021547624520961e-01 -7.222701166806275164e-02 -2.775160000000000959e-01
-7.268805345724623779e-01 3.496632571541531398e-01 -5.910839999999999428e-01
2.755264950257823586e-01 -3.612773378649808964e-01 8.908220000000000027e-01
-1.714600084793967416e-01 -9.851030487173639827e-01 1.317000000000000809e-02
-2.598362486388537396e-01 2.910752785316675362e-01 9.207389999999999741e-01
1.931370166634902297e-01 -9.463860816523701480e-01 2.589430000000000898e-01
4.832916936987979306e-01 1.246289210125296615e-01 8.665429999999999522e-01
8.248946479518021180e-01 5.649357588969495803e-01 -1.991000000000002490e-02
-4.915529453002813187e-01 5.154849426371429510e-01 7.018910000000000426e-01
-6.003252762435649093e-01 3.022551390846604513e-01 7.404399999999999871e-01
-7.504184105740107080e-01 2.364121293474076846e-01 6.172370000000000356e-01
-9.792204053444104606e-01 1.671700691993882604e-01 1.148110000000001074e-01
-2.857137043783228303e-01 -1.353543862104821249e-01 9.487079999999999957e-01
-7.537216652645968296e-01 -1.921989146425209516e-01 6.284610000000000474e-01
7.703813060076903918e-01 -2.107600837172526886e-02 -6.372350000000001069e-01
3.882339943486707301e-01 8.178469880950081095e-01 4.247360000000000024e-01
1.550469898047591721e-01 -8.672309429745244103e-01 4.731500000000000705e-01
2.829050945491757285e-01 2.458060821503850468e-01 9.271160000000000512e-01
2.980700096184246140e-01 -1.642010052986041801e-01 9.403150000000000119e-01
-3.368849796418018627e-01 6.650019598134598864e-01 6.665440000000000254e-01
9.212309864988712516e-01 3.857989943459111393e-01 4.992599999999997040e-02
-3.847590789794297361e-01 9.194241887300447225e-01 8.136099999999990562e-02
8.961128631578791914e-01 -3.505279464721581251e-01 2.722350000000000048e-01
-9.952329866796197910e-01 4.583499938653586708e-02 -8.608399999999995222e-02
3.055577983147375054e-01 -7.642064955809065863e-01 5.679990000000000316e-01
-8.163975131753765657e-01 5.746666573214953555e-01 5.703799999999997761e-02
-7.210896129092033702e-01 -4.038677831982333544e-01 5.629570000000000407e-01
5.629415481407852306e-01 -4.347626510268059463e-01 7.029069999999999485e-01
2.393630957089022682e-01 4.465201785402881929e-01 8.621630000000000127e-01
-7.162079618916384893e-01 -6.855789635213622724e-01 -1.304900000000000226e-01
-8.788124352286943441e-01 -5.798602871737176118e-02 4.736310000000001352e-01
-1.463801673071976964e-02 -6.256357150788238730e-01 7.799779999999999491e-01
-2.776509452228387853e-01 7.799126551008249419e-02 9.575110000000000010e-01
5.400997172998410999e-03 8.658075468171533284e-01 5.003480000000001260e-01
7.903215337452990097e-02 3.371856543626741698e-01 9.381150000000000322e-01
-1.703940450251693606e-01 7.831872069505224632e-01 5.979830000000000423e-01
-8.905396084678850188e-02 -1.127362800958851830e-02 9.959630000000000427e-01
-8.379674902584709484e-01 -5.090552978261981831e-01 -1.966550000000000797e-01
-8.499083493508483578e-01 -2.634241082792466715e-01 4.563589999999999591e-01
-9.376116357216498498e-01 -1.866159274964819537e-01 2.933580000000000076e-01
6.163307495385621504e-01 7.276637042956273227e-01 -3.010680000000000023e-01
2.315360973386403343e-01 8.921973750831100336e-01 -3.877820000000000711e-01
3.970478917568872612e-01 5.196838583238959641e-01 7.564929999999999710e-01
2.272998609149348617e-03 -9.344744281939034725e-01 3.560229999999999229e-01
1.962390501233945150e-01 9.026672305593395063e-01 3.829909999999999703e-01
-9.629300682438629577e-01 -2.482440175933136040e-01 1.055489999999999901e-01
-4.558855375980133684e-01 1.674011974060234664e-01 8.741539999999999866e-01
9.015423414054049567e-02 -2.974637725463937787e-01 9.504669999999999508e-01
3.741301050778117476e-02 -9.919392785950884583e-01 1.210650000000000892e-01
-4.538228952727175747e-01 -2.486959426092193171e-01 8.556840000000000002e-01
-2.021110077997981813e-01 9.584400369877865700e-01 2.013549999999999784e-01
9.243178309297860329e-01 2.926539464696409354e-01 2.449290000000000911e-01
-6.024313541010836159e-01 -3.322491952916284408e-01 7.257320000000000437e-01
-1.908269402329151876e-01 8.920017206246541042e-01 4.097779999999999201e-01
-8.237157586103269757e-01 -4.354298723973973329e-01 3.631709999999999106e-01
1.885569623309829579e-01 9.638958074374596174e-01 1.880189999999999917e-01
6.516315873025706473e-01 -9.588993927008418461e-03 7.584750000000000103e-01
4.876170524025645325e-01 -8.609700925255599213e-02 8.688019999999999632e-01
9.494710703680497854e-01 -1.424820105597542907e-01 2.796489999999998699e-01
-5.325120269465155598e-01 6.438990325829924144e-01 5.493860000000000410e-01
-1.665431049656491969e-01 -7.176364522983770255e-01 6.762110000000000065e-01
3.721249625209407386e-01 9.277609065593293014e-01 2.797699999999999493e-02
-3.779080245339304089e-01 8.757150568517491074e-01 3.005140000000001144e-01
-6.654407290805584019e-01 4.478298176760172611e-01 5.971910000000000274e-01
-5.519772673834967280e-01 7.457493612487026136e-01 3.730669999999999265e-01
2.257280908597490421e-01 -6.494452614137798951e-01 7.261319999999999997e-01
5.345698953737216402e-02 5.521428919343264186e-01 8.320340000000000513e-01
1.430530045882990042e-01 9.659350309815148972e-01 -2.156510000000000649e-01
3.773162374020719856e-01 7.012214411986724683e-01 6.049139999999999517e-01
-8.902965406248277702e-01 -4.197677834082366166e-01 1.765419999999999212e-01
-6.793800466722667297e-02 -4.373940300482344057e-01 8.967000000000000526e-01
6.324990744246272723e-01 -5.538000651643062433e-01 5.415259999999999518e-01
1.052781302009825753e-01 -8.989881901551854959e-02 9.903710000000000013e-01
-9.644349536325460548e-01 2.509869879332166653e-01 -8.289000000000001922e-02
8.780842233017560616e-01 1.927670490217446297e-01 4.379600000000000715e-01
5.383957133296403130e-01 -8.412215520891436205e-01 4.976299999999997392e-02
6.981879103402123254e-01 5.001919357664290633e-01 5.121930000000001204e-01
-9.529496443256123550e-01 4.318302919769378273e-02 3.000370000000000537e-01
-3.775653570044593121e-01 -6.325435980974711825e-01 6.762639999999999763e-01
-8.125997026558123837e-02 -8.438376912252952833e-01 5.304100000000000481e-01
-3.402099271644945522e-01 -9.227298024528791665e-01 1.811820000000000097e-01
7.855532664789230957e-01 8.964603041013087525e-02 6.122659999999999769e-01
-5.125769722653409355e-01 -6.953349623766202914e-01 5.037600000000000966e-01
1.342781429185344599e-01 -5.060795386442230592e-01 8.519700000000000051e-01
5.363307323888074629e-01 -8.026155995215177308e-01 2.610700000000000798e-01
3.060726573378345083e-01 3.902395631091817169e-02 9.512080000000000535e-01
-8.689714625966173944e-01 1.545179044405388946e-01 4.701199999999999268e-01
5.672280476949956851e-01 7.786200654697538193e-01 2.683339999999999614e-01
7.826505930389354715e-01 -4.617957598763794413e-01 4.173759999999999692e-01
-4.655338448259225825e-01 -3.722206754861747541e-02 8.842470000000000052e-01
5.598649834117983559e-01 6.930019794670911892e-01 4.542020000000000501e-01
-7.094778723428649680e-01 6.600108812435151462e-01 2.470359999999999501e-01
9.201580729292808680e-01 -3.743260296680852028e-01 -1.148440000000000294e-01
4.512989661243467787e-01 -6.248309530985926008e-01 6.371149999999999869e-01
3.705307915248641781e-01 -5.040487164024500810e-01 7.801550000000000429e-01
-1.303041099053485197e-01 6.363385367214331456e-01 7.603250000000000286e-01
6.969710582109731600e-01 -7.024150586656555673e-01 1.443760000000000043e-01
-1.045267837379338788e-01 4.323851054111406134e-01 8.956100000000000172e-01
-9.159370433181188709e-01 2.682170126849944825e-01 2.985280000000000711e-01
-4.870001901916196779e-03 9.526493720448648839e-01 3.040319999999999689e-01
4.501871892669867536e-01 3.278591378380206756e-01 8.305660000000000265e-01
1.093893065050980384e-01 1.209331277910799807e-01 9.866150000000000198e-01
-6.243940178562957799e-01 -1.192440034101161922e-01 7.719540000000000290e-01
2.001859663357212493e-01 7.994618655584727618e-01 5.663799999999999946e-01
-6.828886733880495941e-01 -5.803107224490253735e-01 4.437370000000000481e-01
