5.702399886892586256e-01 -5.038119900068617207e-01 6.488450000000000051e-01
-2.132079235495287772e-01 -9.761016499969141780e-01 4.204699999999990390e-02
-4.576355482364981020e-01 -1.315331575735931569e-01 8.793570000000000553e-01
3.167699119623566539e-01 -8.079707754463406610e-01 4.968299999999998828e-01
6.246888367349876514e-01 -7.352748078328863457e-01 2.629349999999999743e-01
-1.954570926687161092e-01 -6.999013318322039323e-01 6.869750000000000023e-01
3.115620265058006710e-01 -2.464050209626392762e-01 9.177220000000000377e-01
-8.251160430828587966e-01 5.604570292638729745e-01 7.121399999999991626e-02
8.897958151561162765e-01 -3.907399188286987679e-02 4.546830000000000038e-01
-6.522069920470022764e-01 -2.852219965220093578e-01 -7.023350000000001536e-01
-9.006082326284565731e-01 2.212470571484463910e-01 3.741050000000001319e-01
5.263339360855440185e-01 4.872319408338275926e-01 -6.968339999999999534e-01
2.442790956411795278e-01 -9.619763766370394986e-01 1.221850000000000575e-01
0.000000000000000000e+00 0.000000000000000000e+00 1.000000000000000000e+00
4.127899712629664458e-02 4.432299691438376099e-01 8.954569999999999474e-01
3.516286646322736020e-01 1.787783379185633736e-01 9.189100000000000046e-01
-7.784201158277181953e-02 9.675491439698282736e-01 2.403940000000000798e-01
-4.652300290376164549e-01 -8.014240500213719587e-01 3.758729999999999571e-01
9.753095343263369355e-01 -2.192238953288255798e-01 2.668700000000002320e-02
8.354776396484731027e-01 -4.136908215701867730e-01 3.617139999999998690e-01
7.685071373691155783e-01 1.431690255911773069e-01 -6.236180000000000057e-01
-5.739959105245849846e-01 -8.187988723643020439e-01 -9.853999999999892359e-03
-5.354769066071591865e-01 8.360168541898110872e-01 1.197510000000000380e-01
-9.834729701350678477e-01 -1.539429953252429706e-01 -9.530199999999999783e-02
3.812107900023039564e-01 5.896646751712529833e-01 7.120210000000000150e-01
1.786751324098366789e-01 -5.923694389840914454e-01 7.856039999999999690e-01
-9.437155800260386140e-01 -1.734759227994407127e-01 2.816150000000000042e-01
-3.552850791406731989e-01 8.129791810932218699e-01 4.613430000000000586e-01
-6.206129371237423253e-01 -6.779209313176882690e-01 -3.940339999999999399e-01
8.442112298923011293e-01 3.713661011289644542e-01 3.865160000000000817e-01
-1.374372647986846219e-01 -3.660207052075827305e-01 9.204020000000000534e-01
-3.578211452236086942e-01 5.586492267307501258e-01 7.482480000000000242e-01
-8.434297484821282609e-01 -5.372348397920352348e-01 -2.233000000000047013e-03
6.498351165528063467e-01 -1.238560222145073247e-01 7.499160000000000270e-01
-3.077543179631642145e-01 2.221935075807291993e-01 9.251580000000000359e-01
-2.950190549342986412e-01 -8.824041643088915698e-01 -3.665060000000000540e-01
-6.874056206856137274e-01 5.655385106469992262e-01 4.556750000000000522e-01
-5.736202106319628069e-02 -9.155033361706255146e-01 3.982000000000000539e-01
7.596379940406490228e-01 5.289639958502836414e-01 -3.783480000000000731e-01
-6.613188131529894598e-01 2.412899318266750193e-01 7.102370000000000072e-01
1.519198762262503888e-02 7.674773747128145196e-01 6.408960000000000212e-01
