2.394759626044483114e-01 -6.970058911585129691e-01 6.758950000000000236e-01
9.028227947864141401e-01 -4.138979059201052801e-01 1.166169999999999568e-01
4.240330041287700413e-01 -4.403150042873063552e-01 7.914029999999999676e-01
-5.321200797135181709e-02 6.350670951353540872e-01 7.706220000000000292e-01
-7.945660631620437009e-01 2.969710236069695863e-01 5.295969999999998734e-01
5.707661939148566121e-01 -1.166120396183361468e-01 8.127900000000000125e-01
-4.129447146918204803e-01 1.404202430281719094e-01 8.998660000000000547e-01
-5.791840459421427889e-01 5.981540474468846069e-01 5.538570000000000437e-01
5.735028759469829041e-01 4.710678981044446600e-01 6.702160000000000339e-01
8.598438419711147418e-01 -2.297389577767617319e-01 4.559480000000000199e-01
5.994747079723372618e-01 -5.033515944521095298e-01 6.223079999999999723e-01
7.901267161193743505e-01 5.175498140521487267e-01 3.283929999999999350e-01
-3.841830289118400299e-01 6.935150521907396115e-01 6.094589999999999730e-01
4.365404216229237799e-02 -6.683076454701777358e-01 7.426030000000000131e-01
-8.977156592524240253e-01 -2.460541806939797183e-01 3.654640000000000111e-01
-5.768602221879693959e-01 4.237501632149089092e-02 8.157429999999999959e-01
-9.741592608039718604e-01 2.253400603285161397e-01 -1.534899999999996510e-02
7.812600017651450957e-01 1.815420004101681861e-01 5.972229999999999484e-01
5.779297048623530803e-02 7.646006095330928343e-01 6.419080000000000341e-01
-5.503154058751298372e-01 7.969485877749524771e-01 2.490499999999999103e-01
-8.689386966757849384e-01 -7.308997448616420811e-02 4.894930000000000114e-01
-2.752210389724798478e-01 5.945220841868775752e-01 7.555110000000000436e-01
-6.604686443573483112e-01 -2.612328593339025007e-01 7.039450000000000429e-01
-6.652247476459631770e-01 -7.334087217802667258e-01 1.399559999999999138e-01
-7.203801218860560462e-01 -6.325492289483269914e-02 6.906889999999999974e-01
1.958020781018062484e-01 4.754877612530341441e-02 9.794899999999999718e-01
-9.046419099430229593e-01 1.447449855906567107e-01 4.008390000000000564e-01
-1.476339497552777713e-01 9.372636810181306233e-01 3.158179999999999321e-01
-6.896501246582955602e-01 7.194891300518704291e-01 -8.196399999999989805e-02
9.364050671482118116e-01 -6.199200444535424986e-02 3.454020000000000423e-01
6.340310498481159796e-01 -7.148110561991160017e-01 2.950420000000000265e-01
3.927784371776132377e-01 -3.263195324082977106e-02 9.190540000000000376e-01
-2.022811392288580146e-01 2.232490500036705613e-02 9.790729999999999711e-01
-7.082926426958322530e-01 6.925526506360033530e-01 1.367200000000000915e-01
4.661610970045748648e-01 3.441740716200037409e-01 8.150079999999999547e-01
2.818079934425843924e-01 9.181789786348107940e-01 2.784450000000000536e-01
6.826168872371651819e-01 6.867958865468279939e-01 2.496909999999999685e-01
-3.498167579760825263e-01 3.854457333258506924e-01 8.538499999999999979e-01
-9.905182540733683538e-01 4.646201191776123257e-02 -1.292860000000000120e-01
3.474840142670214127e-01 -7.795660320074732086e-01 5.210869999999999669e-01
-3.775461294710828475e-01 9.259903175478696458e-01 9.230000000001070031e-04
-5.331926527008558070e-01 -1.647902017257837082e-01 8.297889999999999988e-01
8.246567828578403869e-01 -5.655488510841099048e-01 -9.781999999999896681e-03
4.291090771602832921e-01 -6.112711099157638328e-01 6.649909999999999988e-01
1.747690179764301022e-01 6.177620635419062145e-01 7.666979999999999906e-01
-3.601405119505171060e-01 -2.952715998585361268e-01 8.849369999999999736e-01
-8.775071460293566439e-01 3.498240582155741074e-01 3.280310000000000170e-01
6.433898966401176145e-02 -9.624218453879848090e-01 2.638270000000000337e-01
-9.607378382239820658e-01 -1.374259768592154263e-01 -2.410330000000000250e-01
5.444551580859519069e-01 -6.806671976359673915e-01 4.901639999999998776e-01
-8.110375262850502143e-01 5.337696882330679182e-01 2.393909999999999372e-01
-2.134198295722827821e-01 8.936092864028092331e-01 -3.948599999999999333e-01
-2.999019109503410774e-01 -6.938397939786487001e-01 6.547100000000000142e-01
-7.039202149698230160e-02 -9.931473032967307324e-01 9.329199999999999993e-02
-1.704848907190575358e-01 -4.058697398371932108e-01 8.978890000000000482e-01
-1.576890727384634427e-01 4.673732155888735140e-01 8.698829999999999618e-01
-2.037900276216964013e-02 9.934351346501790747e-01 1.125669999999999310e-01
-5.631257488574235026e-01 -7.614056604286351115e-01 3.211710000000000398e-01
7.450422938894650793e-01 -3.751031479632289112e-01 5.515520000000000422e-01
-9.634460154192706627e-01 -2.087430033407836338e-01 1.679230000000000445e-01
-6.246443541965381874e-01 -6.199483515337302908e-01 4.748510000000000786e-01
-6.656225679341182255e-01 6.544695584179527348e-01 3.586310000000000886e-01
1.091969879228178453e-01 -8.165929096848588697e-01 5.667910000000000448e-01
-5.799589340754301992e-01 -8.122009076762292112e-01 -6.306599999999991379e-02
-9.139632948334067697e-01 3.905581259892861312e-01 1.101610000000000505e-01
-3.797472524554409978e-01 -5.503933659007377299e-01 -7.435450000000001225e-01
-1.660209897662842382e-01 -9.429759418739289689e-01 2.885019999999999252e-01
2.734576350056377447e-01 4.173304429730993470e-01 8.666350000000000442e-01
-9.846815372448156634e-01 -1.704639198897716090e-01 -3.666499999999998233e-02
9.221083159773075799e-01 3.375181156567656493e-01 1.892030000000000378e-01
4.112068265905686193e-01 -2.459118962968527000e-01 8.777449999999999974e-01
1.874289831673614237e-01 9.777869121868265623e-01 9.382499999999993623e-02
2.765611862386960773e-01 7.323064931415297352e-01 6.222870000000000346e-01
-5.156100329137318639e-01 8.426040537872460101e-01 -1.554500000000000604e-01
-4.405051560362231444e-01 -7.475472647970179407e-01 4.971199999999998953e-01
-4.561416174724516187e-02 3.126941088093861398e-01 9.487579999999999902e-01
-3.741820068767701124e-01 -8.730100160443021728e-01 3.127959999999999630e-01
-5.249921701829348697e-01 2.933035363963624742e-01 7.989720000000000155e-01
2.250694813825367124e-01 -3.605201692696206051e-01 9.051900000000000501e-01
9.408292139508735996e-01 -2.430330552673468369e-01 2.361680000000000446e-01
-2.802631169713806214e-01 8.430133518423573724e-01 4.591090000000001003e-01
3.563665419805581158e-01 1.904902897074258195e-01 9.147220000000000351e-01
8.222499572549560876e-01 5.601759708789932901e-01 -1.005379999999999191e-01
-4.874174275808509926e-01 -5.867083109744278824e-01 6.466819999999999791e-01
-3.775804754411211661e-01 -7.089290151105957782e-02 9.232590000000000519e-01
7.879351699320626956e-01 -5.771811244792500739e-01 2.145229999999999082e-01
7.349408629021477735e-01 6.760738738833548256e-01 5.278299999999996883e-02
-7.466747899897613339e-01 4.861498632651723995e-01 4.540210000000000634e-01
1.843896804113093549e-02 -2.973354846508876048e-01 9.545949999999999713e-01
-2.275650818693434607e-01 9.654093473179131690e-01 1.272749999999999160e-01
-8.914591041123592907e-01 -1.312900153331915398e-01 -4.336630000000000207e-01
8.454112462867983124e-01 5.188781511605613517e-01 1.266699999999999215e-01
8.592601238219098603e-01 3.312380477323764172e-01 3.898120000000000474e-01
8.323460895997565334e-01 -3.938700423990217081e-02 5.528549999999999853e-01
-1.020669954304078281e-01 -7.730709653892126054e-01 6.260539999999999994e-01
3.325799312894081594e-02 8.956358149627756671e-01 -4.435429999999998540e-01
-4.717217098178607126e-01 5.076866876938117557e-01 7.209250000000000380e-01
-3.899690485190925870e-01 -9.180271142189175837e-01 -7.176600000000007973e-02
6.649486370330824903e-01 5.655886912694118029e-01 4.878040000000000709e-01
7.393291072075743875e-01 3.838000556535277608e-01 5.532540000000000235e-01
6.818204093185831205e-02 4.771462864461656350e-01 8.761750000000000371e-01
-7.845321682515283834e-01 -4.437310951630002998e-01 4.331419999999999160e-01
6.907397461877483325e-02 9.507176506588930209e-01 3.022659999999999236e-01
-1.254467366555396188e-02 1.137430411129615182e-01 9.934309999999999530e-01
1.639380880341189672e-01 8.649004644482032322e-01 4.744169999999999221e-01
8.775534183271487265e-01 4.147851977268910417e-01 -2.405270000000001018e-01
-4.763527299130193571e-01 7.624895676764463781e-01 4.378330000000000832e-01
3.031806909298167749e-02 -4.914941200843333524e-01 8.703530000000000433e-01
1.523619601864580064e-01 -9.856397424435259236e-01 7.280200000000006111e-02
-2.453149740563479730e-01 -8.414219110141673008e-01 4.814870000000000538e-01
-5.509248980009727736e-01 8.328478458053534261e-01 5.334999999999999465e-02
-2.344072004153264499e-01 2.308101819947487310e-01 9.443409999999999860e-01
-5.367299552278344266e-02 8.701839274122519230e-01 4.897949999999999804e-01
-1.495671470273844395e-01 -6.014865912728967201e-01 7.847570000000000379e-01
7.120339310847945136e-01 -5.560359461832787842e-01 4.287560000000001370e-01
-1.731579567860455082e-01 7.558488113675126963e-01 6.314340000000000508e-01
6.960005859642786064e-01 2.719602289638580958e-02 7.175259999999999971e-01
-8.049529400898428610e-01 9.288599308678285871e-02 5.860229999999999606e-01
-9.964324168979876717e-01 1.119300468304819732e-02 8.364900000000000113e-02
-4.876169663219174222e-01 -8.634719403628644541e-01 1.290190000000000781e-01
-1.855340584343617427e-01 -1.951780614717618378e-01 9.630589999999999984e-01
4.417799701416750824e-01 -8.273119440849507900e-01 3.469659999999999966e-01
8.455929660680248094e-01 -4.113149834947423256e-01 3.402829999999999466e-01
3.700921344361779997e-01 8.144452958477161886e-01 4.468900000000001205e-01
4.861942283531967002e-01 8.376273934125122445e-01 2.489889999999999326e-01
3.061380211737111390e-01 -9.292770642724613728e-01 2.066969999999999918e-01
5.369443073883201079e-01 1.100718580168306981e-01 8.364059999999999828e-01
5.903240396814871671e-01 -3.230250217136901303e-01 7.397110000000000074e-01
-3.362199613304816537e-01 -5.090509414527484289e-01 7.923529999999999740e-01
-6.468085263378550165e-01 4.069107020166122246e-01 6.450289999999999635e-01
-3.717330027756115540e-01 8.922060066618175966e-01 2.564820000000000433e-01
1.599307897198762318e-01 2.623476550601828716e-01 9.516280000000000294e-01
6.289876835297424779e-03 -9.290618076531224900e-02 9.956549999999999567e-01
-6.570092547458709076e-01 -4.522601753573659011e-01 6.031579999999999719e-01
9.260204059552281652e-01 3.764331650233736504e-01 -2.800500000000008191e-02
5.587406333663462732e-01 7.227645257373760401e-01 4.067189999999999417e-01
-9.616796709058200721e-01 1.891179352823881277e-01 1.985109999999999653e-01
-7.925972747951354203e-01 -2.593090899030046637e-01 5.518589999999999884e-01
4.757853444005444854e-01 6.538264732768590548e-01 5.883359999999999701e-01
-9.562406810830352821e-01 -3.066298977354992364e-02 2.909700000000000064e-01
2.140262473315874270e-01 -1.621484297708680189e-01 9.632760000000000211e-01
-6.782572141622619233e-01 1.933640610554282491e-01 7.089269999999999738e-01
6.373718900945012367e-01 2.630069546482814991e-01 7.242819999999999814e-01
-7.403430339722117948e-01 -6.033060276839777858e-01 2.965030000000000721e-01
2.347261240360435097e-01 -5.402902855049459552e-01 8.080779999999999630e-01
7.283872812211998893e-01 -1.883490727192162206e-01 6.587690000000000490e-01
2.868089302741275715e-01 9.512147687509959759e-01 -1.137150000000000244e-01
-5.088254705686749979e-01 -3.952453655282581191e-01 7.647730000000000361e-01
