-2.527538534248924829e-01 -5.310946920115733327e-01 8.087360000000000104e-01
-8.065385651165581926e-01 5.854076843497387772e-01 8.242199999999992588e-02
2.181479919795364097e-01 8.673549681106900167e-01 4.473329999999999251e-01
3.134237438788521346e-01 5.951815136342557544e-01 7.399489999999999679e-01
8.535052934541103031e-01 3.949891358060533819e-01 3.398710000000000342e-01
-1.175222610056857325e-01 1.878784172599702318e-01 9.751360000000000028e-01
9.446160688512493797e-01 3.276320238804683593e-01 1.891399999999990658e-02
4.700122091161651472e-01 8.333153707557193757e-01 -2.909880000000001354e-01
2.778529913157222753e-01 9.575889700706171626e-01 7.629600000000000271e-02
9.409035010212506434e-01 2.612948614304410611e-01 2.154660000000001019e-01
-1.059459656529560759e-03 -9.367733110223498130e-04 9.999989999999999712e-01
-2.980256125012968327e-01 6.901811026130945104e-01 6.594170000000000309e-01
-3.883061987608192878e-01 8.680194443098167012e-01 3.094519999999999493e-01
-6.847469493033172538e-01 -1.926599857360119794e-01 7.028539999999999788e-01
1.553329412646482777e-01 -9.813566289239978868e-01 -1.131849999999999384e-01
4.139871422979872762e-01 7.927972725047343072e-01 4.473110000000000142e-01
-4.369751108353597813e-01 -5.149481306126133529e-01 7.374829999999999997e-01
-9.769055220810516360e-01 -1.768529134805192360e-01 1.199109999999999759e-01
2.685521564079942358e-01 2.549881485081534338e-01 9.289030000000000342e-01
1.631901731552466150e-01 4.810015103734713304e-01 8.613979999999999970e-01
7.339471837029943879e-01 -3.376840845204925334e-01 5.893140000000000045e-01
9.832630842686987949e-01 -9.274600794862081221e-02 1.568179999999999019e-01
3.699718240334913255e-01 8.893365770125117864e-01 2.687030000000000252e-01
-6.990497891943564523e-02 -9.947727000160756505e-01 -7.443500000000005667e-02
-6.657429181642157134e-01 7.458049083226755416e-01 2.369399999999995815e-02
-2.452990324545492595e-01 5.456910721982374257e-01 8.012799999999999923e-01
-8.820717972877978319e-01 3.241969254950980428e-01 3.418269999999999920e-01
8.528467203342914305e-01 -3.246638935361352840e-01 4.089570000000000705e-01
-3.176621420731560730e-01 1.867736714970662792e-01 9.296269999999999811e-01
-9.899489220837761616e-01 -1.141689910140650382e-01 -8.346600000000004016e-02
8.169864581249680624e-01 -1.627528920523985401e-01 5.532129999999999548e-01
-8.133251416118684185e-01 -2.164120376805185320e-01 5.400629999999999598e-01
-3.429808971012064389e-01 8.006917597819098731e-01 4.911789999999999767e-01
8.656355036634030276e-01 4.957152884281524896e-01 -7.029600000000005289e-02
1.674648891784107640e-01 -4.995096694444088881e-01 8.499679999999999458e-01
3.448898465793149848e-01 -9.294835865288297860e-01 -1.308100000000000096e-01
2.723080017333142089e-01 -9.601040061113219615e-01 6.362899999999989398e-02
-5.201791643743886029e-01 -7.066032232835928184e-01 4.797139999999999738e-01
-2.136328749865918086e-01 1.769998964234725379e-04 9.769139999999999491e-01
6.277888167011482778e-01 -5.078168517300031271e-01 5.899180000000000534e-01
-3.728791833202282358e-01 -6.739533313386317781e-01 6.377680000000000016e-01
-3.749229080282059368e-01 3.702969091630030629e-01 8.498900000000000343e-01
4.575977857832808637e-01 -5.859467256988799555e-01 6.687830000000000163e-01
-9.979631685586030088e-01 3.966500669952394142e-02 4.996200000000006886e-02
-2.125469606031358538e-01 -7.813758551672613795e-01 5.867499999999999938e-01
-8.915592755458855434e-01 4.491391388112325189e-01 -5.827600000000010549e-02
6.399257094464323448e-01 3.221548537279552149e-01 6.976470000000000171e-01
-5.761421131082966607e-01 -5.529751085601473104e-01 6.018959999999999866e-01
8.377907591560355138e-01 -4.849938605763517430e-01 2.507739999999998859e-01
-7.241411648058626582e-01 -6.778241542646651352e-01 1.271770000000001233e-01
-4.114103933616256037e-02 -5.193774965921610365e-01 8.535540000000000349e-01
8.656529180816934232e-01 4.739629551480253333e-01 1.612579999999999569e-01
-5.059566293915105373e-01 1.737888727012794898e-01 8.448700000000000099e-01
-8.811926712948769946e-02 -1.847715601264491025e-01 9.788229999999999986e-01
-8.214981450551593900e-01 1.804630318650675969e-01 5.409009999999999652e-01
-6.124471372303824657e-01 5.067621135496508389e-01 6.067129999999999468e-01
-8.815642000842403014e-01 -3.683300835980463789e-02 4.706249999999999600e-01
5.465660710772786146e-01 -6.053700787243483650e-02 8.352249999999999952e-01
3.679039328221019312e-01 -4.566159166236216649e-01 8.100300000000000278e-01
6.301300187457449520e-02 7.938630236166406284e-01 6.048229999999999995e-01
2.703717731395458568e-01 -6.386444641335098371e-01 7.204390000000000516e-01
-8.062981238325054312e-01 5.195060797865426183e-01 2.828370000000000606e-01
4.659002993966073619e-02 -3.445912214410307706e-01 9.375959999999999850e-01
-7.004809293834273198e-01 -5.600259435429127963e-01 4.423770000000000757e-01
-2.641859746290105004e-01 -9.211999115329525534e-01 2.856510000000000438e-01
-1.994320247899637188e-01 9.161781138835261018e-01 3.476270000000000193e-01
7.188602353899696817e-01 6.497002127435985708e-01 2.472440000000000193e-01
5.766952867315398024e-01 -6.626073294468053376e-01 4.778849999999999487e-01
-8.279449440714800046e-01 -3.860849739195685304e-01 4.067499999999999449e-01
-1.689089101529341608e-01 -9.796114789190396577e-01 1.087710000000000621e-01
-6.386951840969444794e-01 -7.658792207563605015e-01 -7.414500000000009972e-02
-4.173792869084047008e-01 -6.517988864030419861e-03 9.087089999999999890e-01
-6.018000870525808815e-02 9.946921438858532527e-01 -8.346200000000003616e-02
2.977609413688680484e-01 -8.633718299962801490e-01 4.073419999999998709e-01
4.968501087553479634e-01 -7.931551736134607733e-01 3.522000000000000686e-01
6.527191087177389717e-01 -2.045840340757812681e-01 7.294540000000000468e-01
-4.377313743878906704e-01 5.349104575043268639e-01 7.226770000000000138e-01
5.525302690068317757e-01 7.902263847323994783e-01 2.650520000000000098e-01
-5.962661916019762476e-01 7.850392522616148616e-01 -1.678690000000000460e-01
-7.097884800602313193e-01 3.223912180469351574e-01 6.263100000000000334e-01
-6.039965559714541854e-01 -2.093201926766820667e-02 7.967119999999999758e-01
-6.371954038666473030e-01 -7.064344477516792953e-01 3.081110000000001348e-01
1.124618548491252423e-01 6.545651551739477547e-01 7.475939999999999808e-01
7.297921227162997848e-01 -2.458300413369124068e-02 6.832270000000000287e-01
7.012998723792217282e-02 -6.661558787746370003e-01 7.425079999999999458e-01
7.670324746092858081e-01 1.677641038057763045e-01 6.192870000000000319e-01
-1.405769444926125156e-01 -6.687777359303469504e-01 7.300510000000000055e-01
7.808507916843140384e-01 6.218988340895807987e-01 5.927799999999999042e-02
-7.748475027466800169e-01 4.208202730421074511e-01 4.717219999999999747e-01
1.966859946640035217e-01 -7.846969787115479766e-01 5.878480000000000372e-01
-1.261870200073694770e-01 -8.911411412933754050e-01 4.358259999999999912e-01
-5.031277200094242952e-01 -1.917148933106619657e-01 8.426789999999999559e-01
7.672070158609136659e-01 -6.307310130394665482e-01 1.164979999999999349e-01
-3.548700682569429915e-02 -9.631171852493097818e-01 2.667320000000000801e-01
3.932950384571039515e-01 -8.941530874319146838e-01 2.140309999999999158e-01
-5.426740701625668573e-01 7.506840970562740356e-01 3.767999999999999128e-01
9.307395867873795581e-01 -2.950908689909905736e-01 2.159750000000000558e-01
-2.996171128111058679e-01 -1.832416805798750270e-01 9.362970000000000459e-01
-9.178675863172371940e-01 1.328329401322168590e-01 3.739979999999999971e-01
-5.725537674411844691e-01 -3.607168534847049468e-01 7.362509999999999888e-01
6.173106942103832040e-01 1.219449395936329922e-01 7.772109999999999852e-01
2.681539831100039906e-01 7.476269529098316102e-01 6.075749999999999762e-01
1.160699508481438658e-02 8.982346196267995131e-01 4.393629999999999480e-01
4.622531481911184015e-01 -2.569570823764155132e-01 8.487019999999999564e-01
1.756700396653652907e-01 9.483022141216210787e-01 2.643160000000001064e-01
8.995042968165013753e-02 1.828888736366606482e-01 9.790100000000000469e-01
9.675377210913179704e-01 -2.521769273058477312e-01 1.665999999999992834e-02
-1.790072347686910981e-01 3.752414921306900242e-01 9.094780000000000086e-01
-9.068787079490652214e-01 3.970618721303192378e-01 1.411130000000000717e-01
-1.716979018493211551e-01 -3.634497922348297605e-01 9.156549999999999967e-01
1.357572292916235657e-01 -1.568402649005078697e-01 9.782490000000000352e-01
7.650716451837916710e-01 3.596143032622123314e-01 5.341749999999999554e-01
-7.988884051713860401e-01 -5.405372741437166617e-01 2.638119999999999910e-01
2.262714958273423504e-01 3.700775398557621526e-02 9.733610000000000317e-01
-7.111691733484702960e-01 -3.906560952229639061e-01 5.844880000000000075e-01
-2.615499103285073498e-02 9.658196688720267487e-01 2.578919999999999546e-01
8.824099322584386118e-02 -8.960909312081650757e-01 4.350110000000000365e-01
-5.907617071625053118e-01 -6.799346629599363201e-01 -4.343840000000001034e-01
-4.907808465376688467e-01 6.673407913291148352e-01 5.601699999999999458e-01
-6.759688489212121176e-01 1.521279659994557443e-01 7.210569999999999480e-01
-4.806097555724425652e-01 8.766075541766662482e-01 -2.394699999999990933e-02
7.486694863644974829e-01 -5.053913283216477925e-01 4.290379999999998639e-01
4.848946925602557467e-01 2.693448292262078936e-01 8.320640000000000258e-01
-4.403296945605050111e-02 5.400006254226772384e-01 8.405120000000000369e-01
1.814910917726115791e-01 -9.500014803768389582e-01 2.540830000000000033e-01
-3.509211994006792845e-01 -8.201814660440630567e-01 4.518370000000000442e-01
-9.168875929842459360e-01 -2.012369106688830234e-01 3.447039999999999549e-01
-1.492369892527371511e-01 8.241249406508568409e-01 5.463940000000000463e-01
3.928281351082550388e-01 -7.397782544373485702e-01 5.462730000000000086e-01
4.689371060535921787e-01 8.797531989626875548e-01 7.830899999999992034e-02
4.185823581656091807e-01 9.274285779248822581e-02 9.034309999999999841e-01
3.448775624485643232e-01 4.132304757281783369e-01 8.427930000000000144e-01
-6.891571496388638751e-01 6.870191491746329149e-01 2.303629999999999844e-01
-9.637284714951380726e-01 1.957790957830907730e-01 1.813780000000000669e-01
3.507405062311322319e-01 -1.134194870722354531e-01 9.295790000000000441e-01
8.663069819336739474e-01 2.245499953171409963e-02 4.990069999999999228e-01
-5.403770991878801278e-01 8.242661512965894222e-01 1.690500000000000613e-01
6.306352561105675880e-01 5.173632101090672730e-01 5.784759999999999902e-01
9.111648727902504907e-01 3.549879504393446683e-01 -2.091940000000000188e-01
9.232246017152129225e-01 -1.331999425367232925e-01 3.604360000000000341e-01
-6.504996273065098179e-03 -8.000635416162190650e-01 5.998799999999999688e-01
-9.789696090227983927e-02 6.970877215997263177e-01 7.102709999999999857e-01
2.596423244820842968e-01 -3.115651893930707628e-01 9.140639999999999876e-01
-3.769129777232894107e-01 -3.554799789900452978e-01 8.553190000000000515e-01
6.878884924181304372e-01 -6.598365131172354570e-01 3.023659999999999681e-01
-6.723658475213654118e-01 6.018858635047645844e-01 4.308799999999999297e-01
9.533446533902631970e-01 6.393997675319368357e-02 2.950349999999999362e-01
4.623280535315399398e-01 6.520290754964362945e-01 6.009250000000000425e-01
-3.790318311042650268e-01 -9.187075906259553060e-01 1.109560000000000962e-01
5.556508410137755982e-01 -3.897528884815146255e-01 7.344009999999999705e-01
2.925607457249465582e-02 3.604309187231425904e-01 9.323270000000000168e-01
7.404393357733877190e-01 5.377142438418983650e-01 4.032529999999999171e-01
-5.532407040966594858e-01 3.532374495571394268e-01 7.544189999999999507e-01
-9.677044660689163580e-01 -2.216601067566497177e-02 2.511109999999999731e-01
-5.671509159769394515e-01 -8.157148791523410880e-01 1.137939999999999785e-01
4.983679875063445341e-01 4.753289880839123294e-01 7.250459999999999683e-01
8.787143812041077195e-01 2.104170912831987705e-01 4.284689999999999332e-01
-7.693334945134523428e-01 -1.165800749355330734e-02 6.387410000000000032e-01
