5.190127894473677284e-01 8.541986534694738786e-01 3.115100000000010222e-02
8.012110273461450216e-01 -6.380900217786597550e-02 5.949699999999999989e-01
5.148369172842505170e-01 7.262988833099289776e-01 4.554480000000000750e-01
1.179670233717326211e-01 9.657601913372765301e-01 2.310650000000000759e-01
-4.671508596516519285e-01 -5.492418349886711848e-01 6.928950000000000387e-01
7.163150814625286467e-01 1.973820224471591611e-01 -6.692780000000000395e-01
5.997768799173880394e-01 -4.924189014117584806e-01 6.307070000000000176e-01
-8.000194775385285340e-01 2.230718543204851245e-01 5.569629999999999859e-01
2.953498682054979049e-02 7.332716727908628052e-01 -6.792939999999998424e-01
3.798703557322511970e-01 4.028203772239593583e-01 8.327269999999999950e-01
-9.511709548478669562e-01 -1.611719923491576334e-01 2.632440000000000890e-01
-1.029420981120025419e-01 4.481134270877172310e-01 8.880299999999999860e-01
-7.607443633552010143e-01 -5.664412705499926037e-01 3.168789999999999663e-01
-6.972558207993179158e-01 6.537548319794427298e-01 2.940050000000000718e-01
-9.448916607605787332e-01 2.939278944726333442e-01 1.441739999999999966e-01
-3.534679200350452910e-01 9.340107886989844621e-01 5.180999999999990474e-02
-6.807139602052544314e-01 7.151589581915892557e-01 -1.586700000000000055e-01
7.475900151790446646e-01 3.628890073680873241e-01 5.562559999999999727e-01
8.902150409066559300e-01 -3.601050165473412279e-01 2.790009999999998880e-01
-3.781459063015205069e-01 -8.455367904895693121e-01 3.769259999999999833e-01
-2.816839240382967291e-01 8.323057755521027223e-01 4.774109999999998633e-01
8.418610285896194201e-01 5.250640178311859474e-01 1.248110000000000885e-01
4.783079657624525471e-01 -4.135299703992970088e-02 8.772180000000000533e-01
2.313060144540577956e-01 -4.281350267536856435e-01 8.736120000000000552e-01
-2.067701277573844032e-01 -3.035481875537966445e-01 9.301099999999999923e-01
9.781771993849565083e-01 9.908502019681349193e-02 1.826240000000000641e-01
1.187100023981551844e-01 7.503070151575486069e-01 6.503440000000000332e-01
4.363999268209834900e-03 9.773548361093769010e-01 -2.115620000000000556e-01
-3.483638187566844846e-01 8.178225745112811529e-01 -4.580489999999998729e-01
-4.353541295204202966e-01 9.081523561890458840e-02 8.956669999999999909e-01
-4.985202000268807998e-01 5.140782062693949328e-01 6.979980000000000073e-01
5.800397243019709409e-02 4.956855815249155972e-02 9.970849999999999991e-01
