-6.140925464122590771e-01 -3.380157503311160827e-01 7.131870000000000154e-01
-7.848586560281856084e-01 5.502947588280577840e-01 2.849080000000000501e-01
8.910864368194439944e-01 -2.585741267556115885e-01 3.729670000000000485e-01
-9.154594501574566667e-01 3.918021926602851535e-01 9.178800000000000847e-02
-2.763171947265576911e-01 6.231704391613584332e-02 9.590440000000000076e-01
-9.275812007907062728e-01 -2.926360633460465266e-01 -2.322870000000000490e-01
5.410381743174793590e-01 -8.407162708709811083e-01 2.176799999999997834e-02
-2.939219424555549187e-01 -8.120098410235883080e-01 -5.042320000000001246e-01
-3.852410630743907105e-01 8.995901472872595006e-01 2.057350000000000290e-01
1.804742046517020526e-01 4.615865234236541936e-01 8.685429999999999540e-01
-9.534448745674132253e-01 -1.512589801007844514e-01 2.608900000000000108e-01
-1.518120920696136300e-01 7.355534460917488859e-01 6.602379999999999916e-01
-4.710514826647465014e-01 -1.510888340657377538e-01 8.690700000000000092e-01
-9.667509403121359035e-02 5.284485139964497646e-01 8.434430000000000538e-01
6.655170931505411946e-01 -7.075140990287429599e-01 2.377200000000000424e-01
4.349899158342948047e-01 -3.056809408541416029e-01 8.469609999999999639e-01
-1.683979411011342631e-01 -9.498586677774220055e-01 2.634590000000001098e-01
5.514001560279508940e-01 6.807111926186842910e-01 4.822759999999999270e-01
-9.733351696983035817e-01 2.018810351974020534e-01 -1.089159999999999573e-01
-8.662799075048321917e-02 -4.888429478048488264e-01 8.680600000000000538e-01
7.380858746018237326e-01 -2.946219499447740309e-01 6.069820000000000215e-01
-8.732677815196385751e-01 3.011819246481580725e-01 3.830049999999999288e-01
-8.845027330421261214e-01 3.110399061228974818e-02 4.654969999999999941e-01
7.782150981588908945e-01 4.976830627744406321e-01 3.830049999999999288e-01
-8.234668189397401639e-01 2.895699363306374410e-02 -5.666249999999999343e-01
2.102894454928934953e-01 2.198444657349632181e-01 -9.526000000000000023e-01
-5.318097132451969633e-02 -8.569365379349748180e-01 5.126709999999999878e-01
3.888331375351092856e-01 6.005142124093342249e-01 6.987069999999999670e-01
4.363441431407351079e-01 8.611272824889347755e-01 2.608900000000000108e-01
-6.898001890852802909e-01 4.914541347154497974e-01 5.316469999999999807e-01
-3.338519115340419230e-01 -8.099507853746832353e-01 4.822060000000000235e-01
6.387021940537533915e-01 4.454731353459167598e-01 6.273859999999999992e-01
3.384668857847821788e-01 -6.439177827107676055e-01 6.861559999999999881e-01
1.581600144752104767e-02 8.759150801660009478e-01 4.822060000000000235e-01
-1.686369684618449216e-01 -9.516258220288048575e-01 -2.568460000000000742e-01
5.171008692591932965e-01 -7.098678205211070846e-01 4.782199999999999229e-01
-4.832184841542933040e-01 -6.049036060750728749e-01 6.329230000000000134e-01
6.212856286644757864e-01 -1.169409301057040551e-01 7.748089999999999700e-01
8.341545009890088958e-01 2.441121466125307504e-01 4.945660000000000056e-01
2.597788801215659693e-01 -9.649155547268295496e-01 3.811699999999999117e-02
7.084624959085966678e-01 6.414904490295959827e-02 -7.028269999999998685e-01
2.709699349690775430e-02 9.995157601230850730e-01 -1.529699999999995993e-02
-3.686590770192902933e-01 5.854351223075747734e-01 7.220499999999999696e-01
1.232229689673736556e-01 6.957678247769623070e-01 7.076179999999999692e-01
-5.324575128355383269e-01 1.226548877786473452e-01 8.375230000000000175e-01
6.682890006304888220e-02 -2.710165947176723100e-01 9.602519999999999945e-01
-9.752869569392060844e-01 1.233579945535072525e-01 1.832980000000000720e-01
2.158375005352058673e-01 -4.713330930390046691e-01 8.551370000000000360e-01
-7.607766138165504843e-01 6.486486707346459379e-01 2.176799999999997834e-02
-1.125389720381281128e-01 9.661147599553592258e-01 2.322869999999999657e-01
-2.189861071383498725e-01 -6.764103309318917345e-01 7.032169999999999810e-01
-5.061928310601815362e-01 6.948947680816704997e-01 5.107739999999999503e-01
2.197381731975242558e-01 1.920672773140047751e-01 9.564650000000000096e-01
-5.034826329100180325e-02 2.752164392157197548e-01 9.600629999999999997e-01
-5.787569187895897915e-01 -8.154948855708294975e-01 2.918999999999929464e-03
-7.449127357081060108e-01 2.109822083751740629e-01 6.329230000000000134e-01
-1.134500368774753742e-01 9.534843099346205220e-01 -2.792789999999999995e-01
3.079889002163877509e-01 9.513266917849513282e-01 1.097099999999998597e-02
2.807599551387441328e-01 -1.049656093655935707e-01 9.540210000000000079e-01
-9.415210537796345758e-01 -3.337580190642412403e-01 4.630000000000004945e-02
9.492032549378175421e-01 1.922100516239391363e-02 3.140759999999999663e-01
-5.563618520963705683e-01 4.833068715173584606e-01 -6.759259999999999158e-01
7.080929030808433833e-01 4.977949318650635169e-01 -5.008040000000002490e-01
-5.981405663932892747e-01 -7.095394856374909187e-01 3.725340000000000318e-01
3.636822059700292598e-01 4.306862439175103696e-01 -8.259809999999999652e-01
7.446825080539911657e-01 6.509074440766654535e-01 -1.475379999999999747e-01
4.664482287092687196e-01 7.827903838184074869e-02 8.810780000000000278e-01
-3.164140229658667924e-01 3.363810244151055895e-01 8.869780000000000442e-01
-6.054930291303952661e-01 7.518650361723826503e-01 2.609160000000000923e-01
6.273797619352985966e-02 -6.938897366975103065e-01 7.173429999999999529e-01
8.250894915058570867e-01 2.414591438372257759e-01 -5.108080000000001508e-01
-0.000000000000000000e+00 -0.000000000000000000e+00 1.000000000000000000e+00
4.364551685554918792e-01 8.706953362555683862e-01 -2.267080000000000484e-01
-8.543579628603397147e-01 -4.371539809965480639e-01 2.810139999999999305e-01
-6.698830776250883634e-01 -7.066580818865227931e-01 -2.277959999999999430e-01
6.741004265026843134e-01 1.760898501898938984e-01 7.173429999999999529e-01
-8.349746744314299196e-01 -5.431087882341140149e-01 -8.860100000000011022e-02
-5.514302307249974167e-01 3.862571616146117659e-01 7.394119999999999582e-01
-7.368391811797492252e-01 5.178001273207227806e-01 -4.346849999999999326e-01
8.618387308850249395e-01 -4.737808520587231675e-01 1.810130000000000627e-01
4.453919427708911694e-01 3.532689546079182397e-01 8.226949999999999541e-01
2.354060788989805197e-01 -8.316872787492946006e-01 5.028719999999999857e-01
4.050471690309390693e-01 -8.730503643341669395e-01 2.715140000000000886e-01
-9.970946941896973170e-01 -6.886797887809714691e-02 -3.254800000000000748e-02
-2.843519365491348205e-01 8.458458112562577957e-01 4.513190000000000812e-01
