-3.758771074384172350e-01 7.622792178852370037e-01 5.269220000000000015e-01
-6.797772299527721218e-01 -6.794232298330223907e-01 2.762009999999999188e-01
2.572118347526217152e-01 1.032253350064319536e-01 9.608259999999999579e-01
-7.284208917860343080e-01 6.809208988426176390e-01 -7.582700000000001939e-02
6.962109110695962055e-01 9.324798808898120128e-02 7.117550000000000265e-01
4.495002288572232940e-01 -8.802064481457199108e-01 1.522699999999999054e-01
1.581780508323208378e-01 -5.433891746243090237e-01 8.244439999999999547e-01
8.224842774007732338e-01 3.123461053455410252e-01 4.753520000000000523e-01
6.656487770396980475e-01 6.057617970989539469e-01 4.358490000000000419e-01
1.828748942267175992e-01 -7.943905405312723378e-01 5.792239999999999611e-01
5.856701363956391404e-01 2.276060530067544052e-01 7.779369999999999896e-01
6.167289863128557759e-01 -7.612289831059491085e-01 2.004389999999999228e-01
7.928116599335567338e-01 4.812287935830507624e-01 3.739899999999999336e-01
-2.718101251404889465e-02 -5.882612708335567264e-01 8.082139999999999880e-01
-2.150729399867738201e-01 9.729957284985610855e-01 8.380299999999991922e-02
5.171192573482960575e-02 -4.206693958630643437e-01 9.057389999999999608e-01
-2.123849492502507541e-01 -6.074048548595643027e-01 7.654750000000000165e-01
-7.514928646038487869e-01 3.803559314714329842e-01 5.390620000000000411e-01
-4.937130015180526965e-01 6.102390018763430568e-01 6.195610000000000284e-01
3.308609025052867691e-01 9.204817287618408672e-01 2.079529999999999434e-01
7.370558286446808882e-01 -5.233938783181387722e-01 4.275599999999999956e-01
-5.584360200999852752e-01 -8.039700289375772968e-01 2.044050000000001144e-01
-2.712950452336344576e-01 8.736931456728272982e-01 4.038060000000000538e-01
2.666519870806839942e-01 -9.581699535765682008e-01 1.039570000000000077e-01
1.145214206576421201e-01 2.300248449223590286e-01 9.664230000000000320e-01
-1.037980268248364646e-01 -7.305621888013850151e-01 6.749110000000000387e-01
-7.542603313276550203e-01 8.859303891670111675e-02 6.505710000000000104e-01
7.064141319301148192e-01 4.507920841900647235e-01 5.456790000000000251e-01
1.511879816118487374e-01 9.738828815520556015e-01 1.693940000000001000e-01
4.363510121777440243e-01 -3.354670093622594274e-01 8.349010000000000042e-01
5.578698016874082954e-01 2.838298991036210944e-02 8.294430000000000414e-01
3.343650105033954545e-01 -8.347260262212171655e-01 4.375299999999999745e-01
8.754001655772911117e-02 -9.940951880278228181e-01 6.412099999999991418e-02
5.386148434296897936e-01 -4.496578692886523121e-01 7.125320000000000542e-01
-9.527627431767874411e-01 -2.888829221297843364e-01 9.375399999999993461e-02
1.826840077398637352e-01 7.625050323054277657e-01 6.206549999999999567e-01
-5.724058621635054189e-01 -5.449898687653322860e-01 6.126479999999999704e-01
-1.123999634222137313e-02 3.957418712156028362e-01 9.182930000000000259e-01
-2.645891190666874171e-01 5.312032390446375096e-01 8.048699999999999743e-01
-8.859679185701965221e-01 -4.629239574524022238e-01 2.760899999999995996e-02
1.543240690299348128e-01 -8.944154000765214274e-01 4.197679999999999745e-01
3.521400205947686213e-01 -7.301910427049320695e-01 5.855069999999999997e-01
1.968125563909904618e-01 -7.368920832010089628e-02 9.776679999999999815e-01
2.625079713662032410e-01 9.648308947583511541e-01 1.381700000000007054e-02
3.347700980275196414e-02 9.487822778228239828e-01 3.141519999999999868e-01
1.696420918787565624e-01 3.913602119620741004e-01 9.044659999999999922e-01
5.780092064801258672e-02 6.206506233979142834e-02 9.963969999999999771e-01
5.618060747004763877e-01 5.819090773734696409e-01 5.880100000000000326e-01
-9.372550820469059962e-01 -3.350340293287347726e-01 -9.646299999999993768e-02
-9.797718114264907241e-01 9.604598151434080855e-02 1.755629999999999968e-01
-9.736803891517464837e-01 2.268980906845708412e-01 2.153500000000006451e-02
9.877813952540277498e-01 1.524440609994573703e-01 3.238399999999995449e-02
-6.373437356723640201e-01 -6.238187412816287303e-01 4.523750000000001381e-01
-8.803671818679317251e-01 -1.627590336230714252e-01 4.454920000000001101e-01
-2.393540705098800292e-01 -9.553282814244281607e-01 1.733710000000001084e-01
6.357677259343915699e-01 -6.771177081093155969e-01 3.705550000000001343e-01
6.067329730840157476e-01 -2.839249874044746935e-01 7.424699999999999633e-01
-2.867599222534998257e-02 -9.202427505033069499e-01 3.902959999999999763e-01
-6.003618407641230226e-01 4.344908847586032019e-01 6.714040000000000008e-01
-4.388754191584884334e-01 1.686181610428163224e-01 8.825849999999999529e-01
-1.543519753123515359e-01 9.501088480359370925e-01 2.710509999999999864e-01
9.120712780405292319e-01 -2.612380796371684410e-01 3.160389999999999588e-01
-8.985503290367805040e-02 -9.956323645868884187e-01 2.534300000000000094e-02
-3.169654964107035400e-01 -4.673712574486329485e-01 8.252859999999999641e-01
-1.341557616736133718e-01 5.025765996116990375e-02 9.896850000000000369e-01
-8.686979538829595615e-01 3.231209828463008082e-01 3.754419999999999424e-01
3.093034245537040205e-01 4.747161168101955431e-01 8.239999999999999547e-01
-8.836304994071851882e-01 -4.141212340515859069e-01 2.184049999999999048e-01
-9.387581299407737889e-01 2.806520388472196204e-01 1.999190000000000689e-01
7.925698833419558831e-01 6.079449105168316381e-01 4.728599999999995307e-02
3.867315726038994539e-01 -2.689703982439236099e-02 9.217999999999999527e-01
-9.336274524294289057e-01 -2.300251114685837039e-01 2.746420000000000528e-01
-7.482634359464696017e-02 2.253380347283960305e-01 9.714030000000000165e-01
7.802100075392381928e-02 -7.027860067910829400e-01 7.071100000000000163e-01
-3.885909627324123927e-01 -8.709409164729239317e-01 3.007640000000000313e-01
2.581458752185455952e-01 -6.475196870046895370e-01 7.169929999999999914e-01
3.812727565962632514e-01 6.903295592950418058e-01 6.148789999999999534e-01
2.222068559267838805e-01 9.096334102170683389e-01 3.509860000000000202e-01
-5.993297960854195028e-02 -9.752356681880754996e-01 2.128929999999999434e-01
2.502842999838621463e-01 6.311677565002730139e-01 7.341560000000000308e-01
2.478997213832676016e-01 -3.818975707818763055e-01 8.903370000000000450e-01
-5.314584484869918635e-01 3.108206774505188341e-01 7.879990000000000050e-01
4.696405849204542127e-02 6.814288486951192159e-01 7.303760000000000252e-01
-1.350548822348062172e-01 -4.547686034507467667e-01 8.803100000000000369e-01
-3.362830749300297906e-01 9.162052041473045527e-01 2.179030000000000689e-01
-9.132503270363661052e-01 4.054871452055788250e-01 3.942100000000006710e-02
-3.659929022082017980e-01 3.533199055943745392e-01 8.609379999999999811e-01
-8.715491526939442846e-01 2.991000524018249188e-02 4.893950000000000800e-01
-3.181200430204507434e-02 9.912201340460586874e-01 1.283379999999999799e-01
1.220280301928665517e-01 -9.608882377484120330e-01 2.486019999999999897e-01
-2.427235077555918163e-01 -3.017833879818785925e-01 9.219610000000000305e-01
-8.764602040770685942e-02 8.899962072288239989e-01 4.474650000000000016e-01
8.562354729715044854e-01 4.853832681183644082e-01 1.768160000000000842e-01
-8.260055182884035174e-01 2.091638780193796898e-01 5.234169999999999101e-01
7.454818466554486989e-01 6.179908728801599693e-01 2.496880000000000488e-01
-8.064205642626265380e-02 5.496343845861023647e-01 8.315040000000000209e-01
-6.460563942205723720e-01 -3.772556462635283103e-01 6.635429999999999939e-01
-6.042149702900838637e-01 1.370319932619859238e-01 7.849500000000000366e-01
4.226070778881966250e-01 8.360001540782153739e-01 3.500099999999998768e-01
5.016346006966628801e-01 -1.584541897454898041e-01 8.504439999999999777e-01
3.116843595122575361e-01 2.786013213526342125e-01 9.084240000000000093e-01
-4.144295171318542192e-01 -3.104566382747485087e-01 8.554910000000000014e-01
-1.925505700645144258e-01 -1.257220663520553228e-01 9.731999999999999540e-01
4.275489722147368665e-01 9.023069413614872580e-01 5.517300000000006921e-02
8.283996713605282572e-03 -8.317156700450274442e-01 5.551399999999999668e-01
-8.029217408417429480e-01 -5.751418143620449230e-01 1.566160000000000607e-01
-5.240378582866371815e-01 -8.301847754966085180e-01 -1.902040000000000952e-01
-7.831072974108178597e-01 -2.838641078067550283e-01 5.533209999999999518e-01
4.998529027466732111e-01 7.230868593134056610e-01 4.767519999999999536e-01
9.825468597615939492e-01 2.399599657506380074e-02 1.844610000000000138e-01
6.581996130782220567e-01 -1.041820970401281937e-01 7.456000000000000405e-01
7.538920950998303505e-01 -6.081510767153078811e-01 2.485940000000000649e-01
-8.652388291199183401e-01 4.532079104938402936e-01 2.143930000000000557e-01
9.282665815113002594e-01 -3.444788446992419484e-01 1.401980000000000171e-01
1.046239601947620834e-01 8.691266693320167658e-01 4.833970000000000211e-01
4.569958355857050569e-01 3.563658717895460404e-01 8.149589999999999890e-01
-6.770660612171914838e-01 6.301540569756243215e-01 3.801149999999999807e-01
-4.847208628687433851e-01 8.130127699924404316e-01 -3.225770000000000581e-01
7.101043811467998568e-01 2.854841532329251419e-01 6.436229999999999452e-01
-6.771546723748395058e-01 7.295206470388099218e-01 9.623499999999995946e-02
-1.450118372127475463e-01 6.817672346623762092e-01 7.170530000000000515e-01
3.228488068232410746e-01 -2.079635197163423321e-01 9.233200000000000296e-01
9.737450740125850324e-01 -1.640520124692939063e-01 1.578209999999999891e-01
-1.716870383595839322e-01 -8.361931868284473435e-01 5.208690000000000264e-01
-3.203863121866383223e-01 3.159293217550170063e-02 9.467600000000000460e-01
-9.847356095166029943e-01 -9.577696202095954681e-02 1.453359999999999930e-01
-5.074271261262720545e-01 8.484752108973087070e-01 1.503580000000000194e-01
5.023101753074064035e-01 -7.156892497771939476e-01 4.852560000000000207e-01
-4.036817029674427681e-01 -5.854105692497405533e-01 7.030899999999999928e-01
9.101454133582403960e-01 1.568190712220864647e-01 3.834620000000000806e-01
-2.593590703290555854e-01 2.092140567314919875e-01 9.428480000000000194e-01
7.828489557988210779e-01 -4.910599722737962053e-02 6.202710000000000168e-01
4.413582991844715586e-01 1.565637513985612961e-01 8.835669999999999913e-01
-3.252799629963713524e-01 6.580819251370448875e-01 6.790589999999999682e-01
6.064889441555649796e-01 -5.725829472775695317e-01 5.516520000000000312e-01
5.864439603887033892e-01 4.176009717931856158e-01 6.940410000000000190e-01
-6.214066467504480995e-02 -2.816564801185009737e-01 9.575010000000000465e-01
-7.770640240272344013e-01 -5.288920163536235952e-01 3.412400000000000433e-01
-9.241768718590140930e-01 1.496229792541484693e-01 3.514399999999999746e-01
-5.735250750136295927e-01 -8.190411071256501474e-01 1.551299999999990534e-02
8.899298906981114587e-01 3.434949578116793800e-01 3.000599999999999379e-01
-7.860591336787866590e-01 4.840700823219253324e-01 3.844309999999999672e-01
-1.505990416782196232e-03 -1.094333036322331365e-01 9.939930000000000154e-01
-7.591968219341401758e-01 6.126788562992044884e-01 2.196470000000000922e-01
-6.485642345737483438e-01 5.412811957714473987e-01 5.351440000000000641e-01
4.539278787901634415e-01 -5.992838399765696433e-01 6.593999999999999861e-01
-8.171700643001431619e-01 5.738680451555914219e-01 5.393100000000007610e-02
9.992482633400416869e-01 -3.863901018285337274e-02 3.152000000000045390e-03
-2.100970675407785593e-01 -9.121512932330719803e-01 3.519079999999999431e-01
-1.906414333903523883e-01 3.857288535666885676e-01 9.027009999999999756e-01
-5.017529640547733205e-01 -1.391699900299598301e-02 8.648989999999999734e-01
6.873450509656248153e-01 -4.122170305652866906e-01 5.980250000000000288e-01
-1.861600372024025535e-02 7.967471592227286514e-01 6.040259999999999518e-01
-3.753040536607223365e-01 -1.417616425442008721e-01 9.159969999999999501e-01
-4.701422045652424719e-01 -6.890162998003266370e-01 5.515640000000000542e-01
-6.831054178239326369e-01 -2.099041283886296794e-01 6.995050000000000434e-01
-5.472365471777044243e-01 -2.022472022254550861e-01 8.121749999999999803e-01
-4.138117846582597403e-01 -9.016825307772942111e-01 1.254129999999999689e-01
8.113159544400752043e-01 -3.551879800542100396e-01 4.643360000000000265e-01
9.422040855880328136e-01 -6.800600617753665977e-02 3.280649999999999955e-01
-6.915214868150973970e-01 2.639448041239627618e-01 6.724069999999999769e-01
8.488730200533628478e-01 -5.155420121789134891e-01 1.167520000000000363e-01
-3.947920410999462559e-01 9.183950956098025920e-01 2.626200000000001797e-02
-5.248901274771368142e-01 -7.598131845315894140e-01 3.836329999999999463e-01
-6.994716800518034905e-01 -7.094836754721757233e-01 8.586200000000006327e-02
-7.911141323279812232e-01 -9.079701518742397393e-02 6.048919999999999852e-01
-2.910200792601817521e-01 -7.209311963477496032e-01 6.289400000000000546e-01
-6.716770653880941300e-01 -7.309930711625369781e-01 -1.204120000000000745e-01
2.031730398907016510e-01 -7.932921557538378243e-01 -5.739410000000000345e-01
-7.245491511317467825e-01 -4.633440966476913836e-01 5.102360000000000229e-01
8.801191007985691428e-01 8.492000972574671389e-03 4.746769999999999601e-01
-6.024517364118430196e-01 7.517236711015259365e-01 2.682600000000000540e-01
-3.496771881618460087e-01 -8.108384363134403250e-01 4.693260000000000209e-01
7.471665790418158259e-01 -2.374091839882147281e-01 6.207890000000000352e-01
-8.476432782099251328e-01 -3.556811167401658369e-01 3.936899999999999844e-01
4.389608859704782762e-01 5.408498595026283162e-01 7.174920000000000186e-01
8.096086370820988476e-01 1.501749326820776276e-01 5.674339999999999939e-01
-5.029080535384752304e-01 -4.240500451434265905e-01 7.531700000000000061e-01
8.595792753335845804e-01 -1.774970568544430305e-01 4.791850000000000831e-01
-9.466959582161236231e-01 -3.683099837440748786e-02 3.200160000000000227e-01
3.554637521332067451e-01 -4.994646517206020597e-01 7.900509999999999478e-01
-5.726059292491681996e-01 8.193918987564476897e-01 -2.682100000000002191e-02
-6.551596325816699817e-01 -3.718097914863398995e-02 7.545749999999999957e-01
6.039543649307659301e-01 7.312084418222174476e-01 3.171329999999999982e-01
3.073701118181106362e-01 8.139532961079044560e-01 4.929540000000000588e-01
1.313144571347258927e-01 -2.496928692362123114e-01 9.593800000000000106e-01
-5.346529158154138539e-01 7.072378886407854059e-01 4.625589999999999979e-01
3.058640828746504448e-01 -9.109482468237419805e-01 2.768039999999998835e-01
-4.438088184902739264e-01 8.272886616540003901e-01 3.444229999999999792e-01
-4.376365441486989027e-01 4.921106118806866658e-01 7.525300000000000322e-01
1.098069291753091398e-01 5.459846478437728745e-01 8.305679999999999730e-01
9.566481096028279785e-01 1.940950222373964973e-01 2.171440000000000592e-01
8.485098750716383309e-01 -4.401759351917284291e-01 2.937279999999999891e-01
