2.923981552811154572e-01 6.327263360159751659e-01 7.170499999999999652e-01
-8.438331095237973090e-01 2.209210286740466433e-01 -4.890190000000001480e-01
7.852591404716088297e-01 5.986081070824134098e-01 -1.582289999999999808e-01
-2.464946170263005165e-01 2.746215733260176095e-01 -9.294210000000000527e-01
-1.224646799147353207e-16 1.499759782661857608e-32 -1.000000000000000000e+00
6.859997103044426225e-01 4.665258029875953283e-01 5.583529999999999882e-01
1.268286630968791517e-01 3.364211063430153081e-01 9.331319999999999615e-01
5.357111262667385576e-01 -8.116801913124543910e-01 2.327849999999999642e-01
-3.607251505111224721e-01 -7.325163056394908834e-01 5.773190000000000266e-01
-8.741018712994566009e-01 3.876969429164848768e-01 2.926379999999999537e-01
4.449512537588842798e-01 -8.859985052912882075e-01 -1.304799999999999571e-01
-5.913819026448862148e-01 2.756929546145749366e-01 -7.578000000000001402e-01
-5.831695090912772939e-01 5.862665064842428331e-01 -5.623209999999999598e-01
3.917499081866632898e-02 6.865938390849116724e-01 -7.259849999999998804e-01
5.721772236168852777e-01 -1.347760526728430663e-01 -8.089799999999999214e-01
-9.378080741497598627e-01 3.433150271449218471e-01 -5.148599999999999705e-02
6.155228943203756575e-01 -6.804898831661405634e-01 -3.975740000000000385e-01
7.211488609109890646e-01 6.852298678387365449e-02 6.893829999999999680e-01
9.542922808989017236e-01 2.986300879026954624e-01 1.209599999999990717e-02
-7.973469049717065715e-01 -5.624029329724733461e-01 -2.189540000000001208e-01
5.712248982460479407e-01 8.173858543966809886e-01 7.471600000000006014e-02
-7.914173125211734217e-01 5.317932099987395800e-01 -3.014209999999999390e-01
7.708589400471761721e-02 -6.115701590737511184e-01 -7.874260000000000703e-01
-3.489112939469560248e-01 -1.094627784923294517e-01 9.307410000000000405e-01
2.744439571711443371e-01 -8.246258713114955619e-01 4.946439999999999726e-01
-4.803103813739615369e-01 -3.455872744017056131e-01 -8.061459999999999182e-01
4.886821081094205876e-01 8.304871837257529199e-01 -2.673589999999999578e-01
8.512454520969439109e-01 -5.522302932898229960e-02 -5.218539999999999290e-01
2.666839931546026166e-01 9.317199760840784162e-01 2.465310000000000834e-01
8.882948732099200662e-01 2.230939681568554489e-01 4.014490000000000003e-01
1.927099340064685751e-01 9.769436654455684321e-01 -9.189099999999998658e-02
2.927759645749988260e-01 -8.177799010511197508e-01 -4.954979999999998275e-01
9.736102344788837015e-02 -9.747452347522297389e-01 -2.009790000000001020e-01
-4.203891843746260237e-01 -4.493961970965448804e-01 7.882360000000000477e-01
6.704273786475885011e-01 5.453443080024976686e-01 -5.031169999999999254e-01
-6.813219032084411042e-01 -2.128589697603269215e-01 7.003509999999999458e-01
-6.746605631677106418e-02 -8.446667050790283016e-01 -5.310240000000000515e-01
7.435021838807120975e-01 -6.667141648897313422e-01 -5.193000000000000393e-02
7.827804289444297015e-02 9.054584961689937650e-01 -4.171539999999999693e-01
9.073494721389326056e-02 3.835547768625648946e-01 -9.190500000000000336e-01
-8.867147770195256129e-01 -2.858039281294310063e-01 3.633910000000001306e-01
-5.004348076416855751e-01 -7.447517137305754709e-01 -4.414860000000001561e-01
9.834858915624370423e-01 -3.014299667648196249e-02 -1.784570000000000323e-01
-1.943249254806602155e-01 9.688796284559479943e-01 -1.533299999999999663e-01
-2.941068098679653908e-01 5.729926295758858146e-01 -7.649710000000000676e-01
-9.785979226504711859e-01 3.528499721103250941e-02 -2.027340000000000808e-01
7.019305086573235375e-01 -3.838712781741703828e-01 -5.999469999999998970e-01
2.492657457799947462e-01 -2.783398327669667771e-01 -9.275740000000000096e-01
-4.179324332528419061e-01 5.439175638562876447e-01 7.276580000000000270e-01
3.968218410447187372e-01 3.272798689012089424e-02 9.173120000000000163e-01
