4.728500065351689541e-01 8.744950120862273746e-01 1.080340000000000744e-01
-7.057971671642514488e-01 1.988127654023195412e-01 6.799439999999999928e-01
-7.192596563486045591e-01 5.827917215509219595e-01 3.781790000000000429e-01
-8.174178744104415584e-01 3.275029496818551156e-01 4.738880000000000314e-01
5.915002723598030698e-01 4.554932097345456010e-01 6.653219999999999690e-01
-4.529783353112445954e-01 -1.613401194298976216e-01 8.768010000000000526e-01
7.091870182510224829e-01 6.486990166943557012e-01 -2.761220000000000341e-01
6.787402352545519602e-01 -2.758710956182168772e-01 6.805930000000000035e-01
7.852949562114471815e-01 2.586219855790714561e-01 5.625179999999999625e-01
7.918199018197114025e-02 -9.572128813121050239e-01 -2.783410000000000051e-01
4.821091157734324617e-01 -4.747111139968801519e-01 7.363560000000000105e-01
-9.517549123201596295e-01 -2.931479729939220347e-01 -9.070200000000003260e-02
-2.093801455557636748e-01 -6.112634249348206650e-01 7.632280000000000175e-01
2.338295675580870092e-01 -1.203042630150649578e-01 9.648060000000000525e-01
4.253331206195773428e-01 8.360172370848654166e-01 3.466510000000000424e-01
-4.604828675507288693e-01 6.880248021025535676e-01 5.608720000000000372e-01
8.009045098604380408e-01 -3.475997872750055152e-03 5.987820000000000364e-01
-4.519211815647922736e-01 -5.841602346934289258e-01 6.741840000000000055e-01
-3.043758752930589284e-01 -4.022468351939939568e-01 8.634540000000000548e-01
3.042040131950881632e-01 8.914370386667824775e-01 -3.358569999999999611e-01
9.902489591632528398e-01 4.836199800560589401e-02 -1.306450000000000389e-01
1.669859430672341605e-01 -9.470786770997150494e-01 2.741489999999999760e-01
-0.000000000000000000e+00 0.000000000000000000e+00 1.000000000000000000e+00
2.544602280985101550e-01 -4.023793606934309430e-01 8.793980000000000130e-01
-4.017060102772011532e-01 8.432300215731014514e-01 -3.572050000000001058e-01
-4.207405186833373945e-01 -6.296892796511650847e-02 -9.049930000000000474e-01
9.375002003168566578e-01 -1.435400306703804030e-01 -3.170009999999999772e-01
2.090561085394157526e-01 -8.212214263682823256e-01 5.309339999999999060e-01
4.536392191126522033e-01 -6.815643292029470723e-01 5.741789999999999949e-01
9.909031209225235282e-01 3.387100413336804894e-02 1.302449999999999997e-01
2.694969375781682830e-01 7.788568195984347797e-01 5.663510000000000488e-01
8.984211640629712337e-01 2.826380516132526721e-01 3.360880000000000534e-01
-6.344247082050745723e-01 4.893365462438973301e-01 5.983770000000000477e-01
-5.039699867068004879e-01 9.767099742373540339e-02 8.581809999999999716e-01
7.576104315796891031e-01 -6.401693646783147562e-01 1.273169999999999580e-01
8.310481794829561730e-01 4.238770915454907473e-01 -3.601209999999999134e-01
-1.819659909122585129e-01 7.266219637110619134e-01 6.625020000000000353e-01
-6.644818363001495642e-01 -5.228508711919499508e-01 5.339390000000001635e-01
-8.311566222735206066e-01 4.577787919583785059e-01 -3.156219999999999026e-01
-8.431620248306752607e-01 -5.323130156763367093e-01 7.563499999999992451e-02
8.469831293431634434e-01 -2.413320368539206839e-01 4.736860000000000515e-01
-3.464038950603948175e-01 9.351407167084464511e-01 -7.427099999999997593e-02
6.529368946506898252e-01 7.050378862443591466e-01 2.767580000000000040e-01
-5.102227232414777713e-01 -7.359116008217633231e-01 4.450919999999999876e-01
3.525097397899603635e-01 5.833605693841625861e-01 7.317289999999999628e-01
-6.735451709713072832e-01 -7.999990153264163739e-02 7.348040000000000127e-01
-5.687625659011315005e-01 -3.544397294795845754e-01 7.422140000000000404e-01
9.142931945546322048e-01 1.467490312270767483e-01 -3.775350000000000650e-01
4.552875752994411385e-01 -2.320357835527866175e-01 8.595770000000000355e-01
4.601001461402396721e-03 -5.183321646362997193e-01 8.551670000000000105e-01
-7.718948559375905516e-01 -2.650609505304135083e-01 5.778590000000000115e-01
6.409998708328750556e-04 8.531318280864721437e-01 5.216949999999999088e-01
-5.209518790813904010e-01 3.489529190042238715e-01 7.790000000000000258e-01
-7.819703302873159956e-02 -9.804054141019945545e-01 1.808050000000000213e-01
-7.438119972422941872e-01 -5.017239981398430304e-01 -4.416070000000000273e-01
-1.054620170233680626e-01 9.943001604970014284e-01 1.565099999999999131e-02
8.995669872681268942e-01 -4.344849938505881970e-01 4.474400000000001293e-02
-1.880739499172487672e-01 -9.211797546964024530e-01 -3.406700000000000284e-01
8.319841068841208331e-01 5.220550670678639760e-01 1.877790000000000015e-01
6.878293823364820536e-01 7.257084033918950183e-01 1.542900000000002603e-02
-3.571458954025953370e-01 5.517748384015698226e-01 7.536519999999999886e-01
2.068210992836128428e-02 -2.883755327570479143e-01 9.572939999999999783e-01
-2.049072057468999675e-01 -1.887221894955587176e-01 9.604150000000000187e-01
8.391160910026073116e-01 -3.040400329733108920e-02 -5.431019999999998626e-01
-5.365238099870677235e-01 -8.241427081252135078e-01 1.814690000000000192e-01
5.280897304486165122e-01 6.671756594553697184e-01 5.253550000000000164e-01
-2.658389834251283501e-01 -7.792279514156909004e-01 5.675679999999999614e-01
-4.391118166147603419e-02 2.718121244924385227e-01 9.613479999999999803e-01
-3.222260495336499164e-01 -9.433541450155068508e-01 7.907799999999996776e-02
9.783006635355381286e-01 -2.017149306246963369e-01 -4.731700000000007428e-02
8.494208191765997840e-02 6.780996539554443592e-01 7.300450000000000550e-01
1.556920146557109752e-01 9.822530924621443171e-01 1.045889999999999320e-01
9.256874255856845091e-01 2.039700937754468368e-02 3.777390000000000470e-01
2.013449280497661698e-01 1.829578432990358328e-01 9.622819999999999707e-01
-2.760950127836435120e-01 8.534560395163888202e-01 4.420229999999999437e-01
4.543200023248231828e-02 8.956520045831839472e-01 -4.424290000000000167e-01
-2.917152693932911767e-01 3.218251939823848495e-01 9.007389999999999564e-01
2.403509387616415693e-01 -6.307758392863487273e-01 7.378029999999999866e-01
-1.024292156830012984e-01 5.226011004299218055e-01 8.464019999999999877e-01
6.377039608293294526e-01 -6.732509586458715889e-01 3.742549999999998933e-01
9.395657698378964140e-01 3.029859257786093885e-01 -1.594229999999998981e-01
9.490611400445099211e-01 -2.209490326034832253e-01 2.246430000000000926e-01
-2.610678082651745058e-01 6.823221124672738946e-02 9.629060000000000397e-01
3.364208379192110132e-01 -9.222905556589723330e-01 -1.902660000000000740e-01
8.865368222390661579e-01 -4.036799190574857366e-01 -2.260419999999999374e-01
6.827551739767299122e-01 -4.887681245457863310e-01 5.430939999999999657e-01
5.628989884290664936e-01 -8.114689833194695945e-01 1.570439999999999059e-01
1.565891782657783393e-01 4.516835142099479561e-01 8.783290000000000264e-01
7.639268210281553451e-01 -6.316318520220594035e-01 -1.321250000000001035e-01
4.014348241232206238e-01 3.424438499683689630e-01 8.494599999999999929e-01
6.175373819536972286e-01 2.112777885480945916e-01 7.576340000000000297e-01
-5.737879240717378426e-01 8.136898923259681116e-01 9.314600000000008984e-02
6.243556778446011091e-01 -4.534397660338908287e-02 7.798230000000000439e-01
1.021999144516094835e-03 -7.428293782005048751e-01 6.694799999999999640e-01
5.359992395344410632e-01 -7.741413459585404500e-01 -3.367640000000001188e-01
