-5.960358717256677430e-01 -6.560078588189500737e-01 -4.630279999999999396e-01
-2.203611274404949569e-02 -2.143650967628163706e-01 9.765049999999999564e-01
5.966173273886105077e-01 -7.295944003586318782e-01 3.342749999999998778e-01
9.035897766167279299e-02 8.905587798382188502e-01 -4.458030000000001158e-01
8.879705182914314765e-01 4.557592660179786703e-01 6.157799999999989671e-02
3.110820079758445100e-01 9.196390235786628953e-01 2.397749999999999881e-01
9.687100459234357364e-02 6.250060296295308904e-01 -7.745859999999999967e-01
5.870391618957887525e-01 -4.876251344790277775e-01 6.462250000000000494e-01
-6.671767343869788869e-01 -2.032579190799871927e-01 -7.166320000000000467e-01
-7.460479414441877344e-01 6.657869477437130534e-01 1.184100000000005981e-02
-1.019430119622955488e-01 9.412991104548305010e-01 3.218130000000000712e-01
-6.895371661207043701e-01 2.449840590206393831e-01 6.815579999999999972e-01
9.541405465788119766e-01 -2.990658578796414613e-01 -1.324500000000000156e-02
1.819790117980877864e-01 -7.459780483633491333e-01 -6.406250000000001110e-01
-4.080077302552886920e-01 -7.331655152848691737e-01 5.440570000000000128e-01
5.354319549370083475e-01 -5.781559513412739548e-01 -6.156689999999999108e-01
6.464091879123545770e-01 7.544472193192114373e-01 1.138620000000000743e-01
8.469778518895835218e-01 -4.187919267661526779e-01 3.274779999999999358e-01
4.653421875382182105e-01 -1.421857517515232872e-01 8.736359999999999681e-01
9.953821633842627747e-01 9.308401527901923045e-02 -2.344600000000004666e-02
-3.941070564292971645e-01 -9.038171294109416110e-01 1.667159999999999753e-01
-7.313628445068615092e-01 -1.203529744120692968e-01 6.712850000000000206e-01
7.707220218976224002e-01 -1.475460041920518550e-01 6.198529999999999873e-01
-6.466072421536500636e-01 -4.664941747015184381e-01 6.035580000000000389e-01
5.742295608496494203e-02 5.160856053160796098e-01 8.546099999999999808e-01
-8.927834903794216181e-01 -3.074778244848513920e-01 3.292340000000001377e-01
8.098530660144189763e-01 -4.763850388320829965e-01 -3.423379999999998646e-01
-9.221540288451426370e-01 9.692100303170633757e-02 3.744839999999999836e-01
-2.099540455890724078e-01 -7.884751712081881081e-01 -5.781230000000000535e-01
-3.143200961658613318e-02 -9.988553055985951445e-01 3.605699999999997102e-02
8.366903183572370617e-01 3.548817108816193500e-01 4.171430000000000415e-01
2.427337470069907688e-01 -4.342375474091873522e-01 8.674779999999999713e-01
-9.455137491645122516e-01 6.310998325754230837e-03 -3.255210000000000048e-01
5.047688690657939903e-01 -7.959237935418436161e-01 -3.342360000000000886e-01
-3.669490857432190500e-01 -3.707530866320815077e-01 8.531649999999999512e-01
-6.248845452873267453e-02 1.442107411624061475e-01 9.875720000000000054e-01
4.309093597299020195e-01 4.964564144496129150e-01 7.535570000000000324e-01
3.005617270536272700e-01 1.701024114747957949e-01 9.384710000000000552e-01
3.989279998331720645e-01 -9.167339996166306015e-01 -2.133600000000007713e-02
2.539440580667087777e-01 -9.178452098739808829e-01 3.050780000000000713e-01
3.243894500747070420e-01 -3.906355419879625757e-01 -8.614959999999999285e-01
-7.075502535588348296e-01 -6.585262359905098561e-01 2.563509999999999955e-01
4.267364873068062447e-01 -1.450001655812654694e-04 -9.043759999999999577e-01
-2.670703319077552540e-01 7.302819075745212718e-01 -6.287779999999999481e-01
