6.140779414476776887e-01 -5.229029501412117975e-01 5.911689999999999445e-01
5.528174106671343013e-01 2.597457230971955688e-01 7.917859999999999898e-01
6.488519086936754832e-01 4.436899375640313559e-01 6.181670000000000220e-01
6.793077468503891936e-01 -7.118277347315485892e-01 1.784439999999999360e-01
3.313929850098836782e-01 9.215799583135687589e-01 2.021609999999999241e-01
-4.485458606820637018e-01 -8.573207337169600484e-01 2.526019999999999932e-01
-6.622570426860007187e-01 -2.629730169500144599e-01 7.016130000000000422e-01
7.605921376609635631e-01 -5.430910982950520882e-01 3.557410000000000294e-01
4.020440689289094816e-01 -6.839251172563310943e-01 6.087749999999999551e-01
-5.285673989023063069e-01 -8.753606606222549824e-02 8.443659999999999499e-01
9.796021997219008792e-01 7.674001564580174885e-03 2.008000000000000063e-01
1.549229474956167751e-01 -7.892177325290343770e-01 5.942509999999999737e-01
-1.140419975156478638e-01 -8.286109819490935502e-01 5.480859999999999621e-01
-5.091071617443414521e-01 -8.602652733079609870e-01 -2.745099999999990950e-02
6.982071967479951402e-01 5.983391686061563242e-01 3.930610000000000492e-01
-7.270902417643023696e-01 1.034200343881289987e-02 6.864639999999999631e-01
-4.347720997460798320e-01 8.951822053740706719e-01 9.809199999999994313e-02
-9.968273109673638777e-01 -6.301601965829514707e-02 4.862400000000001443e-02
-1.208500518002948720e-02 -9.905324245746822687e-01 1.367459999999999509e-01
-2.019700590464638679e-01 -9.253692705340759161e-01 3.207800000000000651e-01
-5.929539713589224714e-01 7.365969644206268319e-01 3.253159999999998830e-01
-3.265516438659319537e-02 -2.479902483866748275e-01 9.682119999999999616e-01
1.300439397080835335e-01 -9.264925704527804395e-01 -3.531290000000000262e-01
-3.681293672902144487e-01 3.498253490279203959e-01 8.614540000000000530e-01
8.474690694384057199e-01 4.927720403758746315e-01 1.974130000000000884e-01
4.403383571294576804e-01 -1.830487327586021173e-01 8.789740000000000331e-01
-6.990873412793258135e-01 -7.031943432842755470e-01 -1.295939999999999870e-01
8.360948879738417938e-01 5.458989268564364838e-01 -5.421900000000007269e-02
3.295962035397236312e-01 -8.583175300477097203e-01 3.932649999999999757e-01
-2.953410156650810303e-01 -1.844686343797188599e-01 9.374139999999999695e-01
-7.348683793903753037e-01 2.829817610167895126e-01 6.163520000000000110e-01
-1.187499947673107958e-01 4.670869794179277057e-01 8.762010000000000076e-01
8.255436714262148756e-01 3.602998565974257494e-01 4.343520000000001269e-01
3.181649571967954948e-01 3.146119576747858360e-01 8.943100000000000493e-01
-5.486436982220642689e-01 4.557517493166827194e-01 7.009140000000000370e-01
-1.343514244938654734e-01 2.420579631234412443e-01 9.609149999999999636e-01
-8.345510183872936194e-01 -1.772700039057117927e-01 5.216319999999999846e-01
6.378824935598177426e-01 -2.717247842669289759e-01 7.206050000000000511e-01
4.169498696133679821e-02 8.243697422069141689e-01 5.645139999999999603e-01
-8.549224826394630217e-01 3.493881972442359762e-01 3.834520000000000151e-01
-3.492939807339266456e-01 8.315623348280778981e-02 9.333160000000000345e-01
-9.493905071897689174e-01 -9.864505269882214988e-02 2.982059999999999711e-01
-2.278719500484565896e-01 7.886308271251598612e-01 5.710830000000000073e-01
8.890178942278409435e-01 3.441399590554625187e-01 -3.020179999999999532e-01
7.823629282898137971e-01 -5.754459472555069066e-01 -2.382650000000000601e-01
-9.623405090517110905e-01 1.516559226311112452e-01 2.256130000000000357e-01
-9.145087388246279092e-01 1.737659503740262290e-01 -3.653479999999999506e-01
7.375300529954682827e-02 -9.239230663888010620e-01 3.754019999999999024e-01
-5.349270056321713263e-01 -5.493710057842504657e-01 6.419070000000000054e-01
-5.277663166385627713e-01 -7.893494735779357230e-01 -3.136720000000000619e-01
-2.761318865868704342e-01 -9.589946061208977079e-01 6.387900000000004685e-02
-4.987700299375567858e-02 -6.738180404444221727e-01 7.372119999999999784e-01
4.167391814619111345e-01 5.064282205154609917e-01 7.548899999999999499e-01
-3.139268747869341514e-01 5.932457633776312411e-01 7.412889999999999757e-01
-7.332962100664471849e-01 -4.349741246064929845e-01 5.225649999999999462e-01
-2.249289933047870227e-01 -4.420519868419267584e-01 8.683300000000000463e-01
5.565170949180705540e-01 -7.246351235918330191e-01 4.064389999999999392e-01
1.241659979740222935e-01 9.292299848380459748e-01 3.480150000000000188e-01
-5.672504083855319790e-01 1.873798045720165284e-01 8.019450000000000189e-01
2.263591182552716075e-01 -5.933433099763542051e-01 7.724670000000000147e-01
-4.576112701814309403e-01 -3.663402162934576989e-01 8.101770000000000360e-01
-6.560202670360673616e-02 -9.917424036933075726e-01 -1.101970000000000588e-01
2.658497694925591320e-02 -4.781935853779383794e-01 8.778519999999999657e-01
1.133641377935506039e-01 1.952782373597347354e-01 9.741739999999999844e-01
7.494182976670316076e-01 1.871300743275870204e-01 6.351020000000000554e-01
-9.159213924209725910e-01 3.840841645585337250e-01 1.164789999999999714e-01
4.421548199536662893e-01 -4.454328186188585836e-01 7.785170000000000146e-01
8.993951230759802407e-01 -3.825580523504142905e-01 2.115129999999999233e-01
-3.047617712718620475e-01 -6.334885245576571400e-01 7.112049999999999761e-01
9.477516643757091241e-01 3.148978884862095318e-01 -5.104999999999994265e-02
3.151440757337131693e-01 8.165851962373207318e-01 4.836040000000000338e-01
-3.725790095160914639e-01 8.600860219675751095e-01 3.484780000000000655e-01
4.988058767514655378e-01 6.602198368681463370e-01 5.615179999999999616e-01
2.437589400349506052e-01 -9.583917642342495435e-01 1.485490000000000421e-01
3.863655960002548850e-01 6.834610542940851297e-02 9.198100000000000165e-01
-7.678272390426498228e-01 -5.649071758688691824e-01 3.021940000000000182e-01
-4.254994794077084086e-02 6.683321823055041744e-01 7.426449999999999996e-01
1.932080839925015281e-01 -9.754694240615369161e-01 -1.054989999999999123e-01
-6.507470448105161509e-01 7.556460520338739162e-01 7.434600000000010644e-02
9.444907507116732104e-01 2.586679317273400391e-01 2.025539999999999008e-01
6.178944899867973017e-01 -2.810997679788454669e-03 7.862559999999999549e-01
-4.751030890664976192e-01 6.835781281488398919e-01 5.540739999999999554e-01
-8.920884199252149260e-02 -4.668887057236020648e-03 9.960020000000000540e-01
-6.909888783678727053e-01 5.310349065239583499e-01 4.904450000000000198e-01
2.303379671324737310e-01 6.761309035211151564e-01 6.998510000000000009e-01
7.948215350719921579e-01 -8.281405575022798837e-02 6.011659999999999782e-01
4.774180166228231270e-01 -8.640970300862801379e-01 1.594000000000000139e-01
-5.851793349891993845e-01 -6.901673950902045274e-01 4.257159999999999278e-01
8.261907387859559471e-01 -5.620308223045391571e-01 3.911799999999997224e-02
7.897527656355618486e-01 -3.396748991991920263e-01 5.107949999999999990e-01
8.955116276272844233e-01 1.010720708372592758e-01 4.334089999999999332e-01
1.331499399499576908e-01 4.806587832249846204e-01 8.667399999999999549e-01
-3.643907001037570148e-01 -7.814933568251836160e-01 5.064459999999999518e-01
1.784982657647139204e-01 -7.158150759790914142e-02 9.813330000000000108e-01
6.579962761054537479e-01 7.390143101018785687e-01 -1.445639999999999703e-01
-8.725511026082133359e-01 9.512501118628753638e-02 4.791719999999999313e-01
2.357589807191362019e-01 -3.283989731428434422e-01 9.146429999999999838e-01
9.786330810807296610e-01 -1.994010165205736540e-01 5.016500000000004983e-02
