-6.242762667639866203e-01 4.806072053717254100e-01 6.158700000000000285e-01
-2.400470757538248345e-01 1.836468230001203628e-01 9.532319999999999682e-01
-6.187598176089502688e-01 8.120397606360640896e-02 7.813719999999999555e-01
-3.799079644131591049e-01 7.034599341053120458e-01 6.006780000000000452e-01
-7.325273200084251313e-01 6.495892837765063765e-01 2.035619999999999097e-01
-7.408153761541328430e-01 9.104404622824449622e-02 6.655100000000000460e-01
-5.391486536496042925e-01 6.885305576863085530e-01 4.850199999999999512e-01
1.767838685081568606e-01 -5.216466119992448913e-01 8.346449999999999703e-01
8.734925172641248015e-01 -2.051851215063669187e-01 4.414860000000000451e-01
2.425690395137870270e-01 9.400941531385880179e-01 2.395479999999999832e-01
6.660700680836070808e-02 9.709130992437123853e-01 2.299809999999999632e-01
-9.111903114764628997e-01 2.978671018213099875e-01 -2.846179999999998711e-01
-2.911799953427452459e-01 -7.499599880048259948e-01 5.939480000000000315e-01
-4.384674185223006448e-01 -3.950093770410896821e-01 8.072880000000000056e-01
-3.534149657718186899e-01 8.683999158956109410e-01 3.478210000000000468e-01
-9.223880485951414521e-01 -1.920100101158669567e-02 3.857870000000000466e-01
-4.077620494227549575e-01 7.840050950252522854e-01 4.680449999999999333e-01
-7.566818338204274186e-01 4.486859014613173158e-01 4.755140000000000478e-01
6.701922266100106551e-01 -2.340270791308475262e-01 -7.043250000000000899e-01
-5.626720745379780730e-01 -8.240121091580682178e-01 6.636400000000002020e-02
2.040570964804263032e-01 -7.414423505620499899e-01 6.392370000000000552e-01
-8.173299879068804952e-01 -5.572439917550827682e-01 -1.464609999999998968e-01
5.330638526808340050e-01 -8.433707669234605797e-01 -6.759199999999990216e-02
-2.041583493270985039e-01 -2.805561058398737817e-01 9.378739999999999855e-01
-8.936866214872284386e-01 4.465398108721587156e-01 4.389099999999997170e-02
5.626598307784688169e-01 -7.361167786108023803e-01 3.762259999999999494e-01
-5.991868165992441098e-01 -7.641247661145812442e-01 2.389320000000000888e-01
9.863126575830766241e-01 -4.850498316058607373e-02 1.575899999999999801e-01
-8.748713425185064008e-01 -4.464661747947610282e-01 1.877980000000001037e-01
-1.506608559517246537e-01 4.683295522256669119e-01 8.706139999999999990e-01
-2.131999574898956751e-01 -9.156298174318630023e-01 3.408340000000000258e-01
-5.764788009748111897e-01 -8.121497196111100714e-02 8.130659999999999554e-01
-1.147550403048281098e-01 9.688323402780468774e-01 2.195340000000000902e-01
-1.424200323473864827e-02 5.708181296480181466e-01 8.209530000000000438e-01
-8.381603968597889365e-01 3.049761444028716295e-01 4.521910000000000096e-01
-5.677598559737934147e-02 -9.308847638582586903e-01 3.608739999999999726e-01
-1.176662745411985317e-01 3.211617493407258883e-01 9.396860000000000213e-01
-2.849589097650934710e-01 9.555866974045261752e-01 -7.518299999999991656e-02
-1.845010514942959090e-01 6.021151680505143489e-01 7.767990000000000173e-01
9.509433549328378810e-01 2.391900892759981495e-02 3.084389999999999632e-01
-2.369502199452781233e-01 -6.578806106672276943e-01 7.148759999999999559e-01
3.630591421387481810e-01 -6.923202710454723352e-01 6.236030000000000184e-01
-4.555799628844816040e-01 -7.234569410608859830e-01 5.187070000000000292e-01
8.450510630210688046e-01 -5.268840392932412353e-01 9.100499999999993317e-02
2.077557124123132204e-01 4.647638307842289623e-02 9.770759999999999446e-01
9.285125722869188580e-01 3.088708577207135431e-01 2.060660000000000269e-01
-6.484129372614276798e-01 -4.715679543724400902e-01 5.976489999999999858e-01
-5.145186311366806153e-01 -2.424372973868426095e-01 8.224930000000000296e-01
-4.499229696367761933e-01 8.686039413819307553e-01 2.075969999999999760e-01
-3.656510003377664297e-01 -8.773210008104164181e-01 3.108170000000000655e-01
-1.402400829912660296e-02 -8.609395094867152709e-01 5.085140000000001326e-01
4.098068582187123776e-01 8.813686950719932245e-01 2.350479999999999514e-01
3.474286853074370351e-01 -4.963195504456657803e-02 9.363920000000000021e-01
-1.133070355978638699e-01 9.909743113360832689e-01 -7.163399999999994772e-02
-1.257400907889729968e-01 -7.700595560113392413e-01 6.254579999999999584e-01
-0.000000000000000000e+00 -0.000000000000000000e+00 1.000000000000000000e+00
4.807906336926416335e-01 1.957542580084223327e-01 8.547050000000000480e-01
-3.451802816151861020e-01 6.034184922987203548e-01 7.188440000000000385e-01
-8.637335412780960953e-01 -1.209469357660596656e-01 4.892199999999999882e-01
-1.366769847242424729e-01 -9.701548915702530307e-01 2.002969999999999473e-01
7.473070235982697263e-01 5.925610187117400507e-01 3.006719999999999393e-01
-3.117263523519933632e-01 4.805245431487562002e-01 8.197090000000000209e-01
8.067389408643099724e-01 2.119659844624399436e-01 5.515820000000000167e-01
5.217661331818292947e-01 6.973541780010223956e-01 4.913830000000000142e-01
7.922229082541999701e-02 1.334874900332337078e-01 9.878789999999999516e-01
-6.601100252805579272e-02 -6.674400255612791266e-01 7.417319999999999469e-01
4.920449387233722383e-01 8.662718921191618904e-01 8.639899999999989255e-02
8.566401478454088725e-01 5.151640889108984878e-01 -2.781399999999997416e-02
-2.829312234323048680e-01 -1.213786668492418952e-01 9.514289999999999692e-01
7.750570456936801689e-01 -2.819830166243786351e-01 5.654839999999999867e-01
-7.903899904138734778e-01 -5.921859928177607424e-01 1.568420000000000092e-01
-2.652899844636963378e-02 9.962089416585420132e-01 8.284900000000008924e-02
4.847358592619052664e-01 2.101895053570490210e-02 8.744079999999999631e-01
-6.399998433566118639e-01 -7.660988124932137655e-01 -5.909999999999990955e-02
5.161388858735828089e-01 -8.260108173560299916e-01 2.265099999999999336e-01
7.746099024989777648e-01 -5.920029254839238586e-01 2.225130000000000163e-01
8.133450977238935176e-01 4.522600543393125172e-02 5.800210000000000088e-01
-9.917204293484920274e-01 1.674700725033206189e-02 1.273189999999999322e-01
4.526949489131574245e-01 -7.463749157712320503e-01 4.878439999999999999e-01
8.915698494164401300e-01 -4.209099289095347141e-02 4.509230000000000738e-01
-2.780145554454135359e-01 -4.141873377005736989e-01 8.666930000000000467e-01
-9.184084483999386261e-01 3.767101839234203720e-01 -1.208940000000000708e-01
-9.028042133029000604e-01 -4.194920991121664500e-01 -9.471500000000009079e-02
2.746769228058747458e-01 -6.143188273542457001e-01 7.397059999999999746e-01
-7.199577273984806292e-01 -3.236788774437019400e-01 6.139160000000000172e-01
-4.331790651265026715e-01 3.576160537659475724e-01 8.273249999999999771e-01
4.030199077684524372e-02 -7.674348243717006302e-01 6.398589999999999556e-01
8.834201405480222868e-02 7.705661225934742342e-01 6.312079999999999913e-01
-2.030169243166037862e-01 9.134006594901420417e-01 3.528220000000000245e-01
-5.863695632353682630e-01 -3.681153535920002051e-01 7.215690000000000159e-01
-5.741302737102678411e-02 -9.966594751463980772e-01 5.808300000000006513e-02
8.554752175254798363e-01 -4.495991143215619656e-01 2.569489999999999830e-01
-2.007119848831951103e-01 9.771709264034864617e-01 6.965399999999988268e-02
4.426391198573353947e-01 -5.609791519013194172e-01 6.995519999999999516e-01
-1.155289720691311944e-01 8.714397893163072784e-01 4.767030000000000989e-01
4.068149149671956288e-01 6.622898615676020562e-01 6.291849999999999943e-01
8.862095400852109117e-01 1.281259335066831928e-01 4.452149999999999719e-01
5.659289117438094374e-01 -2.544419603199665758e-01 7.842090000000000449e-01
3.189450221512550865e-01 4.588090318650401289e-01 8.293179999999999996e-01
4.158791981635999169e-01 -3.208513813820990102e-01 8.509400000000000297e-01
4.384961180239644873e-01 5.262291416378548359e-01 7.285629999999999606e-01
1.228751519733622261e-01 6.575448132587794481e-01 7.433279999999999887e-01
-8.883502136084543421e-01 1.348090324155368502e-01 4.389310000000001266e-01
2.832599657994691253e-02 -9.758218821802229215e-01 2.167239999999999445e-01
-5.975029076443353349e-01 -6.867868938437635684e-01 4.139010000000000189e-01
7.814940536731903586e-01 3.599750247231670586e-01 5.095929999999998516e-01
-3.453008210026348723e-01 -5.344587229467830936e-01 7.714410000000000434e-01
1.503559826614095651e-01 9.839348865356497553e-01 9.625600000000006373e-02
-7.059769707202233624e-01 -5.558699769457803308e-02 7.060499999999999554e-01
-7.991936529612967410e-01 5.984277401410954544e-01 5.633600000000010821e-02
6.744179874595819246e-01 4.757719911532910517e-01 5.646250000000000435e-01
3.088237100605848440e-01 -2.181997951429280880e-01 9.257520000000000193e-01
2.286529375494854299e-01 9.726677343414816823e-01 -4.043900000000010680e-02
6.789749825996769239e-01 -7.314899812538571133e-01 -6.257299999999996198e-02
6.447463445593826226e-01 -5.868953136431691586e-01 4.897510000000000474e-01
-9.170545717668644459e-01 2.481358841290246531e-01 3.121530000000000138e-01
6.074988552481883630e-01 9.005597854190847129e-02 7.891989999999999839e-01
-7.680654179437966800e-01 -4.287692333153361179e-01 4.756389999999999230e-01
1.057249908470155320e-01 -6.529829434689687906e-01 7.499569999999999848e-01
6.196998532156908768e-01 7.069828325415343784e-01 3.408039999999999958e-01
6.961490278728135195e-01 -1.850370074086176708e-01 6.936409999999999521e-01
-7.620538172381779995e-01 -6.472238447776175185e-01 -1.937199999999998992e-02
9.568356924262315655e-01 -2.901959067168488060e-01 -1.586800000000006608e-02
-8.512647113397128207e-01 4.108698606757563154e-01 3.263960000000000750e-01
3.577010702166353306e-01 -9.079771782357053400e-01 2.182369999999999033e-01
2.603540222015901517e-01 -8.927180761261943598e-01 3.677910000000000346e-01
5.948311809605444367e-01 2.616550796011493651e-01 7.600740000000000274e-01
-9.363910182927092096e-01 -2.822580055140035959e-01 2.085720000000000907e-01
-6.466697406046545415e-01 6.789197276683811566e-01 3.476870000000000793e-01
7.215672530663321815e-01 -4.378961535778862491e-01 5.362719999999999709e-01
-6.905623660761892602e-01 -5.649762995013640765e-01 4.515810000000000657e-01
9.655681435504459564e-01 -2.164270321760790872e-01 1.443520000000000636e-01
-9.132719754916187593e-01 -2.038979945282346773e-01 3.526469999999998772e-01
4.623956931330682751e-01 -1.553248969192939366e-01 8.729630000000000445e-01
-9.696024763856759821e-01 1.933670950052381876e-01 1.499339999999999284e-01
1.879810009263069015e-01 3.810180018775279898e-01 9.052559999999999496e-01
-7.987528151983965818e-01 2.015089533783454845e-01 5.669110000000000538e-01
-1.738635072335987242e-01 2.136369369824230383e-02 9.845380000000000242e-01
3.735818851643442073e-01 7.748757618102753986e-01 5.099059999999999704e-01
-1.077340893713793213e-01 -4.256303530838933535e-01 8.984609999999999541e-01
-8.267297371333211242e-02 7.910327484835218970e-01 6.061619999999999786e-01
-9.571597633837976016e-01 8.880297804731837608e-02 2.756070000000001019e-01
2.525633801642935827e-01 -3.800890671934493703e-01 8.898000000000000353e-01
-7.019053265920526252e-01 -6.884543203333856054e-01 -1.826460000000000305e-01
-1.752140789961013911e-01 -5.488792474648207520e-01 8.173319999999999474e-01
9.323956213979567309e-01 1.889799232641344029e-01 3.080990000000001228e-01
-2.213998820390731537e-01 7.187046170771999032e-01 6.591249999999999609e-01
-5.367523486508511965e-01 2.240301455201846037e-01 8.134540000000000104e-01
-4.700177186836334564e-01 4.916737057220294527e-01 7.330349999999999921e-01
3.526348227040171368e-01 1.230829381169723374e-01 9.276309999999999834e-01
3.019598279864985635e-01 -8.077965398331218294e-01 5.062459999999999738e-01
5.158301392743466773e-02 8.635302331535138487e-01 5.016519999999999868e-01
3.521804384568807955e-01 -4.762135928754232528e-01 8.057229999999999670e-01
7.155288678808123803e-01 1.533099716920031941e-01 6.815529999999999644e-01
1.455339474711223879e-01 -2.739009011384823666e-01 9.506829999999999448e-01
7.591885964374780471e-01 -5.533314347109624665e-01 -3.427200000000000246e-01
9.982465379509799508e-01 5.593297411082843312e-02 1.937399999999995029e-02
4.530300371596077125e-01 -8.878460728252193235e-01 8.058000000000001273e-02
-9.327169431558189894e-01 -3.556789783232412461e-01 5.942700000000002841e-02
4.152758969702469716e-01 -8.365757924459427120e-01 3.573329999999999562e-01
1.794701218072520046e-02 4.361272960017349432e-01 8.997060000000000057e-01
-8.313495805755646284e-01 1.923099029776728294e-02 5.554170000000000496e-01
3.471346796999656426e-01 2.993675861705842878e-01 8.887500000000000400e-01
8.052700411768133337e-01 -1.202210061474010966e-01 5.805919999999999970e-01
2.163149791314582793e-01 2.227399785116196962e-01 9.505759999999999765e-01
6.566891156018892506e-01 5.993441055070187762e-01 4.577620000000000577e-01
9.678630174464977198e-01 2.453600044228084476e-01 5.513300000000001533e-02
-8.173793326482138577e-02 1.627368580918152896e-01 9.832779999999999854e-01
-1.750389696015210994e-01 -8.535228517713148166e-01 4.907749999999999613e-01
8.324582855435884721e-01 -3.609321238042261237e-01 4.204060000000000574e-01
-8.652963222305376512e-01 -3.672921367771243006e-01 3.411139999999999173e-01
-3.351368938856071344e-01 4.055986613275795738e-02 9.412960000000000216e-01
-6.513513473391536746e-01 -2.149011145980147253e-01 7.277080000000000215e-01
4.755100462954066076e-01 7.994670778356920415e-01 3.670729999999999826e-01
2.156308868868296313e-01 8.306875642474729204e-01 5.132849999999999913e-01
-7.734778393391547047e-01 -1.613699664814763624e-01 6.129369999999999541e-01
-7.042030813060357053e-01 -6.493730749754603737e-01 2.870759999999999423e-01
1.520259497665932269e-01 9.144446978432131390e-01 3.750719999999999055e-01
-5.096540724029284819e-01 5.988780850783492760e-01 6.177359999999999518e-01
-6.891839867812027398e-01 -7.161779862634477523e-01 1.100659999999999555e-01
-5.596563467207683606e-01 -6.053943750565932147e-01 5.659349999999999659e-01
-4.839061809950634396e-01 6.090402277988572755e-02 8.729980000000000517e-01
-3.007320085870445747e-01 -9.371820267601175258e-01 1.767770000000000452e-01
-2.090399076361171282e-02 9.335285875221791541e-01 3.578929999999999612e-01
-6.046479127075131688e-01 7.700868888232337284e-01 2.033889999999999032e-01
-5.795460509434341434e-01 3.684920323912991846e-01 7.268700000000000161e-01
-5.153752102390883882e-01 7.867373209369283860e-01 3.397540000000000004e-01
7.145963239528322353e-01 -1.754500795379829170e-02 6.993169999999999664e-01
5.214458600212438233e-01 -6.347638296017704684e-01 5.702359999999999651e-01
5.643917823017664537e-01 7.967516926754756312e-01 2.159830000000000916e-01
4.894826908048358766e-02 2.898155931864686008e-01 9.558299999999999574e-01
3.754971112923086718e-01 -9.247032740696506936e-01 -6.265600000000000336e-02
7.749618669004211258e-01 4.813459173289142967e-01 4.095610000000000639e-01
-4.909090531115502531e-01 -7.914760856299583036e-01 3.641070000000000140e-01
-4.710688895964933454e-01 -8.612807981432808457e-01 1.904979999999999174e-01
-9.658433323714239460e-01 -9.727603347517416177e-02 2.401750000000000274e-01
7.100819789838204443e-02 -4.157231586118628752e-01 9.067150000000000487e-01
-9.182686479560072668e-01 3.530798646369495142e-01 1.792129999999999279e-01
3.266879373548893239e-01 9.399708197528304776e-01 9.864000000000008872e-02
-4.036718810925127299e-01 -9.137997308268547281e-01 4.493399999999997396e-02
-2.578569453297085423e-01 8.152568271509486042e-01 5.185229999999998451e-01
-3.931948394669929070e-01 2.041309166577314482e-01 8.965090000000000003e-01
2.523328813788977554e-01 7.272006581446575080e-01 6.383630000000000138e-01
6.399999696809616754e-05 -5.482339740284256635e-01 8.363249999999999851e-01
-1.942250802948696509e-01 9.555693950433172823e-01 -2.217289999999999262e-01
6.556140510896875107e-01 -3.457280269413641194e-01 6.712989999999999791e-01
1.458800079824942864e-01 -8.456470462734599902e-01 5.134199999999999875e-01
5.942888049524455152e-01 -4.960848371833130876e-01 6.330249999999999488e-01
9.432127234537930338e-01 -1.388799592809500938e-01 3.017649999999999499e-01
9.783846953918882150e-01 1.248249611372746481e-01 1.648699999999999888e-01
6.941323008621559376e-01 3.188191381877967245e-01 6.453950000000000520e-01
5.970765387874690244e-01 -8.502093432547126739e-02 7.976659999999999862e-01
-8.379278276676461745e-01 5.104238950237141026e-01 1.932469999999999188e-01
-9.803766616451276006e-01 -1.736219400783069744e-01 9.336499999999990640e-02
5.756582728803246729e-01 4.306012041186619843e-01 6.951260000000000217e-01
7.358659582993565262e-01 -6.723109619009419724e-01 8.061799999999995359e-02
9.925528613476327644e-01 -1.217209829964699119e-01 4.776999999999992190e-03
3.996036642107120285e-02 -1.489896377420045215e-01 9.880309999999999926e-01
-4.349291685994260415e-01 -1.027950398482925104e-01 8.945779999999999843e-01
2.863106942587569925e-01 6.024673566460415630e-01 7.450229999999999908e-01
-4.051752099501793603e-01 -6.383363307675885556e-01 6.544919999999999627e-01
6.006941766680673478e-01 -7.960832341332612083e-01 7.360700000000003351e-02
-3.350288039101904647e-01 -8.231615182098268590e-01 4.584329999999999794e-01
2.875649681123178536e-01 -9.356898962426396515e-01 -2.044279999999999431e-01
-4.806000433553790641e-02 6.903630622782971349e-01 7.218649999999999789e-01
-3.646188804489729485e-01 -2.638529134880597815e-01 8.929920000000000080e-01
6.500589398844097699e-01 -7.289679325871318838e-01 2.145440000000000402e-01
-1.236419703148447652e-01 -1.367438612028457068e-01 9.828599999999999559e-01
1.897483486843044020e-01 -1.063037555807870987e-01 9.760609999999999564e-01
-7.940948958384873579e-01 -5.161369322982631846e-01 3.209609999999999963e-01
4.673369294460018586e-01 3.694999442164811909e-01 8.031599999999999850e-01
5.119688094431074088e-01 -4.131928462079264008e-01 7.530999999999999917e-01
-7.215349337451530953e-01 3.481869680277790979e-01 5.984589999999999632e-01
-2.782413323281262563e-01 3.390171864895188958e-01 8.986929999999999641e-01
3.184679987506024990e-01 8.690729965904970822e-01 3.785369999999999568e-01
-3.529996327536922412e-02 -2.915336967003258062e-01 9.559090000000000087e-01
5.486720861000281557e-01 5.777540906637036455e-01 6.042840000000000433e-01
7.696337780548619945e-01 -5.068608538326859758e-01 3.882729999999999793e-01
-6.559433955291197327e-01 5.765124687270248849e-01 4.872080000000000299e-01
-5.039621764687428618e-01 -5.101641786404526036e-01 6.969610000000000527e-01
8.540557284684644479e-01 4.459758582100610269e-01 2.677579999999998850e-01
8.678997593822581624e-01 3.157069124729744991e-01 3.835090000000000443e-01
1.564322567937106168e-01 5.266498645299613202e-01 8.355650000000000022e-01
-8.270806225394785605e-01 -2.806748719064615649e-01 4.869899999999999785e-01
1.021800222220202586e-01 -9.234672008348251415e-01 3.698210000000000108e-01
6.840761141022744241e-01 -6.413221069710072220e-01 3.474849999999999883e-01
