-5.464045000096552362e-01 6.192014333964342976e-01 5.639429999999999721e-01
-3.989305845035402975e-01 -6.000053750789768880e-01 6.934320000000000483e-01
5.879729012466146099e-01 5.216859123798905928e-01 6.181680000000000508e-01
5.589399588882368319e-02 -9.919709270374713617e-01 -1.134439999999998921e-01
-6.669326196658013073e-01 -6.779836133637092699e-01 3.090939999999999244e-01
1.636841302662629394e-01 5.330134241930281069e-01 8.301230000000000553e-01
5.428269836817891658e-01 1.338982426431751527e-01 8.291020000000000056e-01
-7.475094776680452080e-02 -3.504117551452354817e-01 9.336079999999999934e-01
8.457512262262752989e-01 -4.786241280250627117e-01 -2.358469999999999456e-01
7.671481878230085316e-01 -6.106731495127929454e-01 1.963719999999999355e-01
-2.838107174807744659e-01 3.816339647804530277e-01 8.796629999999999727e-01
5.372277156992515401e-01 -6.162486738813838238e-01 5.758680000000000465e-01
-7.113868281142975425e-01 1.977779522127753042e-01 6.743980000000000530e-01
8.865109728148602430e-01 2.190249932835292013e-01 4.075860000000000039e-01
2.960611905480168282e-01 8.429855425541358249e-01 4.491360000000000352e-01
-9.375402482999932730e-01 -3.409900903084826518e-01 6.887699999999995215e-02
3.988330714623676831e-01 9.170231643109643116e-01 8.350000000000765664e-04
9.727809424904997060e-02 -7.119496897810075886e-01 6.954599999999999671e-01
-3.115339189760920058e-01 9.086227636849065759e-01 -2.781209999999998961e-01
-4.320435069574202758e-01 -8.975810532165587330e-02 8.973750000000000338e-01
-9.499797700033631997e-01 3.080999254068892551e-02 3.107880000000000087e-01
1.467220050633104012e-01 -8.119810280210997266e-01 -5.649419999999998332e-01
-1.722010788222487765e-01 -9.085734158847339481e-01 3.805800000000000294e-01
5.072090635904402678e-01 -8.485781063889810127e-01 -1.505130000000000079e-01
-7.308084370678030739e-01 -6.541363912132661662e-01 -1.949990000000000057e-01
7.774178163214479076e-02 9.495829035771380378e-02 9.924410000000000176e-01
3.839763675922155395e-01 -2.939592814161304246e-01 8.752999999999999670e-01
7.882081332548823704e-01 -2.136560361208020842e-01 5.771300000000000319e-01
-7.523326804215872965e-01 -3.014468719503815008e-01 5.857689999999999841e-01
-9.757317057403692706e-01 1.654969500896904533e-01 -1.433819999999999539e-01
