7.716531712561071066e-01 1.794300398216339132e-01 6.102100000000000302e-01
-1.697218829289750541e-01 1.027201395980520265e-01 9.801239999999999952e-01
9.363310590039041204e-01 -3.353630211332598310e-01 -1.039990000000000636e-01
-5.565317854396719666e-01 6.730897405029517833e-01 4.870550000000000157e-01
5.216911463794966508e-01 -5.501691543700414355e-01 6.520369999999999777e-01
-8.244700398448218115e-02 -6.398290309215287630e-01 7.640820000000000389e-01
-4.995300666203301154e-01 -8.642341152594524845e-01 -5.974199999999995486e-02
7.405013373515126895e-01 -5.129432336824624183e-01 4.342200000000000504e-01
7.273895758444801074e-02 -9.060284716765405477e-01 4.169189999999999285e-01
-8.946824135375991416e-01 -4.220891950968853057e-01 -1.462330000000000296e-01
-6.267029134436452598e-01 6.540009532316882037e-04 7.792580000000000062e-01
6.650779138271391000e-01 -4.580009406577026931e-01 5.898360000000000269e-01
3.719532174746373321e-01 -7.903125868455623815e-02 9.248809999999999532e-01
-9.030354058578940468e-02 2.671876406978261342e-01 9.594040000000000346e-01
-8.787413765804291677e-01 -4.358341867746635123e-01 1.945820000000000327e-01
6.052842933085187394e-01 -4.316802091834929384e-02 7.948380000000000445e-01
-5.828070696148211424e-03 1.254565218231426249e-01 9.920820000000000194e-01
1.614598647364066664e-01 1.438908794548884595e-01 9.763330000000000064e-01
3.590811063480912613e-01 -6.290831863138854896e-01 6.894310000000000160e-01
-4.834029554710686516e-01 5.985279448662660373e-01 6.388160000000000505e-01
-2.697765620500864325e-01 -2.331967570259843858e-01 9.342589999999999506e-01
4.591700725604770383e-01 -6.824571078454721995e-01 5.686959999999999793e-01
-6.624362352290700251e-01 -3.615561283874692555e-01 6.560909999999999798e-01
-6.959666854418444792e-01 5.887407339050804156e-01 4.111139999999999239e-01
3.553218768544726403e-01 7.943507246982375314e-01 4.926999999999999713e-01
-3.270270816790015189e-01 8.921952228366366588e-01 -3.115140000000000686e-01
-5.184982421282675613e-01 -8.244083849821619570e-01 -2.269589999999999941e-01
-2.526399885885161622e-01 5.257439762526950888e-01 8.122599999999999820e-01
-4.086420963394130634e-01 4.957441168741489879e-01 7.663219999999999477e-01
9.601696722012618146e-01 1.217619584308716474e-01 2.514919999999999933e-01
-4.739971610266857649e-01 7.851282667243881797e-01 3.986229999999999496e-01
2.113897855728405217e-01 -1.618330702744917304e-01 9.639109999999999623e-01
2.298461020745480032e-01 -8.641473837674547021e-01 4.476829999999999976e-01
-3.189401698817792563e-01 8.300074420990343205e-01 4.575639999999999707e-01
-7.409224478893539079e-01 -5.755303479094431990e-02 6.691200000000000481e-01
-3.612068800479232844e-01 -8.292237246256555228e-01 4.265180000000000637e-01
3.041471377778419694e-01 -4.095351855183463341e-01 8.601020000000000332e-01
7.936291418940684406e-02 -6.072983433629346450e-01 7.904999999999999805e-01
-6.117628346743611001e-01 -7.899137865300177586e-01 4.221899999999990244e-02
5.984551061259961724e-01 -7.601861348062871615e-01 2.529200000000000337e-01
1.290710502203951393e-01 -8.119243159125141274e-01 5.693150000000000155e-01
-8.513380293307751812e-01 -2.638840090914799097e-01 4.534190000000000165e-01
-9.024670502449747556e-01 3.367360187478231071e-01 2.686299999999999799e-01
-2.974651696209927310e-01 -3.903102225632247846e-01 8.713049999999999962e-01
-2.080090762258973713e-01 -9.729293565345065176e-01 -1.007009999999999017e-01
-5.759758341010156046e-01 -7.909177721910409797e-01 2.066420000000000756e-01
-3.871507125488304335e-01 -9.240817007674621830e-02 9.173740000000000228e-01
9.443599427365713395e-02 -9.732469409849412445e-01 -2.094569999999999210e-01
7.809915125670260361e-01 -3.640557727852541947e-01 5.074600000000000222e-01
-5.360874400416983931e-01 -4.765963912091010779e-01 6.967539999999999845e-01
-9.885500758158287660e-01 -1.359390104257021947e-01 6.549299999999994015e-02
1.829428386638835557e-01 4.076296405140335533e-01 8.946340000000000403e-01
-8.767115101716945746e-01 4.504517483276834766e-01 -1.687310000000000199e-01
9.567695187641470089e-02 5.383927291992698372e-01 8.372450000000000170e-01
4.836801260771313865e-02 -1.899170495041981321e-01 9.806080000000000352e-01
8.611959849914021525e-01 9.953399826535913597e-02 4.984319999999999862e-01
-3.726809655120117415e-01 -9.142939153910161210e-01 -1.586680000000000867e-01
2.508228222933988061e-01 -5.569326054162874184e-01 7.917790000000000106e-01
8.997481639360486172e-01 4.356250793718254299e-01 -2.615399999999991343e-02
-1.229389943173913036e-01 9.913509541767882016e-01 4.592699999999997479e-02
-4.829882367005967625e-01 3.687601807202504911e-02 8.748500000000000165e-01
4.676482692159789623e-01 8.774715051432149249e-01 -1.065310000000000840e-01
-6.257739474990845485e-01 -7.173529398158293713e-01 -3.062869999999999204e-01
-7.617701614617171657e-01 2.557930542168595500e-01 5.952110000000000456e-01
-4.123921163008640867e-01 9.007032540120495367e-01 1.366250000000000242e-01
-5.907989262008677134e-01 -6.505929187317534002e-01 -4.771639999999998660e-01
7.112141522729722443e-01 -6.822001460609909973e-01 1.696389999999999287e-01
-6.150697550543411385e-01 5.961977625699318439e-01 -5.159820000000000517e-01
-3.679600688903598982e-02 -5.009200937834517031e-01 8.647110000000000074e-01
-2.565595157670092497e-01 2.426874878797788682e-01 9.355639999999999512e-01
-2.338696608078212613e-01 -6.785861142577719052e-02 9.698970000000000091e-01
-6.258900648082800500e-02 9.268930959758751031e-01 3.700700000000000101e-01
8.335711660332866257e-01 4.210300838620761876e-01 -3.576209999999999112e-01
9.372306581617212418e-01 -1.480419460043228830e-01 3.157250000000000334e-01
-7.772042525923197887e-02 -4.546466378985063866e-02 9.959379999999999900e-01
4.394479434069183954e-01 2.215174673912416459e-01 8.705260000000000220e-01
6.800236716987415608e-01 -6.448836886635931354e-01 3.488450000000000717e-01
9.870504046000473375e-01 1.305710535221445701e-01 9.318099999999997218e-02
8.420490139686543918e-01 -4.149410068834086251e-01 3.446409999999999751e-01
3.085790994484961525e-01 -9.393863027442730385e-01 1.494400000000000728e-01
2.891281709284119206e-01 -7.540094457595282185e-01 5.898090000000000277e-01
1.582210125420054070e-01 -8.529580676130465999e-01 -4.974220000000000308e-01
-6.210347530433136809e-01 7.118307169379742838e-01 3.280440000000000578e-01
1.872148984812664341e-01 6.427406514688869255e-01 7.428559999999999608e-01
6.332980200106065327e-01 7.632750241175492167e-01 1.278469999999999607e-01
6.979346183634609346e-01 -3.015468351116459278e-01 6.495819999999999927e-01
-7.853895615345793946e-01 -5.647526847112115389e-01 2.534120000000000816e-01
-2.394970529153933880e-01 -6.546181446338324994e-01 7.170189999999999619e-01
-6.619261451923649231e-01 -1.811110397263961114e-01 7.273600000000000065e-01
6.044998638642833273e-03 8.519188081445666638e-01 5.236389999999998546e-01
-8.178002783677451593e-02 7.653362605097293603e-01 6.384140000000000370e-01
-8.379969661565010997e-01 -1.055869957357441075e-01 5.353620000000000045e-01
-6.678005179309374206e-01 -6.788775099347242881e-01 3.052340000000000608e-01
7.517692058274970668e-01 -6.096921669281099021e-01 -2.512340000000000684e-01
6.979145639874022589e-01 6.884895698755386095e-02 7.128640000000000532e-01
7.132811494135222752e-01 5.916561239362985170e-01 3.757300000000000084e-01
8.250536434719030199e-01 2.871198759277002743e-01 4.866710000000000758e-01
-5.627285226859687350e-01 1.635558612696809411e-01 8.103000000000000203e-01
-1.443937741010117570e-01 -3.728054167590190704e-01 9.166060000000000318e-01
-4.152102008771755837e-01 2.085771009088379646e-01 8.854919999999999458e-01
-1.991689737355550327e-01 -5.241559308794718763e-01 8.280049999999999910e-01
-8.575614178782743624e-02 5.406178938489420993e-01 8.368860000000000188e-01
1.730330936618634796e-01 8.262574472486191590e-01 5.360579999999999234e-01
-7.896379909701861655e-01 6.073139930551313403e-01 8.741600000000006310e-02
-9.470953874686418583e-01 -2.927221197563028010e-01 1.316210000000000435e-01
2.741789208247471521e-01 7.283997896583832565e-01 6.279010000000000424e-01
-8.047972604496690385e-01 6.491802100886515103e-02 5.899889999999999857e-01
-1.321100549863083173e-01 4.681231948403269949e-01 -8.737319999999999531e-01
-6.088597114838042446e-01 -6.492216923577481813e-01 4.558519999999999239e-01
-1.741078465650951757e-01 4.002446472789677467e-01 8.997169999999999890e-01
9.824316264833360401e-01 -1.848409297242011029e-01 -2.572799999999991066e-02
-1.115999522127102085e-03 4.165808216193667701e-01 9.090979999999999617e-01
-6.991938871022129742e-01 7.149298845613447639e-01 -1.779999999999934412e-03
7.105774221496145016e-01 -1.206550716804255102e-01 6.931969999999999521e-01
-4.988949199849827543e-01 -7.666298770444429644e-01 -4.042059999999999542e-01
-3.312411896288633417e-01 6.365743644259133083e-01 6.964569999999999927e-01
9.648410516187433394e-01 -1.840930098489277911e-01 -1.875940000000000940e-01
-7.520157679686326757e-01 4.462288623179226366e-01 4.851309999999999789e-01
9.413609076650923946e-01 -3.304459675876726954e-01 6.815499999999995173e-02
-4.074851450581882251e-01 7.244222578827264059e-01 5.560289999999999955e-01
4.483900049856746617e-01 6.898820076708384041e-01 5.683390000000000386e-01
-3.294539752671901134e-01 7.565122394677910311e-02 9.411359999999999726e-01
4.941328852055427157e-01 -1.563329636815150858e-01 8.552149999999999475e-01
-9.794313034108558247e-01 3.116900965561930290e-02 -1.993559999999999222e-01
-5.240722411306591999e-01 -7.699283542514123724e-01 3.640860000000000762e-01
6.672782596835458158e-01 5.155852006494158202e-01 5.375050000000000106e-01
1.508650457923632338e-01 -9.813722978778584016e-01 1.189459999999998990e-01
4.178879765225704812e-01 -4.871029726339919930e-01 7.668770000000000309e-01
-8.414510072655077000e-01 3.281760028336355162e-01 4.292560000000001375e-01
4.829962062339908102e-01 3.519101502617075911e-02 8.749149999999999983e-01
2.368268658765599333e-01 -1.299999263764384716e-03 9.715510000000000534e-01
1.875450323343047510e-01 -6.908561191092719156e-01 6.982439999999999758e-01
-3.595343231611607959e-01 -5.324984786269777448e-01 7.662769999999999859e-01
-5.339186634627199890e-01 -5.997166219892381411e-01 5.960459999999999647e-01
-5.626698449308117356e-01 -2.975629179930459611e-01 7.712710000000000399e-01
8.713064610343175254e-01 3.684081949357985164e-01 3.241920000000000357e-01
-9.116534349935857540e-01 -2.867991368456259127e-01 2.943370000000001263e-01
9.396833682105173446e-01 2.762891082625902328e-01 2.016420000000000434e-01
5.496642488881060551e-01 -7.163753243749215738e-01 4.297390000000000376e-01
6.017034797541036539e-01 4.239723380443621292e-01 6.769049999999999789e-01
9.285941285701804215e-01 1.566900216948004937e-02 3.707659999999999290e-01
5.788307052745451653e-01 1.466259253419140707e-01 8.021570000000000089e-01
-2.482128688801037431e-01 7.556826008062568212e-01 6.060809999999999809e-01
-6.233178552449095688e-01 5.430488738860306253e-01 5.626480000000000370e-01
7.976283879056454973e-01 -1.981540963670473665e-01 5.696700000000000097e-01
8.822472851491522938e-01 -4.707051521355490320e-01 -8.739999999999987362e-03
2.660603646930577715e-01 2.654383661782845349e-01 9.266900000000000137e-01
-3.256700273103104587e-02 -8.448500708481456734e-01 5.340110000000000134e-01
9.651172833102614756e-01 1.361240399592236472e-01 -2.236489999999999034e-01
3.671997429626890248e-03 6.561575406942121713e-01 7.546150000000000357e-01
-1.124668260484706916e-01 -2.125286712836247927e-01 9.706609999999999960e-01
7.247080023575984686e-01 3.597090011701946088e-01 5.877139999999999587e-01
-3.752992011058970956e-01 8.780364705001013625e-01 2.969890000000000585e-01
-4.605598043186608925e-01 8.694776305788187720e-01 -1.785870000000000513e-01
2.519901295410862385e-01 8.796104521831618062e-01 4.034679999999999378e-01
7.956618313755314809e-02 -2.381775547614263522e-02 9.965450000000000141e-01
-4.230896861284043631e-01 -2.497534050273757522e-01 8.709869999999999557e-01
-1.175800025751387069e-02 -9.960040218136391177e-01 8.853100000000002634e-02
5.308610380155323050e-01 5.666780405804264786e-01 6.301290000000000502e-01
-9.914359926168222481e-01 2.472299981588881382e-02 1.282319999999999016e-01
-7.655887822424485289e-01 -3.895408892023077829e-01 5.119880000000001097e-01
9.727919984305188894e-01 -1.833229997042307435e-01 1.416630000000001222e-01
1.545002041080413731e-02 -3.493524615246122456e-01 9.368640000000000301e-01
-1.783290270190010796e-01 -9.823091488316986197e-01 5.716199999999996978e-02
-8.977697633128248200e-02 -9.210537571742554164e-01 3.789460000000000606e-01
3.431118116367858351e-01 1.121939384072185020e-01 9.325700000000000101e-01
-2.559829211302910856e-01 -9.093187198340322297e-01 3.280430000000000290e-01
-8.146523173918707172e-01 4.752771851699329475e-01 3.323449999999999460e-01
-7.329720010787178497e-01 -6.799070010006221798e-01 -2.187499999999998126e-02
-1.411270480013455120e-01 -9.658953285286279167e-01 2.170929999999999804e-01
-7.323798782949973996e-01 -5.425479098407851586e-01 4.114140000000000019e-01
-6.683508533447600763e-01 7.256038407818214964e-01 1.637260000000000659e-01
9.036756066531528298e-01 2.075619096536166774e-01 3.745509999999999673e-01
-8.149399289240658595e-01 -5.151499550705972430e-01 -2.655060000000000198e-01
-1.973161269163536957e-01 -8.510555474102319273e-01 4.865909999999999402e-01
-5.372215652713843159e-01 -1.283771350800592403e-01 8.336139999999999661e-01
2.112099338383359795e-02 -9.672696970020718821e-01 2.528699999999999282e-01
-9.159744698644717298e-01 -1.292909251707168028e-01 3.798349999999999782e-01
9.216318078558022320e-01 -1.829069618670805530e-01 -3.422570000000000334e-01
-4.220119425894947041e-01 -8.655438822514089914e-01 2.697030000000000816e-01
-8.533162392366199223e-01 1.806178389724331368e-01 4.891099999999998782e-01
8.741510166073275245e-01 -9.168100174177734596e-02 4.769219999999999016e-01
-8.176779515069928506e-01 -5.689769662563923802e-01 8.756699999999999207e-02
-4.432688838925725183e-01 -4.012038949108457930e-01 8.015910000000000535e-01
-4.896983920925504497e-01 3.346372679379429615e-01 8.051169999999999716e-01
9.566655436337540008e-01 2.892021643417172494e-01 3.395799999999993268e-02
-4.405258621033579236e-01 8.974607190702517112e-01 -2.238799999999995308e-02
2.549270393082579966e-01 -9.506331465820692106e-01 -1.769430000000001002e-01
-7.618041986437645852e-01 -2.368790617672477949e-01 6.029449999999999532e-01
-3.080448603345214975e-01 -9.366755753175617372e-01 1.665750000000000841e-01
-8.600949943564231148e-01 4.794759968538827022e-01 1.741819999999999202e-01
5.691990764175778317e-01 -4.000880537136500270e-01 7.182910000000000128e-01
-3.371805640982073471e-01 3.737705167952852792e-01 8.640630000000000255e-01
3.908889447597564404e-01 8.633208779958956303e-01 3.191910000000000580e-01
-8.258761467864873529e-01 -5.572760990470561060e-01 -8.585999999999993637e-02
5.258257688861887047e-01 3.258738567701441879e-01 7.856929999999999747e-01
-9.574885985297300062e-01 2.440398976752679999e-02 2.874369999999998870e-01
9.520096739720484980e-02 9.154636864876926072e-01 3.909769999999999079e-01
-4.569647952692169612e-01 -7.268356743608300752e-01 5.127309999999999368e-01
-8.993409731553650421e-02 -7.514978131778160542e-01 -6.535769999999998525e-01
-1.775839813285824687e-01 9.421949009363664862e-01 -2.841349999999999709e-01
-3.450480910538378243e-01 -9.385782476789573670e-01 3.561999999999996593e-03
8.184213695448414039e-02 2.838014749128754399e-01 9.553840000000000110e-01
2.840410839807057664e-01 -9.587152834575370930e-01 -1.362599999999988820e-02
-6.588737332293647109e-01 -5.023905590866530879e-01 5.599009999999999820e-01
3.621887902607517362e-01 3.768717817580048424e-01 8.525179999999999980e-01
2.391601896708607164e-02 -7.375855849572752199e-01 6.748300000000000409e-01
-1.686550814318392988e-01 6.571423172884390818e-01 7.346559999999999757e-01
4.495151491248893239e-01 4.785371587528272630e-01 7.542799999999999505e-01
-2.991917444130022252e-01 -7.580453524335497573e-01 5.795270000000000143e-01
-8.064557558542063687e-01 5.855608227277679934e-01 -8.214400000000005031e-02
6.828496289891755611e-02 9.697554731054077726e-01 2.343320000000001235e-01
-8.964040284990910656e-01 2.526900080336950960e-02 4.425170000000000492e-01
-1.375258795617364804e-01 -7.609863335663594741e-01 6.340240000000000320e-01
3.832419183250184158e-01 -7.967998301892137425e-01 4.671569999999999889e-01
-5.890949411756342124e-01 8.030289198131510542e-01 -9.006500000000006168e-02
3.453634091186474353e-01 -2.487352946526604491e-01 9.049059999999999881e-01
-5.277837690516267166e-01 8.159886429385271311e-01 2.358110000000000761e-01
3.665431848941121395e-01 6.124403089311486470e-01 7.004019999999999690e-01
9.197507067586965235e-01 -3.048029028206231672e-01 2.472929999999999573e-01
-6.832675559882522842e-01 3.926383194975249236e-01 6.156139999999999946e-01
7.803734361947914921e-01 4.480166763163328514e-01 4.362319999999998976e-01
9.990149238570391610e-01 -2.818399785187088863e-02 3.427599999999996622e-02
7.966710921860805650e-01 -1.060700122737962860e-02 6.043199999999999683e-01
-5.526852308194349916e-01 4.516091886067729599e-01 7.004200000000000426e-01
8.709811641639120250e-01 -2.593920488906250599e-01 4.172620000000001328e-01
-2.200599452601432193e-01 9.145317725104485929e-01 3.394190000000000818e-01
-2.320950097964472048e-01 -9.387530396236205554e-01 -2.547050000000001257e-01
6.602599308599595984e-01 2.541919733819326677e-01 7.067130000000000356e-01
7.890521350545390833e-01 -5.559320951536019795e-01 2.614120000000000332e-01
-4.157698159390407072e-02 -9.963865589004802237e-01 -7.406199999999997508e-02
4.635486277198765381e-01 -3.287077360118244029e-01 8.228450000000000486e-01
2.776980089751194258e-01 5.175510167270994666e-01 8.093360000000000554e-01
6.027335238643591886e-01 -2.313118172728146349e-01 7.636800000000000255e-01
-5.642802227963057415e-01 8.224033247117570333e-01 7.239200000000001189e-02
-7.010665536157435485e-01 1.295839174911135872e-01 7.012230000000000407e-01
1.800903711074126057e-01 -3.181856556766732291e-01 9.307659999999999823e-01
7.354862785877429587e-01 6.472432451630167893e-01 2.003399999999999626e-01
4.694269110908278475e-01 -8.182918450160211465e-01 3.317179999999999573e-01
-7.095618939131304037e-01 -6.894418969212788850e-01 1.455740000000000367e-01
-3.956018871962116434e-01 -6.414718170877001802e-01 6.572770000000000001e-01
-6.300158337421881694e-01 2.831129252880120739e-01 7.231370000000000298e-01
