3.577164039013163710e-01 -1.372097713536108710e-01 9.236950000000000438e-01
8.385424513267895064e-01 -3.378307789513246284e-01 4.274540000000000561e-01
-3.179952528271476897e-01 -2.672783719933181090e-01 9.096379999999999466e-01
-5.294431414990113938e-01 8.282002213448494965e-01 -1.837780000000000524e-01
-6.899711742061416242e-01 5.308261340246901439e-01 4.921010000000000661e-01
-2.790278817150128043e-01 -9.421526006043994261e-01 1.857199999999999407e-01
-4.644201467343412465e-02 9.139952887783789892e-01 4.030580000000000829e-01
-6.308515334142913433e-01 -1.093600924690407566e-01 7.681580000000000075e-01
-2.768531221910198736e-01 -5.997622647091795933e-01 7.507580000000000364e-01
3.045431910089096972e-01 2.231791399775317764e-01 9.259830000000000005e-01
-8.546423573131687323e-01 1.612658787288556439e-01 4.935379999999999767e-01
6.104668659439055345e-01 7.054938450763590385e-01 3.600119999999999987e-01
-6.212375048702969416e-01 2.544782068105786443e-01 7.411510000000000042e-01
8.906732097378645685e-01 -4.107400967220634636e-01 -1.949200000000000654e-01
3.509408794370221241e-01 9.145686858071236935e-01 2.010089999999998822e-01
4.126106528386660338e-02 -3.558205629845477280e-01 9.336430000000000007e-01
8.266419943330585163e-01 5.518159962170938737e-01 1.102819999999999495e-01
-0.000000000000000000e+00 0.000000000000000000e+00 1.000000000000000000e+00
-4.073531813609060359e-01 7.813703478800233526e-01 4.727830000000000088e-01
-9.175193267754098991e-02 -8.651173652250520041e-01 4.931059999999999888e-01
7.596001353581365023e-02 -6.596381175452484813e-01 7.477350000000000385e-01
6.290560284209029129e-01 1.479650066850946855e-01 7.631480000000000485e-01
8.448824347986386707e-01 2.173148546227893496e-01 -4.888230000000000075e-01
9.320999042092258380e-01 3.297699661099414148e-01 -1.498049999999999937e-01
3.999399559301190510e-01 -4.880679462191861995e-01 7.757819999999999716e-01
5.422985391145015432e-01 4.979445768097865432e-01 6.767300000000000537e-01
8.056366567060875283e-01 3.804328378918384046e-01 4.541149999999999909e-01
2.841139167654788689e-01 7.913327681697369664e-01 5.413609999999999811e-01
9.702250751701291254e-01 -2.056000159292726559e-01 1.280310000000000059e-01
3.166627892106924635e-01 -7.977054690004979909e-01 5.132160000000001165e-01
6.023451674558184532e-01 7.963242213832391059e-01 -5.520899999999995950e-02
6.604862284201235001e-01 -7.301832525238856064e-01 -1.749010000000000287e-01
-7.462846710344274159e-01 -5.826387431702739761e-01 3.218559999999999754e-01
1.642130036129695880e-01 -9.591690211033749858e-01 2.302799999999999847e-01
2.134003139825400575e-01 5.486478072426367314e-01 8.083599999999999675e-01
-9.165906458663336531e-02 7.114005012811723816e-01 6.967839999999999590e-01
8.065641905897583674e-01 -5.755481360010541447e-01 1.349020000000001052e-01
6.217728056773241807e-01 -6.082928098902276037e-01 4.933339999999999947e-01
6.536885369015009717e-01 -2.269068392503298670e-01 7.219449999999999479e-01
-3.461652811082743808e-01 1.089490884736047105e-01 9.318260000000000431e-01
9.690870058125061748e-01 1.696740010176910340e-01 1.791119999999999657e-01
9.823858225084103335e-01 -2.835499487698926735e-02 -1.847000000000000308e-01
8.664613573712622863e-01 1.898600783076305129e-02 4.988829999999999654e-01
3.450038486616996414e-01 -9.294915922721490587e-01 -1.304520000000000957e-01
-3.884194129329671119e-01 5.187855515266487361e-01 7.615720000000000267e-01
-5.993087876383016432e-01 -4.595748371522412890e-01 6.554539999999999811e-01
2.171100443658738680e-02 9.975092038384180126e-01 6.711200000000007437e-02
-4.590780083417511648e-01 -7.635620138744273477e-01 4.541149999999999909e-01
-8.337294561193335507e-02 3.666417608224540881e-01 9.266189999999999705e-01
