-6.449933747772020887e-01 3.595442089152818266e-01 6.743230000000000057e-01
4.972720189738191188e-01 -4.727170180369030250e-01 7.275019999999999820e-01
1.620320474588900217e-01 -9.828252878677268267e-01 8.831799999999993822e-02
-3.771199211800344703e-02 -8.501508223141889253e-01 -5.251870000000000704e-01
-4.191238858841544457e-01 -2.208424129563121008e-01 8.806610000000000271e-01
8.940619299582921453e-01 -3.678459711825778911e-01 -2.556220000000000714e-01
5.025799721813949822e-02 -7.019639611451726768e-01 7.104369999999999852e-01
8.045891861115455068e-01 2.351420543912991767e-01 5.452930000000000277e-01
8.338180148719761542e-01 -5.485500097839367539e-01 6.197100000000008158e-02
9.245514629860992484e-01 -2.985748265766280385e-01 2.367649999999999755e-01
-3.770189486640208587e-01 4.665849364684596101e-01 8.000969999999999471e-01
-7.744801314838022366e-01 -6.325941073957552785e-01 2.284999999999944627e-03
-4.206340757647251682e-01 -8.192461475628405321e-01 3.897469999999999546e-01
-4.025000159245881171e-01 8.441550333983125487e-01 3.541130000000000666e-01
5.999402027437024110e-01 -7.910802673375472160e-01 1.194310000000000510e-01
8.967790472001462287e-01 1.736110091376633080e-01 4.069969999999999977e-01
-8.796278547416592763e-01 4.647469232534912620e-01 1.013170000000000043e-01
-5.803313871751553110e-01 -1.715631144604221059e-01 7.961040000000000338e-01
9.772336066153345380e-01 -1.982549201926284976e-01 7.556100000000007255e-02
-5.636571240759867818e-01 -7.819591721300975795e-01 2.661400000000000432e-01
-3.789119195900079173e-01 9.115578065556870779e-01 1.596499999999999031e-01
7.027496151594214702e-01 3.650788000751140627e-01 6.106230000000000269e-01
-9.702036136796297061e-01 -2.301999083378863248e-02 2.411950000000000482e-01
1.212689546488455172e-01 -3.044848861312762778e-01 9.447659999999999947e-01
-2.804999247721750438e-02 9.985447321983268454e-01 4.606099999999990757e-02
-1.186116662025332585e-01 -1.273205682702481523e-01 9.847439999999999527e-01
4.478667541905319016e-01 2.586904356248268672e-02 8.937260000000000204e-01
-1.081210494488940854e-01 9.033484131441588127e-01 4.150560000000000915e-01
6.444716518473248001e-01 -3.872977907762713556e-01 6.592850000000000099e-01
-8.304298383644358184e-02 6.718108692381660196e-01 7.360529999999999573e-01
5.941301363588225720e-02 -8.974942059839176034e-01 4.370059999999999500e-01
1.868579940297808717e-01 8.786099719279120146e-01 4.394640000000000768e-01
-5.222569184033063472e-01 -6.040329056267400576e-01 6.019900000000000251e-01
-1.896110433612005208e-01 2.446623462886698408e-01 9.508879999999999555e-01
4.607786702309006333e-01 2.263723292724683644e-01 8.581600000000000339e-01
-8.007917574209557632e-01 5.333228384437115333e-01 2.725790000000000157e-01
8.540223351122914197e-01 -4.732491856996152713e-01 2.160580000000000556e-01
-6.343403737061871495e-02 -5.882573465574933991e-01 8.061819999999999542e-01
-2.656709001243066082e-01 -8.950756635073600087e-01 3.581320000000000059e-01
-1.137919795914133780e-01 -9.801378242123233164e-01 -1.624230000000000673e-01
4.250471513101975463e-01 5.748722046455941870e-01 6.991829999999999989e-01
-3.645139430272191228e-01 -9.297678546791932064e-01 5.158799999999998803e-02
4.008647339947198907e-01 -3.602207609651927323e-01 8.423469999999999569e-01
2.872281232510349169e-01 -9.302523991759915623e-01 2.283209999999999129e-01
-8.789580754979858801e-01 2.594160222825045437e-01 4.001700000000000257e-01
2.513459605312942102e-01 9.263738545320681084e-01 2.804580000000000406e-01
-6.734398782381252335e-01 6.947768743802712477e-01 2.525149999999998784e-01
-2.627989635441842498e-01 8.369508838970795006e-01 4.800519999999999232e-01
-2.159259981310872878e-01 9.716449915900836620e-01 9.634299999999991482e-02
-6.892350276344522131e-01 5.989680240152523982e-01 4.076669999999999461e-01
-3.363090853108336581e-02 3.589180238193310779e-01 9.327630000000000088e-01
5.357401757294895372e-02 9.408813086208553944e-01 3.344730000000000203e-01
-2.593808897920212853e-01 7.193996943352836126e-01 6.443489999999999496e-01
9.369873864827189536e-01 2.419650998042567058e-01 2.520069999999999255e-01
2.330880870891327283e-01 -4.278661598644241115e-01 8.732699999999999907e-01
-5.670255917626439990e-01 -6.988754968356118980e-01 4.359529999999999794e-01
8.754341386934071378e-01 4.011350635510842477e-01 2.696400000000001018e-01
3.333160322622343297e-01 -5.425530525146469163e-01 7.710620000000000251e-01
5.615358721517325069e-01 6.215368584909450878e-01 5.462320000000000508e-01
7.796426054723240018e-01 -3.010538476557411691e-01 5.491120000000000445e-01
-7.746838683472576648e-01 6.218068943277557103e-01 1.149829999999999047e-01
1.264713827780584166e-01 4.389563285444303409e-01 8.895629999999999926e-01
-7.673068763275279203e-01 2.977819520043007429e-01 5.679490000000000371e-01
-1.543489354512119494e-01 -4.272068213419323301e-01 8.908819999999999517e-01
9.657351434162182446e-01 6.224800924412261099e-02 2.519539999999999003e-01
9.965235318308096613e-01 -1.261599407297515733e-02 8.235099999999993814e-02
4.038386016215917418e-01 7.103342992699402947e-01 5.764890000000000292e-01
-1.117408964970596080e-01 7.970512617103328035e-01 5.934840000000000115e-01
1.732870021097145385e-01 9.848220119898963842e-01 -9.860000000000066628e-03
1.138556756682601034e-01 -1.320539435008439011e-01 9.846819999999999462e-01
1.086319387424062866e-01 -9.576244599951830860e-01 2.667479999999999296e-01
-3.459258185269505348e-01 -3.958697923262891605e-01 8.506599999999999717e-01
2.296689150777933286e-01 7.784337121669315795e-01 5.842030000000000278e-01
-2.491180579370995685e-01 9.231402146936552588e-01 2.928350000000001230e-01
6.953759116292208553e-01 -2.027789742301456533e-01 6.894439999999999458e-01
-2.430902997975529500e-01 -2.640173256063619300e-01 9.333820000000000450e-01
2.376549272238614730e-01 -8.830337295920360763e-01 4.046870000000000189e-01
4.411892522328314525e-01 -1.634587229554758381e-01 8.824020000000000197e-01
3.119198032320298630e-02 -4.562827121637603733e-01 8.892879999999999674e-01
6.366258266584005066e-01 -7.667697912225729384e-01 -8.228999999999998816e-02
-4.110168461331930034e-01 -7.345417250195684922e-01 5.399199999999998445e-01
-4.046502414470296016e-02 -8.034954794303256209e-01 5.939339999999999620e-01
4.475533321005395471e-01 4.108713868422869120e-01 7.942799999999999860e-01
-8.350542066750527015e-01 1.424840352646515595e-01 5.313970000000000082e-01
-8.175532194149492948e-01 1.231030330383943577e-01 -5.625409999999999577e-01
-5.543992870297407283e-01 6.265923244063200670e-01 5.477440000000000087e-01
-4.005671136458840431e-01 6.187911755587708340e-01 6.757539999999999658e-01
-7.520164373848690076e-01 -3.964627033895741781e-01 5.265819999999999945e-01
7.265541013210956578e-01 -6.850460955326255208e-01 5.320700000000010144e-02
-8.365900046094967846e-02 9.711880053511136035e-01 2.231480000000000130e-01
-5.216002717067949046e-01 -3.480411812981298869e-01 7.789740000000000553e-01
8.412065585634800335e-01 -3.750452490310820508e-01 3.895029999999999326e-01
-9.466794211713656093e-01 -2.150790956872564996e-01 2.398730000000000029e-01
-8.012726307062859599e-01 -5.694987375271588492e-01 1.833940000000000292e-01
1.004689489454285017e-01 5.978206962098256971e-01 7.953090000000000437e-01
8.260219963871566762e-01 5.700299975068108538e-02 5.607480000000000242e-01
1.435989290484094572e-01 -5.771607148274645605e-01 8.039060000000000095e-01
-6.786693714564505653e-01 -2.878641575568350874e-01 6.756790000000000296e-01
-1.748721866407992320e-01 6.141276791893843928e-02 9.826740000000000475e-01
1.600542821657968129e-01 7.549518972352796398e-02 9.842170000000000085e-01
5.763627829868770425e-01 -5.685227859388065630e-01 5.870159999999999823e-01
9.105765974866293355e-01 -1.777499214270164551e-02 4.129579999999999917e-01
-6.962409463397110088e-01 -6.454259502560953932e-01 3.141240000000000698e-01
5.868069293326688696e-01 7.757979065730741253e-01 2.319380000000001163e-01
-4.388351369964308413e-01 -5.108711594847803461e-01 7.392119999999999802e-01
8.908325198128849154e-01 -2.008298917462887911e-01 4.075350000000000361e-01
-7.227035507806017778e-01 -1.095809318864834625e-01 6.824160000000000226e-01
7.153758102969081101e-01 -4.741768742579525742e-01 5.132189999999998697e-01
-8.654344982027480926e-01 -3.162498166316582981e-01 3.885990000000000832e-01
7.080879611750334757e-01 1.707439906379855099e-01 6.851699999999999458e-01
-3.115168028200729911e-01 -9.431164030382249708e-01 -1.161410000000000498e-01
-7.996155098796132732e-01 4.256312714063265057e-01 4.236189999999999678e-01
7.773261485270732685e-01 5.382831028520832506e-01 3.256000000000000005e-01
3.571119689148471998e-01 8.274469279740912508e-01 4.333620000000000805e-01
-5.068503297874852320e-01 3.318652159315848005e-01 7.955929999999999946e-01
-6.720530833768533219e-01 -5.559820689767469570e-01 4.891099999999998782e-01
7.252565795082484001e-01 6.624666159128290710e-01 1.874589999999999868e-01
-6.113855785626394201e-01 -4.539854296126987210e-01 6.481550000000000367e-01
-1.209329666400849046e-01 -8.811657569263731116e-01 4.570799999999999863e-01
-6.451680409612602363e-01 1.981347054738513414e-01 7.379029999999999756e-01
-4.887460490362466881e-01 -8.679520870822644563e-01 -8.824100000000002775e-02
-8.796985939600714399e-01 -4.731927815897800094e-01 4.710599999999995346e-02
5.871719609685390751e-01 -8.876999409913485795e-02 8.045799999999999619e-01
-1.434007706263905682e-02 1.824529804904197750e-01 9.831100000000000394e-01
-4.132739104501018113e-01 7.439298388022093089e-01 5.251409999999999689e-01
-8.074846435797506938e-01 -2.244349009354000002e-01 5.455250000000000377e-01
7.173958261395044778e-01 -1.569399619656839523e-02 6.964890000000000247e-01
-6.819171292143116903e-01 -7.185751361605212661e-01 1.365240000000000620e-01
-3.552233497009023022e-01 2.915242869921312319e-01 8.881609999999999783e-01
-4.052527537181412898e-01 -8.872554607934873827e-01 2.203359999999999763e-01
3.149292419001550325e-01 1.509221159247169930e-01 9.370389999999999553e-01
-3.428071981613515229e-01 1.084307463764950519e-01 9.331270000000000397e-01
2.562870017194010530e-01 6.548360043932219821e-01 7.109900000000000109e-01
-3.339387821862849215e-01 -6.548485728708134390e-01 6.779809999999999448e-01
-0.000000000000000000e+00 0.000000000000000000e+00 1.000000000000000000e+00
4.528457708827968164e-01 -8.735795580126434201e-01 1.782959999999999545e-01
5.885050250604038080e-01 1.008180042931492576e-01 8.021829999999999794e-01
-5.078532405728549554e-02 -2.837078103179334621e-01 9.575649999999999995e-01
3.037396999824751864e-01 3.368067761871130217e-01 8.912369999999999459e-01
7.274402899835080705e-02 7.366512936553407664e-01 6.723489999999999744e-01
-6.801316851548852016e-01 4.856107752020915602e-01 5.491840000000000055e-01
9.237727137939596433e-01 -3.777068829777175951e-01 6.309899999999989129e-02
4.927200502580322827e-01 -7.235210738000117381e-01 4.834709999999999841e-01
-2.112433278628552125e-01 4.205906527829955666e-01 8.823149999999999604e-01
-8.377586405225841970e-01 -4.450503402707891437e-02 5.442240000000000411e-01
-7.776398853167361402e-02 -9.520588595941145149e-01 2.958659999999999624e-01
-5.275871036008770165e-01 8.206801611547811515e-01 2.193990000000000662e-01
2.419179310123757976e-01 -6.884378036785105959e-01 6.837609999999999522e-01
-9.919738773010470245e-01 9.232498858016349730e-02 8.639400000000009572e-02
-9.808929831677560829e-01 -1.751399969945760804e-01 -8.470499999999990537e-02
-2.994873962573367243e-01 -8.213883441467231816e-02 9.505580000000000140e-01
-8.896839620063562437e-01 -3.995729829363747765e-01 2.209160000000000568e-01
3.390929305334008936e-01 -9.399078074504276792e-01 3.986599999999994315e-02
2.891279215582945872e-01 -5.209380569108528619e-02 9.558720000000000550e-01
4.103842574627279971e-01 -8.383145259332950294e-01 3.589060000000000583e-01
-4.279910985601512730e-01 -8.645901991026008204e-01 -2.632630000000000803e-01
-2.822100358753673252e-02 -9.914791260397327610e-01 1.271719999999999795e-01
-1.566229901377640954e-01 -7.027909557466613943e-01 6.939410000000000300e-01
-9.525044515613974028e-01 1.757980833420022537e-01 2.486570000000000169e-01
5.748743422609270404e-01 4.785164525082357678e-01 6.637330000000000174e-01
6.393670497020514931e-01 -6.425160499468431929e-01 4.223540000000000072e-01
-5.300519509695391651e-01 4.980719539277285168e-01 6.862719999999999931e-01
4.193560948329326799e-01 -6.434851455173400403e-01 6.403649999999999620e-01
8.397333701795234306e-01 5.262672319942973687e-01 1.337559999999999583e-01
1.477482290672360310e-01 2.640226223612202605e-01 9.531330000000000080e-01
2.850648227355304098e-01 -2.357580263633892448e-01 9.290620000000000545e-01
-5.366761547043402691e-01 -8.391042418834283589e-01 8.878500000000004444e-02
2.820240948904865763e-01 5.060121702540384403e-01 8.151159999999999517e-01
-6.442588626227684356e-01 -7.632868372420794634e-01 -4.820500000000008806e-02
5.722666971476211284e-01 -7.631995961029807152e-01 3.000619999999999954e-01
-4.652124325385866288e-01 -3.606695600589228390e-02 8.844640000000000279e-01
9.612003923326636334e-01 -1.194590487595377087e-01 2.486430000000000029e-01
-6.152634126142844107e-01 1.240398815803868578e-02 7.882240000000000357e-01
-5.520568135645818053e-01 7.357737515214312074e-01 3.922629999999999728e-01
4.959921588385797775e-01 -8.680822779982581006e-01 -2.061399999999993446e-02
-2.484820503431497407e-01 -5.510951116533917560e-01 7.965870000000000450e-01
5.140008782939854415e-01 7.528278217441298770e-01 4.111610000000000542e-01
8.202831255486413564e-01 3.719620569307467983e-01 4.344879999999998743e-01
-5.771909594761152201e-02 5.237408706249593315e-01 8.499200000000000088e-01
-9.178389069177970150e-01 5.883299403347931611e-02 3.925690000000000013e-01
9.915244932092025509e-01 1.017820506289500299e-01 -8.074400000000010735e-02
7.187810089579783623e-01 -6.570090081881302391e-01 2.273610000000000908e-01
-2.257390698459673106e-01 -9.568092960465409691e-01 1.831879999999999897e-01
5.538508259931614885e-01 -2.816419115147684171e-01 7.835349999999999815e-01
-2.348459373337731249e-01 5.813188448810355791e-01 7.790479999999999627e-01
7.012578182714213071e-01 5.098348678780280085e-01 4.983029999999999959e-01
-7.948141611196014589e-01 -4.887820990827550505e-01 3.596699999999999897e-01
7.652958820366548842e-01 -5.399619167698201938e-01 3.503760000000001318e-01
-2.470029112270825944e-01 -7.974877133826865361e-01 5.504569999999999741e-01
1.478049528544176927e-01 -8.066127427134432981e-01 5.723019999999999774e-01
6.553813123502503224e-01 6.561773127296187669e-01 3.740409999999999568e-01
-5.003868359565568635e-01 1.528609498870978911e-01 8.522009999999999863e-01
-9.079268821314891991e-01 -1.325529827917611148e-01 3.976160000000000805e-01
-9.536484878076472160e-01 -2.913971490546670151e-01 7.511499999999991795e-02
5.910522231619108613e-01 2.995266063229822251e-01 7.489599999999999591e-01
-9.286889314183592870e-01 -3.590359734859809859e-01 -9.289799999999993896e-02
-9.544677619201307195e-01 2.825869295122770408e-01 9.558199999999993091e-02
-7.435024820497376785e-01 7.814205066338854311e-02 6.641519999999999646e-01
3.269630083934864095e-01 -7.796970200156473352e-01 5.340110000000000134e-01
