-9.479655683721246451e-01 3.331501997470084908e-02 3.166250000000000453e-01
-3.997188917032044042e-01 -6.809968154959037401e-01 6.135699999999999488e-01
-2.247071769665120455e-01 6.351905002396844857e-01 7.389449999999999630e-01
-6.258042843712624537e-01 -2.239037439583625722e-01 7.471520000000000383e-01
6.646217134655352243e-01 1.128809513342969167e-01 7.386040000000000383e-01
-8.550305372335372800e-01 -4.801577401251891364e-01 1.958860000000001156e-01
-2.561309586860341936e-01 8.372931339485009672e-02 9.630090000000000039e-01
-1.984270771825208945e-01 1.832360712736492425e-01 -9.628349999999999964e-01
1.683439322120789672e-01 8.965606389772947660e-01 4.096819999999999351e-01
-5.056361447133217446e-01 -8.609742464112668525e-01 5.527599999999991548e-02
6.903144821724374047e-01 -4.039096970140721443e-01 6.002690000000000525e-01
-2.785999945510087700e-03 -9.806879808192325854e-01 1.955590000000000939e-01
-9.663257732616914453e-01 -4.767898881262043476e-02 -2.528660000000000352e-01
-4.288781871871694684e-01 8.670933784495457042e-01 2.534020000000001271e-01
4.909978861737114841e-01 -8.117998118033453725e-01 3.160729999999999373e-01
1.096839804306698057e-01 -6.558628829838477614e-01 7.468690000000000051e-01
7.012644674337837891e-01 5.835723889851298640e-01 4.094770000000000354e-01
-8.622832694092693595e-01 5.064261582263117623e-01 3.310000000000811208e-04
-6.886464680417112572e-01 4.059652759161503921e-01 6.007980000000000542e-01
2.664288679769662438e-01 4.530887754817066737e-01 8.507209999999999495e-01
