-2.360269294181483735e-01 -6.344738102659875922e-01 7.360259999999999581e-01
-8.019256570785714411e-01 1.840999212747502405e-03 5.974209999999999798e-01
3.445210516119188299e-02 3.885981861524345771e-01 9.207629999999999981e-01
-6.244566620482779884e-01 -3.355258184156963419e-01 7.053199999999999470e-01
4.441095025669256624e-01 -3.392266200429409073e-01 8.292720000000000091e-01
7.074194663031848629e-01 6.437644243442760539e-01 2.917619999999999658e-01
-7.554752347088209419e-01 5.884421828154843270e-01 2.880850000000000355e-01
5.004743597344792905e-01 4.741893408411486655e-01 7.243410000000000126e-01
-5.225498965311471400e-01 6.047708802507668624e-01 6.009940000000000282e-01
9.819315835521856828e-01 1.371119418493411679e-01 1.304250000000000409e-01
8.238698676562739021e-02 8.822858582725218168e-01 4.634479999999999711e-01
2.464499184518904040e-01 -9.672096799588268956e-01 -6.138300000000009027e-02
-8.304006269261645645e-01 -4.984857760454480813e-01 -2.488910000000000566e-01
-2.572359726990545159e-01 -9.663148974431531313e-01 8.072999999999962151e-03
5.615512318119820767e-01 7.559223120496215698e-01 3.365140000000000908e-01
-1.765881069693542027e-01 9.478685741773381634e-01 -2.652579999999999383e-01
-9.642104189386997704e-02 9.065123938695490713e-01 4.110209999999999697e-01
-9.089990404741740693e-02 -3.063126766609085005e-01 9.475810000000000066e-01
-7.834789203785982314e-01 4.521449540505635412e-01 4.262929999999999775e-01
5.120533656060056726e-01 3.043322172931453018e-01 8.032329999999999748e-01
5.673229374293646821e-01 8.234869091767744731e-01 -3.740999999999907160e-03
7.616860516830400440e-01 -6.089720413208649097e-01 2.213310000000000000e-01
7.608959207207494080e-01 3.752269609043609178e-01 5.293790000000000440e-01
-6.016802539817056594e-02 9.922974188693050035e-01 1.082849999999999646e-01
4.811785895963759385e-01 6.222344692879384631e-01 6.174880000000000368e-01
2.564329035643235222e-01 -9.398296465620967211e-02 9.619820000000000038e-01
4.077600894967448042e-01 -6.671771464345932490e-01 6.233830000000000204e-01
8.267423258079450443e-01 -1.274200502145147740e-01 5.479610000000000314e-01
6.074306762320904607e-01 6.399546588964137861e-01 4.706230000000000691e-01
9.348362747857503763e-01 1.775230521811213547e-01 3.075169999999998738e-01
8.499390496969116970e-01 -5.240470306416313839e-01 5.457400000000005996e-02
6.004190022210294936e-02 -9.058635818222873781e-02 -9.940769999999999884e-01
3.485420072378317413e-01 -8.875630184311552595e-01 3.012479999999999603e-01
9.653239399001449783e-01 -1.800439887906875869e-01 1.890339999999999243e-01
1.347359692354677119e-01 7.741688232324904773e-01 6.184730000000000505e-01
-8.524812430441589539e-01 1.544260440271835455e-01 4.994279999999999831e-01
-2.678631998375791690e-01 -7.550835633251282708e-01 5.984129999999999727e-01
9.602078132840621283e-01 2.788839457699919255e-01 1.499000000000007791e-02
-4.542228727788004128e-01 8.221627697242035460e-01 3.431179999999999786e-01
-4.411908835647742055e-01 -7.472738027860563736e-01 4.969230000000000036e-01
4.305081255660007655e-01 -5.101601487980500504e-01 7.445800000000000196e-01
3.057929579743275394e-01 -9.443368702180970908e-01 1.213199999999999140e-01
6.770797489876666242e-02 -8.227076949993283872e-01 5.644179999999999753e-01
1.252811861261221293e-01 -5.507628182501356218e-01 8.252059999999999951e-01
6.337610411946965616e-01 5.000510325034978054e-01 5.901659999999999684e-01
6.307887978286615960e-01 -7.557627577738081914e-01 1.758639999999999093e-01
-8.367615628079148049e-01 -1.687069118538302992e-01 5.209300000000001152e-01
5.801340973262870682e-01 7.928431330114514841e-01 -1.866659999999999986e-01
-2.176899944148814325e-01 8.229389788864354127e-01 5.247690000000000410e-01
-5.885311479100656662e-01 1.701130427529306821e-01 7.903750000000000497e-01
-1.849560747229289370e-01 -9.686543913399073835e-01 1.658309999999998952e-01
6.408465777630969473e-01 3.359087786785677210e-01 6.902760000000000007e-01
-4.162220853337793569e-01 -9.083121862220060461e-01 -4.157100000000010093e-02
8.017069281788078428e-01 4.604699587486396628e-02 5.959410000000000540e-01
-5.698911511422041221e-01 -6.217331648913492215e-01 5.372820000000000373e-01
7.794791172012828229e-01 6.167910927397612930e-01 1.094579999999999304e-01
3.789732889795301984e-01 -7.962856071938243518e-01 4.714960000000000262e-01
3.891000389015582261e-02 -9.155480915349384352e-01 4.003220000000000112e-01
-7.103528981001081544e-01 -6.664899043922402067e-01 2.262519999999998976e-01
8.587006428425728588e-01 3.590198506736809181e-01 3.657020000000000826e-01
8.988096329639645443e-01 -3.093048736929039921e-01 3.105990000000000140e-01
-4.107149286429233048e-01 -6.390198889775172697e-01 6.503590000000000204e-01
-8.154611007223080410e-01 5.667780700060314203e-01 1.174130000000000174e-01
-3.374699505513879538e-01 4.784559298930713966e-01 8.106750000000000345e-01
9.761405392942699155e-01 -2.166428977517884380e-01 -1.468000000000005238e-02
4.278102463755767970e-01 -1.599917181608730976e-01 -8.895960000000000534e-01
1.370279522437397035e-01 9.805026582803777480e-01 1.408470000000000277e-01
-5.921000218698248274e-02 -9.977500368529271801e-01 3.144900000000010187e-02
9.257669842165319185e-01 3.246729944646266630e-01 1.937600000000000988e-01
-2.105000772094342120e-03 -9.756893578735751360e-01 2.191479999999999539e-01
6.917377076929140944e-01 -7.099456999987763250e-01 -1.321969999999999257e-01
-2.929760930688866116e-01 8.787132791383609476e-01 3.768659999999999788e-01
-9.873015044095452275e-01 8.067104121460651200e-02 1.368499999999999439e-01
-2.198199823727442145e-02 6.916429445374949747e-01 7.219050000000000189e-01
8.845960122124193470e-01 4.605640063583835708e-01 7.328499999999997516e-02
4.973358538354069047e-01 8.459157513894670632e-01 1.925710000000000477e-01
-9.968254732617212177e-01 4.607397565378585497e-02 -6.493200000000008687e-02
3.945813318059965269e-01 2.185807377620627504e-02 9.186010000000000009e-01
-7.335318564687783871e-01 1.696819667980882795e-01 6.581329999999999680e-01
3.682077535160513393e-01 1.749094078838174526e-02 -9.295790000000000441e-01
5.923948436498127634e-01 -8.056417873677569341e-01 3.107999999999901640e-03
4.325014933535590300e-01 -1.592561816631970772e-01 8.874570000000000514e-01
-2.933781224620051198e-01 -8.477693538761994496e-01 4.418330000000000868e-01
2.130800699705661383e-01 -8.713452861296367979e-01 4.419889999999999652e-01
-1.822789905266488375e-01 5.870469694901642166e-01 7.887650000000000494e-01
-7.702536831176884924e-01 3.178098692530419433e-01 5.529070000000000373e-01
3.658015742058998154e-01 2.220003484782976655e-01 9.038279999999999648e-01
7.629756570168988450e-02 2.056255245926350839e-01 9.756519999999999637e-01
5.094118561127712885e-01 -7.962967750799581079e-01 3.262069999999999137e-01
-7.169878638340885235e-01 -5.659308925218965447e-01 4.070020000000000304e-01
-3.004192472130184921e-01 3.204842637243884296e-01 8.983529999999999571e-01
8.999630704285404015e-01 2.935100229692563789e-02 4.349770000000000025e-01
-1.778970410175072236e-01 9.531262197611686249e-01 2.447509999999999686e-01
2.660560856308384348e-01 8.306972673620612868e-01 4.890360000000000262e-01
-5.285498620102428713e-02 -1.281063902882661198e-01 9.903509999999999813e-01
-9.438092865388264530e-01 2.637500800740565920e-01 1.991480000000000472e-01
-6.590651092846733228e-01 4.682140776381905067e-01 5.885650000000000048e-01
8.569448534080839064e-01 2.060929647450329694e-01 4.724100000000000521e-01
9.140183191326236578e-01 -3.989261392864265621e-01 -7.367800000000002125e-02
-8.764349535188614704e-01 2.945999843760879755e-01 3.808839999999999448e-01
2.859011720256244282e-01 -4.514302716238404733e-01 8.452640000000000153e-01
4.762731657093551285e-01 -8.658623012588024803e-01 1.531220000000000359e-01
8.239118431594389946e-01 -3.004349428089481133e-01 4.805289999999999839e-01
-4.717331401406212876e-01 -3.493561037853337159e-01 8.095790000000000486e-01
-3.632498590133619309e-01 6.215647587546873076e-01 6.940509999999999735e-01
-8.594593961960668438e-02 -7.446584768482145122e-01 6.618889999999999496e-01
6.548819365792265534e-01 -6.741179347163536173e-01 3.416059999999999652e-01
2.334487790980948885e-01 1.087824310842923914e-01 9.662650000000000405e-01
6.743798839429463454e-01 -5.639659029445825977e-01 4.766069999999999474e-01
3.114830724545245566e-01 9.313662166464323766e-01 1.885080000000000644e-01
-1.098295843238390190e-01 2.715114445161617152e-01 9.561479999999999979e-01
5.208561849853859949e-01 1.343617897561258379e-01 8.430039999999999756e-01
-6.329526680602017841e-01 3.270988284593389639e-01 7.016959999999999864e-01
-4.190204308099903519e-01 -1.888181941307830736e-01 8.881269999999999998e-01
-6.756942173028080978e-01 -4.751061527938209572e-01 5.636590000000000211e-01
-6.654395380020280415e-01 5.931845881668265097e-01 4.531249999999998890e-01
-2.060148872449540924e-01 7.157816082419615755e-01 6.672439999999999483e-01
3.615002065811632592e-03 5.503473144988210164e-01 8.349280000000000035e-01
-5.314870428674887126e-01 -4.973340401128523713e-01 6.856970000000000010e-01
-6.489121109309692326e-01 -7.461671275566309491e-01 -1.488209999999998978e-01
-5.998592763908540126e-01 -7.082043263118638077e-01 3.723110000000000031e-01
1.024229637552509509e-01 -2.095119714159323909e-01 9.724270000000000413e-01
9.773888663806425126e-02 -7.005471874740142324e-01 7.068809999999999816e-01
7.205168340294433316e-01 -2.451389435324131394e-01 6.486619999999999608e-01
1.606228825222851542e-01 6.442745287850762947e-01 7.477369999999999850e-01
3.572123116043440239e-01 4.083593562210630079e-01 8.400250000000000217e-01
5.315868524566280673e-01 -6.921688078866709004e-01 4.881780000000001118e-01
-3.864460627651547520e-01 -8.550081388672917670e-01 -3.458620000000001138e-01
-8.112978288351274658e-01 -3.952349166146736370e-01 4.307960000000000678e-01
8.163473705036086159e-01 5.725712598645203988e-01 -7.575700000000003265e-02
-3.135279325916554560e-01 -9.104318042576293735e-01 2.698410000000000530e-01
7.920125719259150099e-01 -4.699907459751705985e-01 3.896470000000000766e-01
-1.137489830848206901e-01 -8.500738735887424236e-01 5.142330000000000512e-01
-8.647988709695157983e-01 4.340989352311875327e-01 2.523510000000001030e-01
-3.767168547863208317e-01 7.483607115281386557e-01 5.459310000000000551e-01
2.437279626592766535e-01 -7.609758834135009753e-01 6.012589999999999879e-01
-4.636217244067720178e-01 -8.235225104689556375e-01 3.269029999999999436e-01
1.254719443089809816e-01 -9.888905610785876377e-01 7.970100000000000795e-02
5.275167664459919914e-01 -7.142806837576980428e-01 -4.599230000000001928e-01
2.859607016998672591e-01 -2.734137147882665930e-01 9.184069999999999734e-01
-9.022986565912879398e-01 -1.777299323572008316e-02 4.307450000000001000e-01
-8.907543013181479230e-01 -3.596341216545204111e-01 2.778849999999999376e-01
-7.189204228116919948e-01 -1.584188728127366719e-01 6.767990000000000395e-01
5.879513931220893275e-01 -2.156701442035833249e-01 7.796149999999999469e-01
-3.693230246592332788e-01 -5.032260335997685852e-01 7.812580000000000080e-01
6.235459840761695682e-01 -7.216459815709369563e-01 -3.006950000000000456e-01
-9.588290598646020957e-01 -2.278930142285264526e-01 1.694449999999999290e-01
5.859943806799851052e-01 -3.870332514287120329e-01 7.119100000000000428e-01
3.367429341923492414e-01 5.714948883161835580e-01 7.483300000000000507e-01
4.439671581553143453e-01 7.504532673354777916e-01 4.896050000000000679e-01
-9.071900124263723164e-01 -2.069980028353865242e-01 3.662759999999999905e-01
7.061848159700619965e-01 -6.681398258844881144e-02 7.048680000000000501e-01
-5.057083053011403040e-01 4.736182859280760327e-01 7.210720000000000462e-01
8.139670170567007146e-01 5.205810109087889437e-01 -2.577850000000000419e-01
5.658968948139624366e-01 -3.967199262597172205e-02 8.235209999999999475e-01
1.975699729536809640e-02 9.594718686532037744e-01 2.811110000000001108e-01
-2.588496729476428074e-02 -4.568384227920732066e-01 8.891729999999999912e-01
4.228230746610508461e-01 8.960421582209039393e-01 -1.353850000000001164e-01
9.410325536280689240e-02 -8.861929875724674360e-03 9.955230000000000468e-01
6.623816764662651124e-01 1.215939406086503360e-01 7.392330000000000290e-01
-1.519373576123536351e-01 4.379420307766493381e-01 8.860710000000000530e-01
-3.611479226206789073e-01 9.110378048016273267e-01 1.989529999999999077e-01
1.994739935120022623e-01 9.227229699879447855e-01 3.298369999999999913e-01
-9.053051398302810471e-01 -4.119400636268283344e-01 1.035760000000000708e-01
1.264071782908703923e-01 -3.742425278499760810e-01 9.186750000000000194e-01
-4.396596615472548458e-02 8.111393755798577132e-01 5.831979999999999942e-01
1.856960645280439082e-01 4.920611709877102391e-01 8.505249999999999755e-01
3.121120779267119727e-01 7.114321776271229636e-01 6.296429999999999527e-01
-7.378017677888287773e-01 6.736937879657785011e-01 -4.225199999999998401e-02
-5.442103185543901989e-02 -6.137853592802530178e-01 7.875950000000000450e-01
9.136556985073569503e-01 -1.437779525554374604e-01 3.802120000000001054e-01
9.942165669087476010e-01 9.146696015602470697e-02 -5.627800000000005715e-02
2.112871364294352239e-01 3.176122050842020150e-01 9.243810000000000082e-01
-9.648882590552559924e-01 -6.060601627163231253e-02 2.555729999999999391e-01
-2.534910978254730773e-01 1.527524563541827751e-01 9.552009999999999668e-01
7.088443259672178032e-01 -4.123311896134957966e-01 5.722960000000000269e-01
9.666651514986537297e-01 -4.406000690521606235e-03 2.560060000000000113e-01
-1.948709818683220796e-01 -4.869159546951364326e-01 8.514329999999999954e-01
-2.405406414283126904e-01 -1.939277109137727273e-01 9.510690000000000532e-01
-4.726502314025528562e-01 3.254651593429214174e-01 8.189469999999999805e-01
-1.386440192227607060e-01 -9.272231285579316529e-01 3.479010000000000158e-01
-7.024028340578645224e-01 -7.105408321352686407e-01 4.197599999999997167e-02
7.525766649705897260e-01 2.166929035334218268e-01 6.218299999999999939e-01
2.715639999851522934e-01 -6.192769999661412728e-01 7.367150000000000087e-01
-6.734328599447599872e-01 7.334998474525023134e-03 7.392119999999999802e-01
8.581581771746840115e-01 -4.613790952559767566e-01 2.251529999999999643e-01
-5.787488704761738489e-01 -1.760609605976091174e-01 7.962740000000000373e-01
-1.977809663084777458e-01 -2.091910220551645300e-02 9.800229999999999775e-01
5.606184462195525908e-01 -5.482664584208801761e-01 6.205730000000000413e-01
-5.337360167974575242e-01 8.283310260687959392e-01 1.702750000000000097e-01
-7.551397240639543540e-01 -3.131388855757375467e-01 5.759410000000000363e-01
9.327437505658058292e-01 -3.443769079067788286e-01 1.067410000000000025e-01
-9.391824834543592848e-01 1.241040638839114307e-01 3.202100000000000501e-01
-5.281104138997709807e-01 -6.345992957177350353e-03 8.491520000000000179e-01
-2.960554103810202897e-01 -3.492594841305324826e-01 8.890270000000000117e-01
7.447536329047321768e-01 5.184017444754630555e-01 4.202399999999999469e-01
4.274651785001207793e-01 -9.037263773763936081e-01 -2.349800000000008132e-02
