6.433188902584573432e-01 -2.260169614445489417e-01 7.314760000000000151e-01
6.292105337825892875e-02 8.215946969891968488e-01 5.665890000000000093e-01
-8.207306996025733881e-01 3.697118646809572917e-01 4.355619999999999492e-01
-3.691349749233101551e-01 -8.546479419406374234e-01 3.651249999999999774e-01
-4.613972856673073664e-01 8.220995089907555675e-01 3.335639999999999716e-01
-1.534750189336917259e-01 -9.631401188193248197e-01 2.209220000000000628e-01
-1.768810865644141195e-01 -7.707243771873264482e-01 6.121250000000000302e-01
2.622030508873805510e-01 -9.349831814580141787e-01 2.388639999999999097e-01
4.369657470508328534e-01 -2.384604076796576280e-02 8.991620000000000168e-01
-7.683613219975367337e-02 -2.946765070031575617e-01 9.525029999999999886e-01
9.224633031906444014e-01 -1.121000368444818179e-02 3.859219999999999318e-01
-3.274249018878864215e-01 2.881407936802909964e-01 8.998709999999999765e-01
-9.113396609507003199e-02 7.711827130938443409e-01 6.300569999999999782e-01
2.176150355505416523e-01 8.434771377941054915e-01 4.911110000000000197e-01
8.453682269238097513e-01 4.786871284949012484e-01 2.370889999999998832e-01
-9.197277456164084652e-01 3.775268955814393146e-01 1.075839999999999713e-01
-6.232870168737377758e-01 -4.503160121910355085e-01 -6.393190000000000817e-01
7.660530081775713818e-01 3.627500038723352471e-02 6.417530000000000179e-01
7.686531102421914063e-01 -4.149500595131968561e-01 4.868149999999999422e-01
8.655658262661858338e-01 -5.007848994839351198e-01 3.207000000000088252e-03
-2.249859230547132938e-01 6.898907640570487443e-01 6.880640000000000089e-01
-9.734483406103529024e-01 -6.835702391817750911e-02 2.184620000000001006e-01
4.496017290943499778e-01 -4.633227208268235198e-01 7.636690000000000422e-01
9.954663789976526678e-01 7.438602832052464142e-02 -5.927400000000003499e-02
2.273849575742302453e-01 -3.727639304492396666e-01 8.996349999999999625e-01
8.919508492779562037e-01 3.315599439729302600e-01 3.073950000000000848e-01
7.029455632512632279e-01 5.175794147223830022e-01 4.878309999999999591e-01
6.305177359529492431e-01 6.582217243511240268e-01 4.113289999999998892e-01
-2.254467015520929540e-01 -2.409886809775128313e-01 9.439800000000000413e-01
-7.194100333746569764e-02 8.713000404210933247e-01 4.854489999999999639e-01
-9.503169529552044636e-01 2.323919884955926163e-01 2.071030000000000093e-01
8.519638189154149499e-01 -4.953158947207952356e-01 1.697640000000000260e-01
-2.390704438972516763e-02 1.714713183816692355e-01 9.848989999999999689e-01
8.914869865726497977e-01 -1.610569975742004722e-01 4.234519999999999951e-01
-1.158799371141833699e-02 -8.086135611809537327e-01 5.882260000000000266e-01
3.725864062249147901e-01 4.603692663291098497e-01 8.057539999999999702e-01
4.738459850287906477e-02 -1.782204899098894513e-01 9.828489999999999727e-01
-7.614859566775261657e-01 -4.809259726391503786e-01 4.345680000000000653e-01
-7.738166039188824064e-01 6.236986807573409175e-01 -1.104889999999999761e-01
1.441899393391962193e-02 -9.998915793449475453e-01 2.986999999999895555e-03
-8.874857886868650070e-01 3.734699110756490303e-01 2.699800000000000533e-01
-4.415039726795930708e-01 1.740669892286791365e-01 8.802130000000000232e-01
8.526304146033050757e-02 4.304632093186755437e-01 8.985720000000000374e-01
-1.412140532841621721e-01 -9.882683729023498120e-01 5.817399999999989940e-02
-5.887204684847833214e-01 -6.896535488040769213e-01 4.216469999999999385e-01
2.665239643938775438e-01 -7.224869034797594125e-01 6.379479999999999595e-01
-1.327872582318514461e-01 -5.651190989891136107e-01 8.142530000000000046e-01
4.422149722028295704e-01 6.486189592284908878e-01 6.194669999999999899e-01
-3.394510747131339046e-01 -7.507731652450682081e-01 -5.666680000000000605e-01
5.172220932938212945e-01 -2.977010536977620636e-01 8.024059999999999526e-01
2.186981004187900646e-01 -8.883174078853869338e-01 4.038109999999999755e-01
-2.198548892503903451e-01 8.092705923383715083e-01 5.447429999999999772e-01
-2.978829625493718547e-01 1.184265875503030668e-01 9.472279999999999589e-01
1.083130491024624914e-01 9.586324345848764583e-01 2.632340000000001345e-01
5.807634305764198812e-01 5.905304378176522428e-01 5.603460000000000107e-01
7.525512182149690643e-02 -3.394385494763840216e-01 9.376130000000000297e-01
-4.839721067194855397e-01 4.795691057485905739e-01 7.319729999999999848e-01
4.091219049146946896e-01 -8.947457920493235850e-01 1.790229999999999877e-01
-4.226640347969454758e-01 -8.997480740741635730e-01 -1.086669999999999442e-01
2.892415219873561982e-01 6.060089984841680183e-02 9.553359999999999630e-01
5.883925718627918133e-01 -4.051763937937268301e-01 6.997330000000000494e-01
-8.524437796873285400e-01 -4.426098856082130023e-02 5.209420000000000162e-01
-3.541132276312788929e-01 5.910043799097923767e-01 7.247879999999999878e-01
4.246225023742165594e-01 1.438041701358427904e-01 8.938770000000000326e-01
2.705160974548023733e-01 9.446763403244647916e-01 1.854929999999998802e-01
-6.969570183042496092e-01 6.098510160165759864e-01 3.772699999999998832e-01
-5.611939503486672587e-01 8.259929269207199054e-01 5.288700000000002427e-02
6.206691795535589362e-01 -6.941172008013574146e-01 3.646519999999999762e-01
-4.803869476977473685e-01 6.148979330528292486e-01 6.254030000000000422e-01
7.680976808398383149e-01 2.042581810539342291e-01 6.068810000000000038e-01
3.736169504243875283e-01 -8.611118857381896419e-01 3.448140000000000094e-01
-2.034197862723973182e-01 3.938045862402980157e-01 8.964029999999999498e-01
-6.089109217027078857e-01 4.939949364792707298e-01 6.206420000000000270e-01
9.076795878576834342e-01 -3.534762289284896219e-01 2.262129999999999697e-01
2.942790790612111462e-01 -5.024961350009425898e-01 8.129560000000000120e-01
4.074402090349301536e-02 7.140373663328942744e-01 6.989210000000000145e-01
-4.278530693412180286e-01 -9.022261462218322814e-01 5.412700000000000150e-02
-5.895859352535359754e-01 7.194929209875614573e-01 3.670399999999999219e-01
7.408404530463758020e-01 3.697497270182096840e-01 5.607499999999999707e-01
2.989300706652796638e-02 -9.860782331029929182e-01 -1.635730000000000517e-01
-7.338611617760211203e-01 6.390481408749647541e-01 2.303589999999999249e-01
5.281389984359171619e-01 7.805779976883195914e-01 3.343160000000000576e-01
9.623873326018642649e-01 7.351402540650844863e-02 2.615459999999999452e-01
-8.024459159723965618e-01 4.982809478228336642e-01 3.283240000000000602e-01
9.920233411866794526e-01 7.529602589656915479e-02 1.010950000000000737e-01
-9.877085683650396186e-01 8.123496449980091572e-02 1.335390000000001021e-01
-9.964864597137234048e-01 7.737003569347758458e-02 -3.207199999999994083e-02
-5.017879670606720799e-01 -6.477389574798769756e-01 5.732739999999999503e-01
-1.840392164145508436e-01 -4.110724833864682348e-01 8.928319999999999590e-01
-9.658920416738949744e-01 -2.271160097990339299e-01 1.243820000000000897e-01
-7.241671659973463182e-01 3.663490839764333429e-01 5.842690000000000383e-01
-5.833777622238369709e-01 2.098839144544151492e-01 7.846140000000000336e-01
3.008192912950325426e-01 -9.962776528535836895e-02 9.484629999999999450e-01
4.042637150408909807e-01 8.747183834248239975e-01 2.672800000000000731e-01
4.027271605976404656e-01 -2.023990807117521662e-01 8.926619999999999555e-01
4.030089620897254199e-01 3.056899712443349459e-01 8.626340000000000119e-01
-8.982797855385125096e-01 2.381669431383877933e-01 3.692829999999999169e-01
5.470759274976495501e-01 -8.290258901316571727e-01 1.158620000000000066e-01
-6.809178955387303889e-01 -4.314149338155862101e-01 5.918039999999999967e-01
2.121001242619305061e-01 -2.263921326351106822e-01 9.506630000000000358e-01
-9.110591139886502210e-02 6.391473784247120316e-01 7.636690000000000422e-01
-8.170746787289061563e-01 2.315229089659487094e-01 5.280019999999999714e-01
6.699025661990866132e-01 1.319649145450348393e-01 7.306270000000000264e-01
7.481669294984246710e-01 5.758479457364583665e-01 3.296140000000000736e-01
-2.768409473175099667e-01 -8.230748433698745758e-01 4.958900000000000530e-01
1.626979109320480232e-01 -8.166545529275812676e-01 5.537189999999999612e-01
9.197690452657314442e-01 3.684330181321497366e-01 1.352110000000000256e-01
4.862076185267103501e-01 5.190065927929864431e-01 7.030180000000000318e-01
-1.775957103923895830e-01 2.312729251041341916e-01 9.565420000000000034e-01
5.168551800667350316e-01 -5.605411952864686187e-01 6.470350000000000268e-01
9.114288592512627130e-01 1.755489728905925972e-01 3.721290000000000431e-01
2.933600778614222152e-02 -6.066651610164962571e-01 7.944160000000000110e-01
-8.863598893638517939e-01 9.825598773560945132e-02 4.524510000000001031e-01
5.236674435034702757e-01 3.739523167070098464e-01 7.654619999999999758e-01
-3.532952315952271327e-01 7.213414728601668102e-01 5.956919999999999993e-01
-9.343652146707837058e-01 -2.193480503953026961e-01 2.807989999999999653e-01
-4.533310817305533091e-01 8.749931577515371872e-01 1.699349999999999195e-01
-2.195821173824427097e-01 5.476992927846839887e-01 8.073470000000000368e-01
7.464426135281122532e-01 -6.071816856306860855e-01 2.723119999999999430e-01
-4.798206022658341868e-02 3.356274212760519404e-01 9.407720000000000526e-01
2.188588840658516055e-01 5.132687281107725097e-01 8.298529999999999518e-01
-6.344385332617451523e-01 -6.176095456423498498e-02 7.705020000000000202e-01
-2.907392664903298840e-01 -5.110614684366889815e-01 8.088800000000000434e-01
8.276601220207002729e-02 9.046231333672419828e-01 4.180989999999999429e-01
-3.986261262176838405e-01 -5.902671868973263791e-01 7.019130000000000091e-01
-9.721776192151657670e-01 2.299219099436412284e-01 4.479500000000010557e-02
-2.391450729736091518e-01 -6.509031986190013663e-01 7.205099999999999838e-01
1.088950260050710606e-01 -9.495082267507506391e-01 2.942379999999999440e-01
-5.604418220874627377e-01 -8.280377371390055252e-01 -1.607700000000003918e-02
-7.136775262994485836e-01 -6.081955963126499665e-01 3.475089999999999568e-01
1.812539306237141989e-01 6.435017536949326766e-01 7.436749999999999750e-01
-8.604850539499853124e-01 -5.052920316803847234e-01 -6.515699999999997882e-02
4.278508823512577330e-01 -6.940288091587051289e-01 5.790229999999999544e-01
-8.792081621807704694e-01 -2.062500380453587134e-01 4.294810000000000572e-01
-5.184238147947760611e-01 -7.937407164387070280e-01 3.181389999999999496e-01
-2.170000838760957444e-03 -9.850123807325265046e-01 1.724700000000000399e-01
1.967111811906947783e-01 -6.236285744243617035e-01 7.565659999999999608e-01
-3.487120718587281565e-01 4.449710916947225425e-01 8.248640000000000416e-01
-7.923769146763429694e-01 8.378999097743973501e-02 6.042499999999999538e-01
-9.727729464263495940e-01 -2.288179873982773838e-01 -3.681199999999997668e-02
1.326181889293347738e-01 1.140040220523081682e-01 9.845890000000000475e-01
-2.883306455484043601e-02 -4.599800298571409818e-01 8.874610000000000554e-01
1.670800803494474351e-01 -9.845184734586863717e-01 -5.298700000000004101e-02
-4.955099200757801664e-02 -9.380308486985196037e-01 3.429909999999998793e-01
3.652309532171283402e-01 -6.066389222948918025e-01 7.061129999999999907e-01
3.431882955941711333e-01 -8.272517125265850257e-01 -4.448330000000001450e-01
-4.424700636183233615e-01 -7.600961092865801128e-01 4.758929999999999549e-01
6.534977459672328681e-01 -7.277297171111990481e-01 2.082070000000000032e-01
7.813867777374919887e-01 -6.215428232044990509e-01 -5.584999999999993442e-02
7.610021770439239219e-01 6.240001451709833447e-01 -1.774809999999999999e-01
7.775582798833170495e-01 6.287722263275447032e-01 -6.972000000000098778e-03
9.681140641127180535e-01 -2.195300145382310109e-01 1.206720000000000570e-01
-7.506795704537795599e-02 4.899507196453877778e-01 8.685119999999999507e-01
-8.009447904430690990e-01 -1.877369508810349530e-01 5.685440000000000493e-01
5.511398316057837254e-01 8.151157509510831289e-01 1.784130000000000993e-01
2.714199743280227284e-01 2.177597817017080384e-01 9.375029999999999752e-01
-6.136161576720902122e-01 -2.143800550861495735e-01 7.599449999999999816e-01
9.266377875653288854e-01 3.745679141291099468e-01 -3.226899999999991581e-02
8.552838841522586444e-01 5.074449312668575240e-01 -1.048289999999998945e-01
-4.091998812312917511e-01 -8.855307429780722162e-01 2.199789999999999524e-01
8.172225415694422956e-01 -4.717077353900201442e-01 3.311180000000000789e-01
-8.622060512159339662e-01 -3.600570213877606340e-01 3.563139999999999641e-01
5.666802856590617832e-02 -8.888574480660289545e-01 4.546660000000001256e-01
8.563360880661801122e-01 1.020620104961258989e-01 5.062330000000000441e-01
3.303791961638076757e-01 6.097693620526996039e-01 7.204380000000000228e-01
4.745010612154220708e-01 -7.324420944924167065e-01 -4.882389999999998675e-01
-5.477112220747573090e-01 -5.187462103306160754e-01 6.564410000000000522e-01
-9.510266101826871932e-01 8.878096360947616839e-02 2.960850000000000426e-01
-9.074478998723566336e-01 -3.710499590584122598e-01 1.971299999999999997e-01
-4.716383606815595098e-01 3.316865503899897871e-01 8.170319999999999805e-01
9.383586348369604702e-01 -1.988581345354419883e-01 2.827339999999999298e-01
3.259748804903463970e-01 -8.028547056555778161e-01 4.991639999999998856e-01
8.419047409688861228e-01 -6.017098148703101806e-02 5.362610000000000987e-01
1.472419834409771644e-01 -9.817608895899077037e-01 1.202720000000000039e-01
8.221349655345325802e-01 4.996839790522935587e-01 -2.727820000000000800e-01
-1.094470022361272998e-01 -1.231767516235317411e-01 9.863309999999999578e-01
5.442041786135644044e-01 -1.289470423217824180e-01 8.289840000000000542e-01
5.605451353287613792e-01 5.096701230463384497e-02 8.265540000000000109e-01
-6.740779771254097330e-01 7.370599749881387996e-01 -4.859500000000005482e-02
5.964667772666674139e-01 -6.185617690159292970e-01 -5.114769999999999595e-01
-3.685964855412277585e-01 -1.814227467840111852e-01 9.117140000000000244e-01
-5.160801135945441986e-02 9.435212076787263813e-01 3.272680000000001144e-01
2.929839082550300122e-01 -9.539447012817924287e-01 6.441999999999989401e-02
-4.782348178329721144e-01 -2.873598905401796300e-01 8.298889999999999878e-01
-2.018740436981368847e-01 8.989161945815431487e-01 3.888400000000000190e-01
6.564858105670121624e-01 2.951369148364417216e-01 6.942049999999999610e-01
6.777812144904499236e-01 -7.265202299143849185e-01 -1.130530000000000146e-01
5.195222258594994758e-01 -8.072273509377585476e-01 2.801440000000000596e-01
3.754837852433431933e-01 8.261855274660352411e-01 4.200349999999999362e-01
5.852628691309557096e-01 -7.791108257851393493e-01 -2.246190000000000686e-01
4.938978852028970690e-01 7.240468317091830475e-01 4.814779999999999616e-01
-5.425666278900548312e-01 5.556506430316483086e-02 8.381729999999999459e-01
2.004410472406866206e-01 7.488151764835276891e-01 6.317430000000000545e-01
-7.447757947369021414e-01 -7.608597903040893728e-02 6.629629999999999690e-01
9.764189019113267420e-01 -7.036299293150448386e-02 2.040960000000000829e-01
-7.057218570937123792e-01 -2.754359442251533285e-01 6.527570000000000316e-01
6.647346363896905475e-01 -4.830897357495778088e-02 7.455159999999999565e-01
-7.192700533452145439e-01 4.939900366371494100e-01 4.884919999999999263e-01
-1.830180679735381177e-01 9.576633556794544866e-01 2.222279999999999534e-01
-4.035575134478760484e-01 -7.149991379558774240e-04 9.149540000000000450e-01
1.515008063838529373e-01 -5.370686786661720696e-02 9.869970000000000132e-01
6.612749597631918386e-01 7.057719570556689748e-01 2.541680000000000050e-01
4.318969071419865857e-01 -9.019038060903092902e-01 5.881000000000098822e-03
9.286629938355505098e-01 -3.658159975717194534e-01 6.134899999999994524e-02
-6.728597271397906976e-01 -7.354897017418847716e-01 7.946499999999996622e-02
-8.074489108402520543e-01 -4.310949523978337417e-01 -4.027200000000000779e-01
7.063738915489145009e-01 -5.628759135804642932e-01 4.291930000000000467e-01
-3.344969548356216960e-01 -3.527609523695842131e-01 8.738829999999999654e-01
-0.000000000000000000e+00 -0.000000000000000000e+00 1.000000000000000000e+00
8.097111859425096814e-01 -2.496710573345951034e-01 5.310669999999999558e-01
-7.113562829147908051e-01 2.289627691932730191e-01 6.644910000000000538e-01
-1.286830368463801888e-01 -9.862662824019652330e-01 -1.035349999999999326e-01
3.727058091716272670e-01 -3.505858204972394088e-01 8.591739999999999933e-01
-2.600876065448011754e-01 -6.343590403546495171e-02 9.634989999999999943e-01
-6.424158807729916099e-01 -5.687718944406986443e-01 5.136150000000001548e-01
-3.438410373247430818e-01 -7.160850777326982497e-01 6.074500000000000455e-01
5.749069007872977810e-01 -6.379028899159685517e-01 5.124079999999998636e-01
9.432499967700989918e-02 -7.259409975142140370e-01 6.812580000000000302e-01
-3.269419160356926701e-01 9.024747682289572248e-01 2.804430000000000534e-01
2.477104695041133786e-01 3.697242081999117524e-01 8.955130000000000035e-01
-4.413818719548958658e-01 -4.470038703239513911e-01 7.780550000000000521e-01
5.255504334104163511e-02 5.747424739780603309e-01 8.166449999999999543e-01
7.517711716024618740e-01 -1.455650332272891423e-01 6.431569999999999787e-01
6.470222326817467451e-01 7.207162591835483134e-01 -2.488579999999999126e-01
-2.276289094265960822e-01 -9.103076377891479165e-01 3.457239999999999758e-01
6.768550593819379069e-01 7.306210640989441174e-01 8.977799999999991343e-02
8.643772364525839080e-01 -3.238580885922009989e-01 3.846660000000000079e-01
9.539769270267873802e-01 2.228469829536125768e-01 2.006669999999999565e-01
-6.048438526141831639e-01 3.570939129848508808e-01 7.117919999999999803e-01
-8.407859413367121393e-01 5.141429641272345918e-01 1.695169999999999455e-01
-2.852858562929579400e-01 -9.581865173327130947e-01 -2.214900000000004018e-02
7.727469703051191852e-01 6.131259764389853650e-01 1.641299999999999149e-01
-2.884348851419624160e-01 -9.459126233268815298e-01 1.485079999999998901e-01
1.111356968443751730e-01 2.758542475256003379e-01 9.547529999999999628e-01
-7.916482388791503677e-01 -3.402951026837438553e-01 5.074369999999999159e-01
6.524145375076236819e-01 -4.950626490533429624e-01 5.738189999999999680e-01
-1.508737887936602018e-01 5.781406865154915808e-02 9.868609999999999882e-01
-5.040450920434934590e-01 -1.180180215512285080e-01 8.555760000000000032e-01
8.374947355582436082e-01 2.778359122723839669e-01 4.705419999999999048e-01
-9.259612697838338624e-01 -5.763001679081775075e-02 3.731950000000000545e-01
5.469351589530208058e-01 2.184600634899520333e-01 8.081690000000000262e-01
-3.142010189723861147e-01 9.428320569309861510e-01 1.111099999999999310e-01
-1.190269592042981772e-01 -8.705887016114890464e-01 4.773970000000000158e-01
-5.490566247344962347e-01 -8.220234381689870418e-01 1.510439999999999283e-01
4.797187132180060209e-01 -7.615605447293474217e-01 4.357700000000000462e-01
-5.817834661486133152e-01 -3.743122999142631802e-01 7.220929999999999849e-01
-6.816572250633518015e-01 8.427502782515838842e-02 7.268019999999999481e-01
7.084238726311994361e-01 -3.316649403693645581e-01 6.230040000000000022e-01
1.288072762858276932e-01 -4.973060666991973577e-01 8.579599999999999449e-01
-7.347998190403091934e-02 -6.983568280151509766e-01 7.119680000000000453e-01
2.465930411438345127e-01 9.066991512819647658e-01 3.421819999999999307e-01
