2.249038452490706719e-01 -4.015117237294349439e-01 8.878099999999999881e-01
7.874689485566098712e-01 8.597899438320590060e-02 6.103279999999999816e-01
-9.571387831362028198e-01 3.286499255361166605e-02 2.877589999999999870e-01
-1.644303719345057702e-01 -9.537405567805222473e-02 9.817669999999999453e-01
6.095639158396665147e-01 5.403299253985586192e-01 5.800650000000000528e-01
8.471296059241227583e-02 -9.768895455611490419e-01 1.962409999999999710e-01
7.187828755594720676e-01 -2.796969515769817116e-01 6.364910000000000290e-01
5.462152269434923380e-01 -5.942612469058277114e-01 5.903410000000000046e-01
-6.719819530878311520e-01 -6.261699562860421064e-01 3.954130000000000145e-01
-6.957009942214038567e-01 7.115409940898346219e-01 9.853699999999994408e-02
-1.438607462788160929e-01 5.328710601975885641e-01 8.338780000000000081e-01
-3.201686747518761589e-01 -3.912988246578659179e-01 8.627730000000000121e-01
2.371030356271636719e-01 9.438021418159548981e-01 2.302600000000000757e-01
7.153602067523293639e-01 -6.046371747513253903e-01 3.502480000000000593e-01
4.985698086727161776e-02 -6.699867428910817324e-01 7.406970000000000498e-01
-4.837874143858856280e-01 -3.965773396864972211e-01 7.801770000000000094e-01
-3.728621141469609102e-01 -5.357331640078469848e-01 7.576040000000000552e-01
-3.877341908548369021e-01 -7.564423723444798631e-01 5.267420000000001545e-01
2.720593470425110016e-01 3.280592126397344210e-01 9.046330000000000204e-01
-7.113887280619722864e-01 4.830098153629213548e-02 7.011370000000000102e-01
3.420350456444772314e-01 5.669000756526499929e-01 7.494239999999999791e-01
8.374693087143962877e-01 5.380671983464808683e-01 -9.554500000000010207e-02
3.015288602279097563e-01 -2.506468838139777611e-01 9.199220000000000175e-01
-4.466409209146479653e-01 8.367388518411913445e-01 3.168279999999998875e-01
-7.664934414724664524e-01 -5.907233402352531915e-01 2.520589999999999775e-01
-5.267840097053727577e-01 6.464540119101509497e-01 5.519020000000000037e-01
5.314168994042635097e-01 -8.320988424860107369e-01 1.587689999999999380e-01
4.782913409508079972e-01 -2.193436977610205285e-01 8.503680000000000128e-01
-3.748041291529543573e-01 6.604582275858902340e-01 6.506279999999999841e-01
8.995401511804541617e-01 -3.651000613602328193e-01 2.398529999999998996e-01
-4.858609085053181009e-01 2.284154271111888956e-01 8.436620000000000230e-01
-1.439580394978089428e-01 9.755152676524070365e-01 1.662710000000000021e-01
-5.614743058075294391e-01 -8.176784453493640692e-01 1.270769999999999955e-01
-8.731922830701099869e-01 -3.212461041410601958e-01 3.665190000000000392e-01
-7.483635530699656035e-01 2.008598800445147714e-01 6.321449999999999569e-01
-4.752605732084599910e-01 5.296095244022392956e-01 7.025959999999999983e-01
-2.903511202989920714e-01 9.551543957419241782e-01 5.810599999999994936e-02
8.534432462147870657e-01 3.157950911055555920e-01 4.146179999999999866e-01
-8.474352682686124849e-01 -2.002260633846268956e-01 4.916940000000001310e-01
-3.155035769968469461e-01 5.363829809438351859e-01 7.827840000000000353e-01
-7.936690910983931202e-01 5.162220592526539642e-01 3.218760000000000510e-01
-7.917502327569154730e-01 6.106871795284146698e-01 -1.388299999999996308e-02
-8.575285490926076726e-01 4.940527402161910553e-01 -1.433759999999998924e-01
8.316306279676587421e-01 -1.963329121699099455e-01 5.194649999999999546e-01
-7.957301708974727494e-02 -7.683401650149722650e-01 6.350759999999999739e-01
-5.210398102767611200e-02 -9.950376376826495228e-01 8.476600000000002189e-02
3.834230864393119997e-01 -8.910182008720988200e-01 2.430500000000000715e-01
-7.287810212466856452e-01 -2.292970066848631083e-01 6.452139999999999542e-01
7.377512653295713596e-01 4.261831532752279328e-01 5.235369999999999191e-01
-4.096135900122644946e-01 3.901266095170445314e-01 8.246320000000000316e-01
1.437071114535584948e-01 -5.432204213002991278e-01 8.272000000000000464e-01
-5.681949151989292845e-01 8.225378772391467308e-01 2.420700000000001670e-02
-2.181320524838563923e-01 -5.326611281614044291e-01 8.177349999999999897e-01
-4.052200229487680772e-01 -8.889410503432721988e-01 -2.134959999999999081e-01
-1.404138122225740415e-01 -3.973774685813523666e-01 9.068490000000000162e-01
-8.699249893971752190e-01 -4.349079946992521206e-01 2.325629999999999920e-01
9.872947495745896251e-01 -1.532719611228624546e-01 4.191399999999998599e-02
1.814183715875759551e-01 2.036754171752501452e-01 9.620830000000000215e-01
-8.966313261990949135e-01 -3.587697303915658720e-02 4.413219999999999366e-01
-5.257398248178459660e-02 -9.702806766920617498e-01 -2.362019999999999120e-01
7.607647119671512304e-01 -6.202867651534551552e-01 1.910010000000000319e-01
1.373359779990787621e-01 -9.901658413776130985e-01 2.665400000000009428e-02
-9.416296437946410913e-01 3.281928758492131393e-01 -7.498699999999990096e-02
4.842747738019611004e-01 -4.930827696878682942e-01 7.227360000000000451e-01
-8.677848187194584506e-01 3.506469267497384634e-01 3.521310000000000273e-01
-4.188880379330964798e-01 7.636980691579365876e-01 4.912210000000000742e-01
-8.204996575323838526e-01 2.801328830755873134e-01 4.983029999999999959e-01
-9.553503269112492147e-01 2.818780964558423863e-01 8.860300000000002896e-02
3.298547457602028499e-01 -8.465823474857432362e-01 4.177250000000000130e-01
6.409130074518539777e-01 7.673650089221032422e-01 1.953099999999996159e-02
1.034289234075596448e-01 7.455844478707647216e-01 6.583360000000000323e-01
-3.252498506475944712e-02 -5.329347552801723120e-01 8.455310000000000326e-01
-6.541414314796804019e-01 -1.032859102332676776e-01 7.492870000000000363e-01
5.099727559995327342e-01 4.830657688733917543e-01 7.117409999999999570e-01
9.996664651597788609e-01 2.507101166591723176e-02 6.197000000000049691e-03
1.693544095624048215e-02 -1.018656523250973805e-01 9.946540000000000381e-01
4.285050718055795696e-03 2.188905907990190136e-01 9.757400000000000517e-01
-6.932321745416744063e-01 3.617580910832838836e-01 6.233459999999999557e-01
9.799111023735572745e-01 1.372680143407038755e-01 1.446779999999998900e-01
8.685824980722114397e-01 -2.290401313387329177e-02 4.950150000000000938e-01
4.381154887485366745e-01 6.244706966408333088e-02 8.967469999999999608e-01
-4.266082169402076740e-01 -6.397533253294560573e-01 6.393130000000000202e-01
-8.051729950972370542e-01 5.718819965177647235e-01 1.569949999999999957e-01
-6.771866439400064941e-01 -5.056247341460570199e-01 5.345669999999999034e-01
-5.159207713361628755e-01 -7.567146646126917675e-01 4.015080000000000870e-01
5.359078263345192772e-01 3.089218998912356962e-01 7.857290000000000108e-01
-2.841169597840768057e-01 -9.249608690744993700e-01 2.524380000000001067e-01
-3.318370074852093343e-01 2.322453053610795404e-01 9.143010000000000304e-01
-2.637899120858015062e-02 -8.634297122417190495e-01 5.037789999999998658e-01
9.639934414648287930e-02 5.295618905404773924e-02 9.939329999999999554e-01
9.783867973773863191e-01 2.044559576574411508e-01 -3.093599999999995312e-02
-1.242611191343545307e-01 -6.512896244187204031e-01 7.485859999999999737e-01
4.378921401591904239e-01 -7.356582354672609458e-01 5.167760000000000131e-01
5.856508034456751055e-01 -6.802967716808857590e-01 4.406920000000000281e-01
-2.606729709240571125e-01 7.708409140189859121e-01 5.812519999999999909e-01
-5.451303580640978197e-01 -5.142623377887091118e-01 6.620930000000000426e-01
6.475006948368250415e-01 3.741598236607302508e-01 6.638880000000000337e-01
-7.732019210009430932e-01 -3.569539635295443936e-01 5.241590000000001526e-01
-3.378980005235341921e-01 -8.527170013211873290e-01 3.983700000000000574e-01
-6.257531986438006344e-01 -7.333222327913236915e-01 2.658409999999999940e-01
9.257836766834453002e-01 -1.141329601407149591e-01 3.604140000000000676e-01
9.556308872128065346e-01 -2.021409761425528306e-01 2.142629999999998980e-01
-3.404277192597306989e-01 -9.291119630387965900e-02 9.356689999999999729e-01
2.132009720554677856e-01 -9.271308784797341884e-01 3.081779999999999520e-01
2.834927921475631218e-01 7.035584841620335927e-01 6.516420000000000545e-01
-4.187738252143416440e-01 9.066476215880941991e-01 -5.117199999999995363e-02
-8.342290572461519282e-01 8.416500577553927276e-02 5.449570000000000247e-01
6.383329488634502669e-01 -4.368059650076813738e-01 6.338230000000000253e-01
-1.679529191794492116e-01 -9.829295270049127620e-01 -7.510899999999998133e-02
3.734020710789868192e-01 -9.501401808640246027e-02 9.227910000000000279e-01
-7.829791864984146643e-02 3.833436017127490603e-01 9.202810000000000157e-01
-8.198890272727951678e-02 6.194992650178640647e-02 9.947059999999999791e-01
-2.284850840231532343e-01 -9.690993563768023344e-01 9.295699999999999796e-02
-5.055731831646902430e-01 -9.590384505181533126e-02 8.574370000000000047e-01
-7.143155705849146830e-01 -6.896015854418752200e-01 1.191760000000000180e-01
9.217550869933592850e-01 3.834800361920612244e-01 -5.753799999999995723e-02
-4.589019544949842766e-01 -8.475559159558048172e-01 2.665670000000001094e-01
7.792555334565436365e-01 2.612851788685257026e-01 5.696409999999999529e-01
1.568410497319783214e-01 -8.691172755842396791e-01 4.690799999999999415e-01
-2.411101352989776167e-02 6.518273657729944937e-01 7.579839999999999911e-01
-9.026523972607448654e-01 1.572458950002526279e-01 4.006149999999999989e-01
6.381078737149874502e-01 6.988128617011407639e-01 3.232320000000000748e-01
5.489451919801637825e-01 6.816282383828162761e-01 4.837789999999999591e-01
6.890393494127088347e-01 -5.266102670447196932e-01 4.979020000000000667e-01
-6.188391961375298150e-02 -2.532366710495114748e-01 9.654230000000000311e-01
6.929119770690026492e-01 5.823689807272757202e-01 4.251110000000000166e-01
6.811076101555858520e-01 2.044928829547534854e-01 7.030469999999999775e-01
9.311316790691028800e-01 2.289259210966580749e-01 2.838780000000000192e-01
7.635795865525053516e-01 -9.376894922790261766e-02 6.388690000000000202e-01
5.650177270520164718e-01 1.392741792148600166e-01 8.132390000000000452e-01
7.887118344910346579e-01 5.708468802093840111e-01 2.281829999999999137e-01
4.676402459199439227e-02 8.462084449991971180e-01 5.307960000000001566e-01
-3.119669701360885949e-01 9.206239118706991409e-01 2.347939999999999749e-01
-5.579976617302585540e-01 -6.427226103682396330e-01 5.249249999999999750e-01
-9.332276336543497974e-01 -1.560919387249146972e-01 3.236069999999998670e-01
-1.613029606287917084e-01 9.318647725482418487e-01 3.249759999999999871e-01
2.813537466022428823e-01 7.184293529555270397e-02 9.569109999999999561e-01
2.973961740393974984e-01 -8.598795032106116842e-01 -4.149250000000000438e-01
-9.871591069673466556e-01 9.764801058101853226e-02 1.264190000000000313e-01
-4.473550798195211620e-01 8.846281578401571366e-01 1.315539999999999765e-01
-6.256553498733976593e-01 2.181761220065026041e-01 7.489689999999999959e-01
5.673493892216597834e-01 -3.335216409482442690e-01 7.529130000000000544e-01
6.281909983254344576e-01 -7.326939980468611946e-01 2.617929999999999979e-01
8.709832426119720195e-01 4.839691348093745904e-01 8.462900000000002365e-02
-6.705234790862217853e-01 5.966545364732502854e-01 4.409100000000000796e-01
2.172093746481461585e-01 4.840588349167498361e-01 8.476479999999999571e-01
5.581651846678202800e-01 8.077552672441932202e-01 1.896920000000000273e-01
8.860585705038134252e-01 3.978418071554807312e-01 2.379540000000000266e-01
2.027865678125647386e-01 -9.262925936657392945e-02 9.748320000000000318e-01
-1.068100260442483712e-01 -9.637072349875904775e-01 2.446630000000000749e-01
1.607100840728306612e-01 6.238783263716600747e-01 7.648190000000000266e-01
3.921968519417399768e-01 7.629007119973010287e-01 5.139690000000000092e-01
-8.779549924760292612e-01 2.851439975563496154e-01 -3.845620000000000149e-01
2.224329025644541658e-01 -6.673547076688318702e-01 7.107470000000000176e-01
-6.190028337337959430e-01 5.113068626612893297e-01 5.961549999999999905e-01
-2.180211380174943980e-01 -8.123905142808824920e-01 5.408220000000000249e-01
5.469987592560225931e-01 -5.647907839520602269e-02 8.352260000000000240e-01
-1.662000281643993566e-03 9.968561689281276728e-01 7.921499999999997987e-02
-5.798700049389039490e-01 7.873170067057838617e-01 2.094820000000000015e-01
2.657228997026966355e-01 -9.546096396818914975e-01 1.345800000000001162e-01
3.178762246589167395e-01 -5.296713743450687240e-01 7.863860000000000294e-01
-1.673062758183576082e-01 2.291543777801150483e-01 9.589039999999999786e-01
-4.198051724476506430e-01 -2.469195132532024939e-01 8.733809999999999629e-01
9.826021769365392844e-01 8.878001598656012905e-02 -1.631289999999998852e-01
-5.589865586978350898e-01 3.811773809804978597e-01 7.363680000000000225e-01
9.578523899584119594e-02 3.666349147987811308e-01 9.254210000000000491e-01
4.026029355945314747e-01 2.265649637557966833e-01 8.868930000000000424e-01
-5.778793940353176284e-01 -2.523811720897063959e-01 7.761179999999999746e-01
9.452466779758861293e-01 3.090688947072343096e-01 1.048100000000000143e-01
1.017679424469869337e-01 -7.825295574546093924e-01 6.142400000000000082e-01
-2.049699375701701243e-01 6.627117981509614841e-01 7.202779999999999738e-01
2.752308582727292507e-01 -7.707386031161646001e-01 5.746390000000000109e-01
-1.354499996749378432e-01 8.579449979410447291e-01 4.955640000000000600e-01
4.012737895471346627e-01 -3.784638015101073338e-01 8.341129999999999933e-01
-4.211169796168065527e-01 6.673383830125521887e-02 9.045480000000000187e-01
9.438157361984572669e-01 5.752498392145953543e-02 3.254269999999999108e-01
-4.892039766486390717e-01 -7.960629620012212859e-01 -3.563189999999999413e-01
-6.455360439444653986e-01 -3.763940256227897296e-01 6.645379999999999621e-01
-8.162297540759670678e-02 7.658697692490615827e-01 6.377939999999999721e-01
7.783465831273538305e-01 6.267006643470016680e-01 3.772100000000007392e-02
6.751602436031803878e-01 2.003397755549582437e-02 7.373990000000000267e-01
-3.301138318785063475e-01 -8.652185593585527412e-01 -3.773879999999998902e-01
3.504096026206311720e-02 5.179894125780105663e-01 8.546690000000000120e-01
6.732222663294840093e-01 -7.346962906488595513e-01 8.362499999999996325e-02
5.664189589845616268e-01 -7.277719473006949436e-01 -3.866750000000001020e-01
6.409379673917539044e-01 -1.711709912915350962e-01 7.482640000000000402e-01
-7.562469371275254426e-01 4.464919628797773821e-01 4.782630000000000492e-01
8.763162963495864100e-01 1.487240502949802312e-01 4.582040000000000557e-01
8.018861501397785974e-01 4.734090886379392349e-01 3.645030000000000769e-01
-9.420949195271652865e-01 -2.729839766819731062e-01 1.947739999999999194e-01
1.626779101837397545e-01 9.078524987646676703e-01 3.864449999999999830e-01
4.706216488202925180e-02 -3.970143909376795954e-01 9.166050000000000031e-01
-2.443519914233656942e-01 -2.474549913144518665e-01 9.375809999999999977e-01
3.894290993378354826e-01 -6.414831636332494202e-01 6.609420000000000295e-01
-2.480292305581262291e-01 3.910953635467237510e-01 8.862989999999999480e-01
4.885260083655132424e-01 -8.001050137009881880e-01 3.481010000000001048e-01
-6.962881558089418776e-01 -6.977761561419125735e-01 -1.681999999999999607e-01
-2.668981348461388348e-01 -6.917293494855139002e-01 6.710260000000000113e-01
-1.622139238569916542e-01 -9.028625761974621300e-01 3.981529999999998681e-01
-4.931890867675512991e-01 -8.690981529018393381e-01 -3.785400000000003345e-02
7.784209556499577243e-01 -3.783079784461418904e-01 5.009429999999999161e-01
2.920800260843898002e-02 -9.340030834117333258e-01 3.560690000000000799e-01
8.132052234618820652e-01 -4.690281288849424968e-01 3.445430000000000437e-01
-8.871555828089426887e-01 4.604727834594845581e-01 3.032799999999997997e-02
-3.996609777393774210e-01 -9.099669493159654454e-01 1.105949999999999850e-01
-8.902770066972558460e-01 4.113800030946742625e-01 1.953800000000000259e-01
3.963112296885442642e-01 4.114432002764826790e-01 8.207630000000000203e-01
9.826806567657641045e-01 -3.397998813134747720e-02 1.821649999999999103e-01
-7.860903441762440158e-01 -4.788632096620852319e-01 3.908349999999999325e-01
-8.134000385534367189e-03 9.233970437670504516e-01 3.837600000000000455e-01
2.237149789351007556e-01 8.182989229493506933e-01 5.294700000000001072e-01
1.253099961994355305e-01 -2.493839924363580318e-01 9.602629999999999777e-01
4.531339150473009392e-01 6.334258812465003441e-01 6.272489999999999455e-01
6.963512357596390867e-01 -6.633322245805819417e-01 -2.740170000000000661e-01
-5.743469961136065116e-01 6.000199959398876820e-02 8.164099999999999691e-01
3.347268993870701204e-01 9.404577173152007807e-01 5.913700000000000206e-02
-7.929507581357480017e-01 -7.584207251217768564e-02 6.045469999999999455e-01
-2.556308458002253814e-01 6.743095932478847254e-02 9.644200000000000550e-01
-9.423416064232034151e-01 2.244629062512034368e-01 2.482110000000000427e-01
