8.763558503911814679e-01 -1.992259659887460066e-01 4.385310000000000596e-01
2.554942191156151510e-01 -6.111529161758177259e-02 9.648769999999999847e-01
1.437041475901363607e-01 -2.180482239445948323e-01 -9.653000000000000469e-01
-1.044530378544197419e-01 -9.930463598860745922e-01 -5.430000000000002186e-02
1.660789213417316335e-01 8.334306052707488588e-01 5.270780000000000465e-01
-1.897730921546720018e-01 -9.454244591023940325e-01 2.648750000000001381e-01
-9.580064077839426373e-01 -1.767940752539693405e-01 2.257600000000000162e-01
1.473099630840753703e-02 -8.923017763888860809e-01 4.511990000000000722e-01
-1.669098156019251794e-02 7.327631904602996959e-01 -6.802789999999999671e-01
-6.403567548533288800e-01 -6.879167366460230415e-01 -3.416339999999999932e-01
5.072451108775866135e-01 8.470811851616022459e-01 1.586060000000000803e-01
0.000000000000000000e+00 0.000000000000000000e+00 1.000000000000000000e+00
7.738510485680401008e-01 6.134060384982732428e-01 -1.577579999999999261e-01
-6.163260794922403862e-01 3.086400398076423468e-02 7.868859999999999744e-01
2.732249394305339973e-01 -5.705988735076339413e-01 7.744450000000000500e-01
-9.652337037760527760e-01 1.828599438814713235e-02 -2.607479999999998688e-01
8.527751703515971116e-01 1.892610378070577470e-01 -4.867799999999999905e-01
3.768479991274702873e-02 -2.772655278600935080e-01 9.600539999999999630e-01
-3.469519321743403939e-01 -9.367038168836998580e-01 4.701400000000004881e-02
2.079002343907793843e-02 -5.218105882994350520e-01 8.528080000000000105e-01
-9.880008520362303613e-04 4.615473980311408653e-01 8.871149999999999869e-01
2.935991975635927620e-01 -8.873215970807960540e-01 -3.556119999999999282e-01
9.355507679355375972e-01 -6.238498452533160210e-02 -3.476389999999999758e-01
5.789711112776243507e-01 5.644531084872796978e-01 5.883749999999999813e-01
-9.423611356283746465e-01 2.839910408731234903e-01 1.769309999999999772e-01
-5.744690058345393036e-01 7.387410075029516854e-01 3.524869999999999393e-01
4.970226701470683572e-01 -1.174739220375248389e-01 8.597489999999999855e-01
6.388230370934825375e-01 1.032350059943766413e-01 7.623959999999999626e-01
7.791399235342704177e-01 4.735539535248451393e-01 4.107160000000000255e-01
-8.034625865517329713e-01 5.701397066157437576e-02 5.926190000000000069e-01
1.488993911197282194e-01 2.300346042406971048e-01 9.617240000000000233e-01
-1.682819842061407944e-01 9.780069082105934397e-01 1.232219999999999704e-01
-2.739871368708860500e-01 4.231982114096116687e-01 8.636169999999999680e-01
-7.120261463791301981e-01 1.554288136623497574e-01 -6.847340000000000648e-01
9.616758633685008606e-01 -2.468479649287158573e-01 1.193549999999999750e-01
5.369599950367528324e-02 -9.854299908914387895e-01 1.613830000000000819e-01
4.046360641437598549e-01 1.655936170093732507e-01 8.993600000000000483e-01
-3.968829492374965073e-01 7.317289064097077800e-01 5.541270000000000362e-01
-7.353649041662113639e-01 -3.010629607650514017e-01 -6.071239999999997750e-01
8.756229259092350725e-01 -4.829289591370041212e-01 -8.006999999999934309e-03
9.047632950574885369e-01 2.330780760104130267e-01 3.564800000000000746e-01
7.474979909356194163e-01 -6.452589921753996149e-01 1.577580000000000371e-01
-1.119869425155370080e-01 8.231975774411764979e-01 5.566010000000000124e-01
8.377189215432367941e-01 4.915399539647097304e-02 5.438849999999999518e-01
-4.818291278226235486e-01 5.251681393198657233e-01 7.014550000000000507e-01
6.925290231248666384e-01 -7.137650238339772191e-01 -1.046089999999999243e-01
-6.892986449687518169e-01 3.032468438092019158e-01 6.579580000000000428e-01
8.754211169635819356e-01 4.538540606386977649e-01 1.662960000000000826e-01
6.798790030317262145e-01 -6.075170027090485148e-01 4.107160000000000255e-01
-4.628065420581118916e-01 -6.678107821675336453e-01 5.829569999999999474e-01
-6.679482097185226452e-01 5.420061701759683048e-01 5.099749999999998451e-01
-2.014610438143042137e-01 6.446911402092097010e-01 7.374190000000000467e-01
8.018692918461588492e-01 -5.315761934710204750e-01 -2.728229999999999822e-01
6.428551167170406533e-01 6.635731204786101678e-01 -3.826329999999999454e-01
-5.542978245287898398e-01 8.221447397378705002e-01 -1.297380000000000755e-01
-3.550001984661615918e-04 -9.438115276467325954e-01 -3.304839999999999445e-01
-4.664395443237454586e-01 -2.006502341540040979e-01 8.614950000000000108e-01
-4.293687812740414889e-01 -8.376985732656134775e-01 3.374960000000000182e-01
5.249617195075710896e-01 -3.770177985555248634e-01 7.630679999999999685e-01
5.172026420427374704e-01 3.765634674566984419e-01 7.685710000000000042e-01
9.977012913537397498e-01 -4.014101172217976465e-02 -5.459700000000010378e-02
2.693869418912160918e-01 9.269938000404848166e-01 2.609850000000000780e-01
4.888160348018320556e-01 -2.728360194248810600e-01 -8.286249999999999449e-01
-2.557610123284352888e-01 9.043630435929667089e-01 -3.416339999999999932e-01
-4.751108081195688504e-01 -4.501538181988132270e-01 7.560630000000000406e-01
3.420890914387050286e-01 6.470411729508728227e-01 6.814050000000000384e-01
-6.850432806912665207e-01 -2.196667693456309245e-01 6.945949999999999624e-01
8.578756161015368420e-01 -4.225738108986506480e-01 2.923710000000001030e-01
4.605130929969391551e-01 -8.761561769327386173e-01 -1.424010000000000831e-01
-9.126341992520643487e-01 -3.990430871216079090e-01 8.867599999999993543e-02
-2.148279528048720466e-01 -1.503612670526147110e-01 9.650079999999999769e-01
4.853261605291246950e-01 -7.836472592034365858e-01 3.877570000000000738e-01
4.202137929272034000e-01 7.878416117677038422e-01 4.502509999999999013e-01
2.668301594276076272e-01 -7.680514589009239668e-01 5.821499999999999453e-01
7.628507293558274560e-02 6.727616432223323395e-01 7.359160000000000146e-01
7.220721601353643493e-01 -3.972240880931678930e-01 5.664139999999999731e-01
2.918548864338525450e-01 -3.320868707788415808e-01 8.969610000000000083e-01
-8.437699827349310899e-01 3.110129936361082370e-01 4.374050000000000438e-01
-4.988473090880604643e-01 6.056593752693019139e-01 -6.199419999999999931e-01
2.720228586496677980e-01 4.501967660657537063e-01 8.504859999999999642e-01
-5.802737866826298552e-01 -8.063197035847516903e-01 1.145900000000000113e-01
3.233800181874596502e-01 -9.421050529856414002e-01 8.867599999999993543e-02
-2.323445507134193067e-01 -4.025599541655619507e-01 8.854159999999999808e-01
7.338610489141258464e-01 6.725060448246237277e-01 9.583099999999997176e-02
9.777924892634698439e-01 1.923168995458984787e-01 8.328300000000006531e-02
-6.776615487003004867e-01 -4.597386938295602299e-01 5.739469999999999850e-01
-2.306889133733894814e-01 -8.152486938637834024e-01 5.311799999999999855e-01
8.320930944737219281e-01 4.231710480457586132e-01 -3.585350000000000481e-01
-3.628301827265928425e-01 6.467785431341471769e-02 9.296079999999999899e-01
-2.347587426253089915e-01 -6.296583096823100689e-01 7.405530000000000168e-01
