-1.590904151445602169e-02 4.485761705542228861e-01 8.936030000000000362e-01
6.664172249936780590e-01 -3.394981146202808442e-01 6.637990000000000279e-01
8.751508119386564033e-01 -3.164809319913453600e-01 3.659929999999999573e-01
-4.695022625180690912e-01 -8.075894515565531506e-01 3.568850000000000078e-01
3.007817256738414824e-01 2.652767580559329819e-01 9.160559999999999814e-01
-6.413731001744734650e-01 1.821000284417515630e-02 7.670129999999999448e-01
6.120123590735958574e-01 3.099956753588214986e-01 7.275599999999999845e-01
-8.773959688303433202e-01 4.077999855128288664e-01 2.527359999999999052e-01
-9.716978553552666487e-01 2.869999572777934055e-04 2.362269999999999925e-01
4.019429027542738564e-01 9.143147787914556179e-01 -4.970300000000010127e-02
-6.210519139592105553e-01 -5.906039181774883629e-01 -5.152490000000000681e-01
-5.972967027829467757e-01 -3.098588458130898116e-01 7.397460000000000147e-01
6.980818301370770307e-01 -5.957438550387817999e-01 3.972040000000000570e-01
-9.773344338268907805e-01 -2.018590896027993575e-01 -6.379899999999989746e-02
-7.338071860995583062e-01 -5.224441324961437427e-01 4.342570000000000041e-01
9.760884543808557856e-01 -2.157338794079223798e-01 2.665000000000005906e-02
-9.038525700413809760e-01 -3.813178186088218569e-01 1.940290000000000070e-01
-1.406996383817643408e-02 -2.771452876968906742e-01 9.607250000000000512e-01
-3.451975017111053035e-01 -1.162391689423638713e-01 9.313040000000000207e-01
5.526545931780896259e-01 -2.933403148495456261e-02 8.328940000000000232e-01
-5.851802309027111237e-02 9.143583607911104361e-01 4.006549999999999834e-01
4.364258157855738229e-01 -8.112246575837647189e-01 3.891620000000000079e-01
2.199890167034667110e-01 -9.597570728730483447e-01 1.745599999999999652e-01
3.372588710767117082e-01 -9.269356456621256068e-01 -1.644589999999999941e-01
4.220949950140562845e-01 -6.164589927181561846e-01 6.646910000000000318e-01
8.027904666056272232e-02 -5.947033456592212275e-01 7.999270000000000547e-01
-8.416717872182224447e-01 -1.801489544568141699e-01 5.090530000000000888e-01
-8.327389809711726043e-01 5.496839874392314140e-01 -6.628200000000004921e-02
-6.602270673017706093e-01 5.632620574174185268e-01 4.968259999999999899e-01
1.301260790918797039e-01 -8.387605098066872600e-01 5.287230000000000540e-01
2.058200581595246575e-02 9.984792821448985611e-01 5.114199999999995833e-02
-6.001674694000290744e-01 3.476496926475921567e-01 7.203739999999999588e-01
2.431416096668789772e-01 -5.841938675302049688e-02 9.682300000000000351e-01
-1.318269862418803284e-01 -9.472699011382041956e-01 2.920640000000000458e-01
9.506263085377446576e-01 5.396001751340349407e-03 3.102910000000000390e-01
-3.404489109421520165e-01 2.473289353013565506e-01 9.071510000000000407e-01
3.559414450183914780e-01 -3.588064486003831322e-01 8.628810000000000091e-01
2.730729835042832732e-01 9.263109440436668729e-01 2.595750000000000002e-01
3.148319869060124954e-01 7.819779674772252553e-01 5.379510000000000680e-01
-8.415833296772999850e-01 1.854188523135364142e-01 5.073039999999999772e-01
-3.248663937701498639e-01 5.788407016120910020e-01 7.479339999999999877e-01
-1.835149582421744530e-01 -7.695408248951922658e-01 6.116610000000000102e-01
-8.380296975987445718e-01 -5.203208122433281568e-01 -1.642330000000000734e-01
-5.323569092808516645e-02 1.043863156281006899e-01 9.931109999999999660e-01
8.379703398461603170e-01 3.222071306739045515e-01 4.404409999999999714e-01
6.534163209259277183e-01 -7.250003560844815453e-01 -2.177650000000000696e-01
5.963171350653257985e-01 7.698391743679209309e-01 2.274939999999999185e-01
-3.773270397606580673e-01 7.885450830925641030e-01 4.856139999999999346e-01
3.249559622318455299e-01 5.542799355785623661e-01 7.662750000000000394e-01
-4.799649637745611597e-01 -6.089809540370570984e-01 6.314870000000000205e-01
7.092301949694674867e-01 6.959801913270025064e-01 -1.122679999999999373e-01
7.947137312403209641e-01 -3.196998918825270583e-03 6.069759999999999600e-01
-1.268498666868387616e-02 7.304662323148246594e-01 6.828309999999999658e-01
-2.615586562114505242e-01 -4.655793880498365067e-01 8.454720000000000013e-01
-5.773269203051848431e-01 8.118058879374617787e-01 -8.754900000000005733e-02
