2.405773859193013620e-01 5.438348723861273770e-01 8.039690000000000447e-01
-9.488635291258620263e-01 -1.722459145228540378e-01 2.645549999999999846e-01
-6.660970593858253075e-01 2.503160223169031973e-01 7.026069999999999816e-01
8.808908718983023134e-02 4.583434536644571677e-01 8.843990000000000462e-01
-4.391700829688439667e-01 8.808851664184945696e-01 -1.765529999999999877e-01
4.045600730749864260e-01 -6.162116344699719583e-02 9.124330000000000496e-01
4.476790625665577616e-01 7.628791066181640490e-01 4.664750000000000285e-01
9.466964403539174233e-01 1.754498962815925489e-01 2.701540000000000052e-01
2.495618515849402086e-01 -7.418655588106892740e-01 6.223779999999999868e-01
-6.366111302730743660e-01 -5.474131120200160794e-01 5.431989999999999874e-01
-8.689670536191571593e-01 -4.840180298660792801e-01 1.030670000000000058e-01
3.632608383353253534e-01 -6.327557184000131008e-01 6.838579999999999659e-01
-7.092486211692661247e-02 1.851156401217763370e-01 9.801539999999999697e-01
7.376010585822080357e-01 -4.126060327702518182e-01 5.345100000000000406e-01
6.985889170980259522e-01 -2.843643733096804516e-01 6.565900000000000070e-01
6.977150658488437962e-01 2.295200216616048172e-01 -6.786120000000001040e-01
2.750000017305429065e-03 -8.920370056135030756e-01 4.519539999999999114e-01
5.471262598592590010e-01 8.370363975529490075e-01 -4.787999999999991915e-03
8.389758999799945549e-01 -3.491609583741547285e-01 4.173799999999999732e-01
9.008244892501049428e-01 -1.524509135633089207e-01 4.065390000000000392e-01
-2.174699222610022159e-02 -6.185327788930171655e-01 7.854579999999999895e-01
5.597580602507838954e-01 1.677700180582930578e-01 8.114949999999999664e-01
-1.495050725975097805e-01 8.965164353354675431e-01 4.170209999999999195e-01
-5.396790593457375662e-01 -4.676540514255168035e-01 7.000330000000000163e-01
-7.240819989070293450e-02 3.559619826717284607e-01 9.316910000000000469e-01
6.855713683641577738e-01 2.182391172619982667e-01 6.945240000000000302e-01
-4.901819852676282396e-01 -6.162819814777052985e-01 6.163750000000000062e-01
2.785840310902496508e-01 -9.548751065649930814e-01 1.029780000000000417e-01
1.007279794066720385e-01 -5.119218953401475369e-01 8.531060000000000310e-01
-3.815478666266194918e-01 1.241116313311343422e-01 9.159789999999999877e-01
7.586642494849754614e-01 -9.202203026123081941e-02 6.449500000000000233e-01
-3.853533148373068928e-01 -5.280514314230190243e-01 7.567460000000000298e-01
-2.350840543378613645e-01 4.100950947903099775e-01 8.812250000000000361e-01
2.658229471892205042e-01 9.302228151935624245e-01 2.530290000000000594e-01
-6.855579411734028517e-01 -7.239539378787057666e-01 -7.681800000000008066e-02
9.664713516349408007e-01 -1.220750444150268260e-01 2.258999999999999897e-01
-5.026638435366815871e-01 8.189487450872187102e-01 2.768610000000001348e-01
1.245900310043795457e-02 8.694442163622363440e-01 4.938739999999999797e-01
8.963695007027648598e-02 -5.184897111899959554e-02 9.946239999999999526e-01
-8.742229557570222465e-01 -3.283649833819914932e-01 3.576460000000000194e-01
-2.151697442821889072e-01 -5.771863140447264229e-01 7.877549999999999830e-01
1.396579245597703300e-01 9.134205065897401665e-01 3.823069999999999524e-01
7.441092404757200518e-02 6.100683772933871429e-01 7.888469999999999649e-01
7.883441253287992723e-01 9.984301587277037704e-02 6.070790000000000353e-01
6.552797755288484183e-01 5.252448200733274009e-01 5.428870000000000084e-01
-7.755797786020935947e-01 4.419678738353360892e-01 4.507110000000000838e-01
-3.791843509093306697e-01 7.178536643247490634e-01 5.838710000000000289e-01
8.473121652666499859e-01 4.537290884990085038e-01 2.760289999999999688e-01
4.140467722302005882e-01 8.610375263377040289e-01 2.952619999999999134e-01
-2.470451095435385047e-01 9.662724284598112057e-01 7.270699999999991059e-02
-9.233505771063780232e-01 3.203758532681864057e-01 2.116200000000000303e-01
-2.526871179747909868e-01 -7.903523690004313762e-01 5.581150000000000277e-01
8.782004130949684351e-01 4.713972217396138475e-01 8.092399999999999594e-02
6.904696845049594911e-01 -7.113436749670455361e-01 1.313080000000000636e-01
2.601477710672120414e-01 2.280077993507268475e-01 9.382620000000000404e-01
-6.733781671036084271e-01 4.067381009349687049e-01 6.173539999999999583e-01
2.569136933120677591e-01 6.100492717603047538e-02 9.645070000000000032e-01
-9.229753107662106437e-01 -3.358381130768466893e-01 1.879610000000000170e-01
-4.707565956767489901e-01 -1.836752324153635152e-01 8.629320000000000324e-01
-7.769013190549137193e-02 5.162828765662361707e-01 8.528869999999999507e-01
-9.390333100816463663e-01 -1.365300450840904213e-02 -3.435549999999999993e-01
9.175803764572645349e-01 -2.748381127583008343e-01 2.872460000000001124e-01
-9.321820120164010515e-01 -1.452000018717352920e-03 3.619870000000000032e-01
2.968450661982033334e-01 8.517131899370729009e-01 4.318190000000000084e-01
-3.151330096274824744e-01 -2.484340075897922828e-01 9.159540000000000459e-01
-6.930542801822223153e-02 5.735538877126617092e-03 9.975789999999999935e-01
4.873368203557150169e-01 8.011377046810252978e-01 -3.473919999999999231e-01
5.570297519411472331e-01 -7.112036832837578260e-01 4.288440000000000585e-01
-5.262750798643269778e-01 1.939786608490643993e-01 8.278929999999999900e-01
4.050136795277237689e-01 4.514216428068267839e-01 7.950990000000000002e-01
4.166026589445065986e-01 1.166161844529613190e-01 9.015779999999999905e-01
6.582367366817017951e-01 -5.735587705559246352e-01 4.876010000000000622e-01
-2.320083186751552007e-01 2.423873329312560831e-01 9.420300000000000340e-01
5.515810550457338479e-01 7.663580764796801281e-01 3.293229999999999214e-01
-3.272239671733495059e-01 -6.702849327579537553e-01 6.660650000000000182e-01
6.361485386905549877e-01 -1.506968907206496788e-01 7.567070000000000185e-01
-3.664111535608308712e-01 -9.021373780806453135e-01 2.277960000000000818e-01
2.179783388050759163e-01 -3.873296020287883556e-01 8.958019999999999872e-01
5.216239915601537103e-01 -6.154979900412776983e-01 5.908219999999999583e-01
2.556608065375838845e-01 3.899717049024866711e-01 8.846239999999999659e-01
5.345001215929542915e-02 -7.341391670086613308e-01 6.768920000000000492e-01
9.886448405919585625e-01 -1.407789773009475998e-01 5.256099999999994804e-02
-8.521620892725580987e-01 6.779000710168571822e-03 5.232340000000000879e-01
8.740818949875002186e-01 -1.611759806362621783e-01 -4.582610000000001405e-01
4.157109449093822073e-01 -9.094948794724182495e-01 -1.863999999999919324e-03
-7.332673252311818768e-01 -3.385696884406801804e-02 6.790969999999999507e-01
-2.334560354317223585e-01 7.015901064806303600e-01 6.732529999999999903e-01
-8.250701099584563381e-02 6.644480885520939184e-01 7.427660000000000373e-01
6.793239964491193383e-01 3.793729980169870397e-01 6.281679999999999486e-01
-5.282258370691035321e-01 6.434778015197143430e-01 5.539979999999999905e-01
-8.904949775041895998e-01 -1.632309958764355806e-01 4.247049999999998882e-01
-7.868896440807815473e-02 -9.964105493120716250e-01 -3.120999999999991836e-02
-2.376820756297893800e-01 5.634491792879949834e-01 7.912219999999999809e-01
-1.479469407437982165e-01 -7.049647176451819819e-01 6.936400000000000343e-01
-3.929941075013840268e-01 5.939561624734528422e-01 7.019769999999999621e-01
5.720227941509794523e-01 -7.808747189931980470e-01 2.510470000000001312e-01
-7.361394102303678300e-02 -8.098643511644754156e-01 5.819800000000000528e-01
5.376450144224949046e-01 4.966520133228447542e-01 6.813770000000000104e-01
-8.054138298413087149e-01 -1.491499684892877986e-01 5.736400000000000388e-01
3.311424908940188705e-01 -2.478636189288467573e-01 9.104440000000000310e-01
-7.290527561256280320e-01 5.930758016110803110e-01 3.416770000000000640e-01
5.490071779710351541e-01 -1.277498087200910210e-02 8.357200000000000184e-01
-1.675060403693454936e-01 -8.871222137985179668e-01 4.300649999999998641e-01
-5.224789477295995743e-01 -8.343999165240670868e-01 1.754780000000000229e-01
-2.676130776495391772e-01 8.193022377254572941e-01 5.070770000000000000e-01
9.377903590615493945e-02 2.962351134226192673e-01 9.505000000000000115e-01
-6.403382770521950373e-01 8.162103531459523331e-02 7.637439999999999785e-01
-6.680549034264425812e-01 -7.375648933781261407e-01 9.849200000000009336e-02
4.930818457015910816e-01 -2.017275277583907012e-01 8.462720000000000242e-01
4.163913336087990413e-01 2.883695384944220952e-01 8.622419999999999529e-01
8.819318685478481079e-01 1.454819783158770030e-01 4.483649999999999580e-01
6.780924979392620733e-01 3.941402894264801199e-02 7.339189999999999880e-01
3.314119182295191535e-01 7.372218181025509409e-01 5.887869999999999493e-01
-3.880494257403667158e-01 2.980663270172790313e-01 8.721090000000000231e-01
2.470370944835465765e-01 -1.092205996510149935e-01 9.628309999999999924e-01
-2.463399304852661315e-02 -9.545307306407087022e-01 2.970929999999999960e-01
7.950892758257304127e-01 -6.064102103707649238e-01 9.985000000000058065e-03
8.841348582918513443e-01 -4.623699258918641530e-01 6.722800000000005161e-02
9.266053327954766328e-01 3.291571182186159850e-01 1.818190000000000361e-01
-8.742391472193733470e-01 4.736100797545834129e-01 1.067680000000000295e-01
1.547460587820631284e-01 -9.159773479444883737e-01 3.701879999999999615e-01
-2.462900632763529232e-02 9.486032437132572159e-01 3.155080000000000662e-01
-3.104494607547101520e-02 -1.853926779761571608e-01 9.821739999999999915e-01
-7.646286582506712781e-01 -4.614407937599123155e-01 4.499060000000000281e-01
-4.198539299366700894e-01 -7.465048754266336850e-01 5.161909999999999554e-01
6.816230047622532373e-01 6.864750047961523105e-01 2.532629999999999604e-01
5.634126843950466590e-01 -3.349038123980787041e-01 7.552520000000000344e-01
2.511259838651443421e-01 9.649989379987748972e-01 7.558299999999998353e-02
1.724720044135333585e-01 8.160630208829329213e-01 5.516290000000000360e-01
-1.026009570678926841e-01 9.942025839881690752e-01 -3.216000000000010517e-02
-2.001370173615497905e-01 -9.428010817864088677e-01 2.665919999999999956e-01
-3.944759173557608745e-01 4.539749048904914708e-01 7.989340000000000330e-01
8.770536122932836021e-01 3.061348646712795385e-01 3.702140000000000430e-01
8.671456002662378815e-01 -4.353507993135030674e-01 2.419260000000000577e-01
-7.633088012617742502e-01 -6.172118393001816417e-01 1.908119999999998984e-01
7.737641492285250999e-01 -6.109171178217686071e-01 -1.675390000000000490e-01
7.897499353297866564e-01 6.133049497783283899e-01 -1.233199999999989860e-02
-5.737361404365277640e-01 -6.830611671966112519e-01 4.519450000000000411e-01
-5.707356283113339535e-01 -3.018978033905957425e-01 7.636220000000000230e-01
-6.772672700569550841e-01 -3.960861579373853858e-01 6.200200000000000156e-01
-9.812027998853233290e-01 -8.966998171195669082e-03 1.927710000000000257e-01
2.925182232054343578e-01 -5.176663950042882378e-01 8.040239999999999609e-01
6.813130559236220130e-01 -7.303040599449077686e-01 -4.968399999999990185e-02
-8.706757867697229036e-01 3.144689229859191082e-01 3.781970000000000609e-01
1.311149557482048922e-01 -9.704016724857528198e-01 2.028039999999999288e-01
3.765949938310637624e-01 6.027009901272611936e-01 7.035109999999999975e-01
6.842251551469193949e-01 -6.577091491344589924e-01 3.150470000000000770e-01
3.927860967014366045e-01 9.180072260075351487e-01 -5.460600000000002952e-02
4.371479270701206787e-01 -8.244018624641119564e-01 3.595320000000000182e-01
-5.403577226252932464e-01 3.584368160083540866e-01 7.612729999999999775e-01
9.807967247535390731e-01 -1.537809568435914709e-01 -1.199550000000000338e-01
2.890861076651215500e-01 -8.404163129985220415e-01 4.583989999999999454e-01
5.131298172915172567e-02 9.894386476937636621e-01 -1.355659999999999643e-01
-6.607458409725734949e-01 5.516028672409587497e-01 5.090670000000000472e-01
7.795399211364429926e-01 4.223689572702853945e-01 4.625170000000000670e-01
-9.167594988757452046e-02 -4.799167376652025974e-01 8.725110000000000365e-01
-6.496790997751681340e-01 7.260601115054641230e-01 2.252859999999999030e-01
-4.478840900403279202e-01 7.803371568749930542e-01 4.364329999999999599e-01
7.948916206822972397e-01 2.682108720113167144e-01 5.442519999999999580e-01
-6.107734658817334239e-01 -1.115879024169510458e-01 7.839030000000000165e-01
6.127922504427900652e-01 6.546252675395755061e-01 4.426639999999999464e-01
6.143490759263087186e-01 -4.633560572653503407e-01 6.386519999999999975e-01
-9.996453581460676974e-01 -1.948400698059604697e-02 1.815300000000001981e-02
9.786372567673518041e-01 1.878950492984646781e-01 8.345399999999991714e-02
-2.659926886298670246e-01 -4.237415039696424413e-01 8.658470000000000333e-01
1.762301735979352746e-01 -6.367786272674684778e-01 7.506369999999999987e-01
2.057351854161765803e-01 6.878366199038630224e-01 6.960990000000000233e-01
7.961611716334620059e-01 3.105250669418381237e-01 -5.193279999999999008e-01
4.050346408748261573e-01 -3.782135984366513659e-01 8.324070000000000080e-01
3.305180039750995613e-01 -8.781340105612104319e-01 -3.458880000000000843e-01
3.010769143465676367e-01 -9.122267404804298430e-01 2.778399999999999759e-01
-9.435161001295180316e-01 1.590230168761274376e-01 2.906699999999999284e-01
5.425748670585603950e-01 -8.330377958894695789e-01 -1.079840000000000105e-01
-4.528795218086788948e-02 -7.535472043364392913e-01 -6.558320000000000816e-01
-2.276600275926102535e-01 6.389628840967158385e-02 9.716420000000000057e-01
-1.117209464354271820e-01 7.984986171600877425e-01 5.915390000000000370e-01
1.287420642292278483e-01 -8.283264132508376676e-01 5.452529999999999877e-01
-3.565143720171266017e-01 -6.235071528245543504e-02 9.322070000000000078e-01
1.374022690163174132e-01 -2.418614735342683453e-01 9.605329999999999702e-01
5.556131905485457434e-01 3.390231162685891642e-01 7.591820000000000235e-01
-6.941399770440567774e-02 9.875949673391883898e-01 1.408470000000000277e-01
4.687005490123374307e-01 -5.004695184439643674e-01 7.279079999999999995e-01
9.479666484406168436e-01 -3.152658830816679747e-01 -4.434700000000006692e-02
-1.485628300445480665e-01 -3.101046452411744259e-01 9.390230000000000521e-01
-7.702770955842714873e-01 1.317700163514418099e-01 6.239470000000000294e-01
-4.260608411863835987e-01 -3.663838634308984599e-01 8.271849999999999481e-01
7.736844613981380681e-01 -5.134776425415940038e-01 3.711510000000000087e-01
-7.840886273635140347e-01 2.902068620797936815e-01 5.486210000000000253e-01
5.576091506573495060e-01 8.137452198613452925e-01 1.639840000000000464e-01
-1.962835423581164862e-01 -1.249770718946057041e-01 9.725500000000000256e-01
8.113426969924912857e-01 -2.228199167847222106e-01 5.404390000000000027e-01
-9.415629719754075033e-01 -3.366919899787311765e-01 9.883000000000063609e-03
-2.273990289063280712e-01 -9.689011231639991228e-01 9.757199999999996431e-02
8.377992330932388931e-01 -4.691971305404379344e-01 -2.791890000000000205e-01
4.115392764320986996e-01 -7.399954970570731261e-01 5.320169999999998511e-01
7.426500743941832905e-01 5.618740562851375353e-01 3.643739999999999202e-01
7.909837806826187645e-01 -5.817068387091824944e-01 1.896359999999999157e-01
-8.313290620600426450e-01 -4.803690358603162069e-01 2.795310000000000294e-01
-5.663429460891312717e-01 8.213849218113777884e-01 -6.769399999999996254e-02
5.061135931633515828e-01 -7.172994234027752283e-03 -8.624370000000000092e-01
-3.315479679844270389e-01 -8.560389173375222427e-01 3.965770000000000683e-01
9.462128566958388776e-01 -2.995399546346029784e-01 1.222990000000000327e-01
-3.802509559381689885e-01 9.078318948043787584e-01 1.767780000000000462e-01
9.866776916119632812e-01 3.331298958796014009e-02 1.592400000000000204e-01
9.300104227656627587e-02 1.257354091355030734e-01 9.876949999999999896e-01
-5.989386660963625930e-01 6.970416114047350842e-01 3.942150000000000376e-01
5.013601980395038238e-01 6.387222522981248485e-01 5.836710000000000509e-01
2.476904156476913629e-02 -3.664576149501642122e-01 9.301049999999999596e-01
-5.426093674551636381e-01 5.077954080394064817e-01 6.691179999999999906e-01
1.062239966222329746e-01 9.735429690427638283e-01 2.023130000000000761e-01
2.041121290085192719e-01 -9.472315986951710398e-01 -2.471649999999999403e-01
7.908459895108935767e-01 5.879729922016279087e-01 1.698539999999999217e-01
8.583082468103635509e-01 -2.608500750086022169e-02 5.124710000000000099e-01
-7.105046495370944681e-01 -6.004367038291134051e-01 3.669590000000000352e-01
9.792996107577904841e-01 1.787879289371631375e-01 -9.490600000000000425e-02
-6.321267427781411818e-01 -7.250117049818558534e-01 2.734480000000000799e-01
-4.100449744294235588e-01 -9.040929436203853919e-01 -1.203290000000000748e-01
