-1.704721435589449108e-01 -4.389553696555248408e-01 8.821890000000000009e-01
5.546827317740598007e-01 -7.703706274746372484e-01 3.144139999999999713e-01
3.451120342604967473e-01 -7.276740722387884386e-01 -5.927800000000000846e-01
-4.167330372255638737e-01 2.542940227153537291e-01 8.727359999999999562e-01
-7.638746496555928189e-01 3.494378397334000907e-01 5.425759999999999472e-01
7.474652799606777975e-01 -3.746831403363456436e-01 5.485510000000000108e-01
2.843459203023667170e-01 -5.870458354604008999e-01 7.579740000000000366e-01
6.363152708917202416e-01 -7.409273154270913375e-01 -2.147780000000000800e-01
-0.000000000000000000e+00 0.000000000000000000e+00 1.000000000000000000e+00
4.329383291532482581e-01 3.797142886882105550e-01 8.175459999999999949e-01
6.320990087041527920e-03 5.207611833108528598e-01 8.536789999999999656e-01
4.511564062320554958e-01 -1.361781226180497351e-01 8.819939999999999447e-01
-1.508889273195155034e-01 -8.631405842406937312e-01 -4.818930000000000158e-01
5.990568915951288709e-01 6.761298776480610950e-01 4.289279999999999204e-01
2.265351042835173634e-01 9.738614483088731122e-01 -1.660500000000010579e-02
-9.469883608005740250e-01 -2.640401005987230709e-02 3.201809999999999934e-01
-6.252720540055288767e-01 -7.755870669884247226e-01 8.659999999999992704e-02
-7.651741845395574337e-01 -4.608841111529267121e-01 4.495489999999999764e-01
-3.632007016189314208e-01 -7.454733875696141210e-01 5.588870000000000227e-01
8.959526586546671112e-01 -4.439708308533720227e-01 1.259899999999998695e-02
-5.929385759469949502e-01 -1.760691710236340080e-01 7.857629999999999892e-01
7.948300295879064115e-02 -8.990400334671714289e-01 4.305919999999999748e-01
-9.038532159765567675e-01 -4.191471001555846509e-01 -8.582000000000006290e-02
9.788161482413184622e-01 -3.794100574615030808e-02 2.011950000000000405e-01
7.910672607619451124e-01 1.769590583315611143e-01 5.855749999999999567e-01
-2.331989064108254128e-01 9.680706114864736644e-01 9.196500000000001895e-02
