-2.386848571960261123e-01 8.093955157426514502e-01 5.365710000000000202e-01
1.411876485429847117e-01 2.860003137374197979e-01 9.477710000000000301e-01
3.523347550255273575e-01 -4.712446723487721534e-01 8.085719999999999574e-01
2.078440364272127749e-01 7.617111334992049398e-01 6.136749999999999705e-01
-3.750489655155222479e-01 4.578639579009650684e-01 8.060389999999999500e-01
-9.785085897883673001e-01 -3.514498526647379800e-02 2.031890000000000918e-01
7.964898274491510888e-01 -5.137048887114290530e-01 3.189219999999998723e-01
4.984824063945009764e-01 -6.895205621409326024e-01 5.254299999999999526e-01
-8.759802304885348778e-02 -9.297862446460114505e-01 3.575250000000000372e-01
9.589592962323870706e-01 2.423690748702993780e-01 1.471540000000000625e-01
6.346449219543185416e-01 -6.822349161019223285e-01 3.630169999999998676e-01
-5.181260315890188206e-01 7.977980486400145788e-01 3.083240000000000425e-01
-3.123700022043124011e-02 9.993890070524233948e-01 1.567999999999991276e-02
-1.996687319720270026e-01 -5.493172626166802353e-01 8.114080000000000181e-01
8.003731227525976433e-01 2.234050342634547603e-01 5.563209999999999544e-01
-5.141187455554056818e-02 -2.674543474140687049e-01 9.621979999999999977e-01
-2.627865774390718556e-01 9.116954726693964062e-02 9.605369999999999742e-01
-2.635559277739528139e-01 -8.470137678805527148e-01 4.616340000000000443e-01
9.989164583989780244e-01 4.008401839440416808e-02 2.364699999999996666e-02
-8.463258157577874252e-01 1.123839755343957469e-01 5.206749999999999989e-01
-4.397284633497524631e-01 -2.197272315305168477e-01 8.708380000000000010e-01
5.298336226219820810e-01 -3.349627614202316250e-01 7.791510000000000380e-01
3.353092818251460216e-01 -2.659162235007575537e-01 9.038009999999999655e-01
-7.501911190250563077e-01 -5.870000931332151374e-03 6.611949999999999772e-01
9.793061213588740710e-01 -1.585200196443284082e-01 1.258210000000000717e-01
4.197801547111512654e-02 9.696933573832022812e-01 2.406919999999999060e-01
4.706719103772594170e-01 -8.213978435939681688e-01 3.221390000000000642e-01
-2.078472149953345949e-01 -7.360177613303112709e-01 6.442649999999999766e-01
3.437871061431454489e-01 8.203812532900308652e-01 4.569299999999999473e-01
9.398709399247242580e-01 -3.412629781869332968e-01 -1.349799999999990417e-02
-4.307172278828564349e-01 -7.230173825323340520e-01 5.401190000000000158e-01
-5.524012388929754741e-02 3.871368682477749346e-01 9.203660000000000174e-01
4.227059582106496016e-01 -9.018669108400731993e-01 8.919500000000006590e-02
-6.956468150842129994e-01 4.457778815039960540e-01 5.633449999999999847e-01
-7.990211160351748942e-01 -5.907860857949378541e-01 1.119689999999999852e-01
-8.853344927843428414e-01 -8.691404837706269426e-02 4.567589999999999151e-01
-2.520452612095671063e-01 3.154953269666621041e-01 9.148420000000000440e-01
-6.081273726302184324e-01 1.185140726195313410e-01 7.849429999999999463e-01
1.592901542199582632e-01 -3.805623684490912484e-01 9.109329999999999927e-01
8.166232099453837323e-01 -1.701470437430457061e-01 5.515219999999999567e-01
-6.636539701646045897e-01 -7.067369682277544474e-01 2.451250000000000928e-01
5.642681617328120236e-01 7.067202025629896189e-01 4.267879999999998897e-01
3.845939526372076367e-01 -9.130018875637057052e-01 -1.360699999999998855e-01
6.793021369307201685e-01 -5.227031053641800762e-01 5.151020000000000598e-01
2.336251037971321109e-01 -9.715594316534522656e-01 3.862100000000003724e-02
-4.416341086644227087e-01 7.380041815865143739e-01 5.102050000000001306e-01
9.234460054050465105e-01 -1.636380009577939332e-01 3.470880000000000076e-01
-6.093440693933949159e-01 -3.237310368671770799e-01 7.238080000000000069e-01
2.868670122106263820e-01 -9.192370391277476793e-01 2.696490000000000831e-01
-9.122200409234707541e-01 3.314620148698508850e-01 2.408060000000000200e-01
1.776499621660156680e-01 -9.659907942736375430e-01 -1.878889999999999172e-01
3.399019921342733008e-01 -6.567389848022976429e-01 6.731719999999999926e-01
-5.258771469585040714e-01 5.545551549726897012e-01 6.449200000000000488e-01
-7.649475928691036319e-01 -2.135008863676307878e-01 6.076780000000000515e-01
5.906751866580722821e-01 -7.956362514274042397e-01 1.344089999999999174e-01
-3.114499814776265363e-01 -9.136459456641758958e-01 2.612469999999998960e-01
7.339060559641981119e-01 5.881420448489254049e-01 3.398100000000000565e-01
1.441949590392204439e-01 8.969777451997779094e-01 4.178979999999998807e-01
-5.533815924806043673e-01 -5.319635695492974659e-01 6.409240000000000492e-01
-3.898899482312141729e-02 -8.321428895097779943e-01 5.531890000000000418e-01
-6.469183862185697020e-02 1.761682837281547398e-01 9.822319999999999940e-01
-6.200737099044895118e-01 -6.393357008929527741e-01 4.547070000000000278e-01
-2.399656523462044555e-01 -3.510779544048025502e-01 9.050749999999999629e-01
-7.126092418514029525e-01 -4.377841485789186748e-01 5.482089999999999463e-01
-7.847932375989027376e-01 5.059191531687963206e-01 3.579740000000000144e-01
-4.898949708857313623e-01 -8.679599484174764790e-01 -8.153799999999994386e-02
-5.139180016149493824e-01 -8.457110026575844763e-01 1.437399999999999789e-01
-7.326377976003425330e-01 6.794128123043599032e-01 4.049799999999992295e-02
-8.888066333500559413e-01 -4.113208303221941309e-01 2.020839999999999026e-01
9.824097269897360540e-01 -1.553479568290240531e-01 -1.036250000000000365e-01
5.643479600643416250e-01 -3.574659747041895597e-01 -7.441299999999999581e-01
8.313896631543971072e-02 -9.737936054580561551e-01 2.116929999999999368e-01
-4.386759186252788822e-01 2.272159578512646383e-01 8.694460000000000521e-01
5.118198481191851279e-01 6.861884556923293632e-02 8.563479999999999981e-01
6.920005030821052561e-01 -3.371007579316803726e-01 6.383560000000000345e-01
3.325951107824169362e-01 1.845805065103889031e-01 9.248300000000000409e-01
-9.025826928119553560e-01 -4.298798536932377234e-01 -2.340500000000001260e-02
4.301500766463967063e-01 6.741281201196839268e-01 6.004350000000000520e-01
9.112500239661949220e-01 -3.464520091118092338e-01 2.226979999999998960e-01
7.348407234429048529e-01 -6.555607532798987114e-01 1.739229999999998832e-01
-6.663306416421183043e-01 -7.454505990907800417e-01 1.751799999999992252e-02
9.694663357311755769e-01 3.919401357308837514e-02 2.420720000000000927e-01
9.688282834441861446e-01 2.373550694415260676e-01 -7.095300000000007157e-02
7.756796370188835388e-01 2.043299043833390893e-02 6.307960000000000234e-01
9.025203608854590609e-01 2.384130953328291169e-01 3.586310000000000886e-01
4.822481260473904241e-01 4.954021294855122659e-01 7.225049999999999528e-01
-3.669137930516586099e-01 -6.059826582109794080e-01 7.058039999999999869e-01
6.273979920604135785e-01 5.469489930784783294e-01 5.542730000000000157e-01
8.683926176718202994e-01 4.298978107284146533e-01 2.471480000000000621e-01
-9.964195397925307285e-02 9.128525783888635781e-01 3.959440000000000737e-01
-2.569220687732511887e-01 -1.335435159649195624e-01 9.571610000000000396e-01
-7.231753046052403766e-01 2.418631018740100835e-01 6.469310000000000338e-01
-2.153499760249638281e-02 -4.761229469929594837e-01 8.791149999999999798e-01
8.565429622267768384e-01 -5.100399775074284658e-01 7.869799999999992079e-02
-9.352501661716465797e-01 1.262380224294854247e-01 3.307130000000000347e-01
3.220241054326948293e-01 -8.807212883536270631e-01 -3.473190000000000444e-01
3.142917136666771860e-01 4.056206304620901815e-01 8.583079999999999599e-01
-6.122676288907036302e-01 -1.146151177269198462e-01 7.822989999999999666e-01
6.580980569714993678e-01 1.492027861983054593e-01 7.380010000000000181e-01
1.651528491720019587e-01 -5.848574658712752949e-01 7.941449999999999898e-01
-6.665099557852521839e-01 1.265819916028398384e-01 -7.346709999999998519e-01
-8.366582447659357546e-01 3.155590923174033668e-01 4.476890000000000591e-01
-5.702209153067746561e-01 8.164578787339271670e-01 9.079999999999992244e-02
3.397910521382077054e-01 9.395131441607454947e-01 -4.309399999999992403e-02
1.089091375389973915e-01 4.992966305509299318e-01 8.595589999999999620e-01
-4.223327601735162862e-01 -4.202967613296813565e-01 8.031099999999999905e-01
-8.410323611672622102e-01 -3.277321407390793584e-01 4.304139999999999078e-01
5.724707058558144851e-02 6.627188171316470422e-01 7.466770000000000351e-01
1.308580243738711180e-01 9.802451825823820242e-01 -1.483089999999999131e-01
1.321904122854508923e-01 6.743223054150331019e-02 9.889280000000000292e-01
2.871780115928214694e-01 9.276190374461884547e-01 2.388550000000000395e-01
8.238863757470139548e-01 -3.502601597419413015e-01 4.455659999999999621e-01
8.941945307359069339e-01 3.292798271973332996e-02 4.464659999999999740e-01
1.660000923498869407e-03 8.224444575458783602e-01 5.688429999999999875e-01
-1.371170501824439947e-01 7.060102583874154902e-01 6.948010000000000019e-01
5.005207684191614881e-01 2.943058638306280117e-01 8.141639999999999988e-01
-6.342320976549624401e-02 -4.567427045987628581e-02 9.969409999999999661e-01
-3.381599879812922094e-01 6.415469771984685377e-01 6.885240000000000249e-01
3.199850355189354234e-01 -8.125160901908008437e-01 4.872649999999999482e-01
4.685860782747355291e-01 8.358131396180030759e-01 2.860830000000000317e-01
-8.430621576155417074e-01 5.174370967379779973e-01 1.466459999999998876e-01
5.000546676470265517e-01 -1.369219089971425996e-01 8.551010000000000000e-01
-7.745926207571954825e-01 -5.319747395436172921e-01 3.420660000000000367e-01
-6.237420781115035062e-01 6.348240794993074143e-01 4.560090000000001087e-01
7.930252336027920901e-01 5.984131762755873218e-01 1.140729999999999800e-01
-1.611101276877343058e-01 5.399654279492733799e-01 8.261239999999999695e-01
-9.334929760817369804e-01 -2.126799945506434031e-01 2.887179999999999191e-01
3.202936616221485067e-01 -3.754507755587404433e-02 9.465740000000000265e-01
1.544490626414287415e-01 -7.623803092060970066e-01 6.284279999999999866e-01
6.455652914616724081e-01 7.366273325746242051e-01 2.015579999999999039e-01
-6.915251508231287092e-01 6.776041477869280127e-01 2.502910000000000967e-01
1.379313753790715746e-01 -1.617364401643540395e-01 9.771469999999999878e-01
-4.825761423139675044e-01 -8.021962365714322418e-01 3.515699999999999381e-01
-2.140402537315656134e-02 -6.743177993623076238e-01 7.381309999999999816e-01
6.586554387539353961e-01 3.600912398696485273e-01 6.606870000000000243e-01
7.843952382475435359e-01 4.154131261751117243e-01 4.606040000000000689e-01
5.273860986757863412e-01 -5.224940977604758396e-01 6.699730000000000407e-01
-4.480488688676027564e-01 3.450006690339540885e-04 8.940090000000000536e-01
1.767829468536070980e-01 9.815267049228740825e-01 7.316499999999992454e-02
-2.818728607078669346e-01 -5.994497037720208921e-01 -7.491379999999998596e-01
1.283709968884958474e-01 -8.957839782876526602e-01 4.255490000000001216e-01
