-7.094594099997179049e-01 1.206598996568750484e-02 7.046430000000000193e-01
1.358959571300301927e-01 -6.207898041645923959e-01 7.721090000000000453e-01
8.252068530582684636e-01 5.338339049420421922e-01 1.845399999999999263e-01
-7.951020797725105727e-01 -1.763930176974933539e-01 5.802570000000000228e-01
-9.505067939840476932e-01 2.735719407051226959e-01 1.472929999999999517e-01
-2.628297589571999548e-01 7.512393110337743929e-01 6.054420000000000357e-01
2.576728927214537168e-01 -1.197494854094479158e-02 9.661579999999999613e-01
5.102120560528591309e-01 -7.121970782433146852e-01 4.821400000000000685e-01
-7.248840611469373751e-01 6.727590567499800445e-01 1.481160000000000809e-01
9.128937752642417580e-01 3.152799223845376697e-01 2.592750000000000332e-01
5.146055937411365688e-01 3.812854399191404342e-01 7.679859999999999465e-01
7.279512003827121047e-01 -5.219971436898563910e-01 4.445289999999998964e-01
-9.970485188799708132e-01 7.672603992945618845e-02 2.714000000000007639e-03
4.496200460996900294e-01 -8.512010872739251832e-01 2.707370000000000054e-01
-2.177410821195350787e-01 9.467213570493768771e-01 -2.372920000000000862e-01
-4.178420562109479430e-01 8.111151091167067007e-01 4.092679999999999652e-01
-2.425719562644134686e-01 -3.622114279057810776e-02 9.694570000000000132e-01
-3.360299312364361524e-01 1.774864354936339650e-01 9.249770000000000492e-01
-5.830669700467332461e-01 -7.251929627454487548e-01 3.662349999999999217e-01
9.000953473025012919e-01 1.422270548784215494e-01 4.118250000000000521e-01
-8.077456873845920704e-01 -3.924918480969926127e-01 4.398829999999999685e-01
-8.663160003221739291e-01 4.907200001824948976e-02 4.970799999999999663e-01
-8.793558202725173523e-01 2.748169438314315705e-01 3.888560000000000905e-01
-8.840415931625678070e-01 4.668097851733495895e-01 2.364499999999992302e-02
-6.744934101750612587e-01 -3.906616583777022256e-01 6.264520000000000088e-01
6.893749359481705641e-01 -1.037059903643749587e-01 7.169429999999999970e-01
9.487402819280654764e-02 9.137102715185326796e-01 3.951359999999999317e-01
-1.700320176559679819e-01 8.847200918685189652e-01 4.340040000000000009e-01
7.579293579069058540e-01 -6.470643055545758360e-01 8.276999999999992697e-02
3.153100932150052632e-02 -9.136322700967646204e-01 4.053170000000000384e-01
-3.097070223674115996e-01 9.272530669673255677e-01 2.104359999999999842e-01
5.590809720181334486e-01 -3.031269848285682023e-01 7.717140000000000111e-01
3.198167612773644697e-01 8.609543573529651050e-01 3.955690000000000039e-01
6.112979821225640320e-01 5.321609844369289410e-01 5.857639999999999514e-01
-1.946789815560377446e-01 4.255939596790630497e-01 8.837249999999999828e-01
6.530108947532075048e-01 -6.985808874086202325e-01 2.925089999999999635e-01
7.853181024749833483e-01 9.693201264851319943e-02 6.114570000000000283e-01
1.010232692707838664e-01 -2.133804565602075431e-01 9.717320000000000402e-01
-4.398807693201400859e-01 -8.675025450690745377e-01 2.322590000000000487e-01
7.381272940127768800e-01 -3.207521277628188616e-01 5.935369999999999813e-01
-8.184980549644121917e-01 -5.706110383181122181e-01 6.681300000000002515e-02
3.594826048929762874e-01 -2.374707389961137616e-01 9.024299999999999544e-01
3.355567940355222434e-01 -6.870615782821813955e-01 6.444750000000000201e-01
-2.139540537912316132e-01 -9.165372304310932527e-01 3.379099999999999326e-01
-3.549988194561283783e-01 -6.469256709891447743e-01 6.748800000000000354e-01
-3.294499875289368801e-02 -9.842129627434155204e-01 1.738949999999999663e-01
-6.865070781422002444e-01 -7.188890818281071793e-01 -1.091170000000000057e-01
2.001898022823652423e-01 -4.151605899662773047e-01 8.874490000000000434e-01
3.919248323939124590e-01 1.919314076356538612e-01 8.997540000000000537e-01
-9.817892730995053663e-01 -1.497440416535654184e-01 1.169040000000000773e-01
6.798018255472219051e-01 6.380238362684144127e-01 3.616559999999999775e-01
2.856015139058819541e-01 4.183957528532863956e-01 8.621929999999999872e-01
-5.842768040851923361e-01 8.095037285639848923e-01 -5.765699999999989583e-02
1.509578842287440936e-01 2.153028348818961657e-01 9.648090000000000277e-01
3.878179268941776003e-01 5.919768884090851335e-01 7.065129999999999466e-01
-5.842678238572436289e-01 1.956032758138802619e-01 7.876360000000000028e-01
9.337042335778547031e-01 3.573940894066254259e-01 2.158399999999989494e-02
-3.243606449580765244e-02 -4.597979142612804715e-01 8.874309999999999699e-01
5.222461284441155538e-01 8.112481995228910669e-01 2.629359999999999475e-01
-9.006638972357248196e-01 -3.774209569368872641e-01 2.153090000000000559e-01
-3.788489184605076665e-01 9.249448009245220259e-01 -3.083200000000007115e-02
-4.871026377852722411e-01 -1.528298863540625795e-02 8.732109999999999594e-01
-3.818235838121358250e-01 -2.448653744016431877e-01 8.912080000000000002e-01
-9.830761604127269404e-01 -1.205700196739238617e-01 -1.379279999999999951e-01
7.973838645629353072e-01 4.237179280307578622e-01 4.297000000000001374e-01
-2.994830382441539540e-01 -9.375781197292578639e-01 -1.767970000000000097e-01
-3.485670683850460305e-01 5.768021131622653730e-01 7.387829999999999675e-01
-4.255442111026515595e-01 3.703351837147286774e-01 8.256900000000000350e-01
-5.119181353024744308e-01 6.430371699578785183e-01 5.695989999999999664e-01
8.757139254855013100e-01 -3.013779743557478685e-01 3.772220000000000573e-01
-3.826661150119412547e-01 -7.880622368554832669e-01 4.822079999999999700e-01
-8.329262389960138124e-01 4.866091396253826029e-01 2.635249999999999537e-01
8.433205511121482090e-01 -4.845417420851402812e-01 2.324430000000000662e-01
9.629563487181334036e-01 -5.759402085668730020e-02 -2.634349999999999747e-01
9.578362105320207265e-01 -7.335801612406298022e-02 2.777920000000000389e-01
-2.638281652434839586e-01 -4.682052932510020749e-01 8.433140000000000081e-01
-7.349408360212182911e-01 4.768678936020255277e-01 4.821400000000000685e-01
-6.854397975792830833e-02 9.693007137508693472e-01 2.361309999999999243e-01
4.805523001508388847e-01 7.167004476479262864e-01 5.053809999999999691e-01
4.962573567096341121e-01 -4.700593906696327179e-02 8.669019999999999504e-01
8.822504748653489659e-02 -7.884174243603440102e-01 6.087810000000000166e-01
-6.511341473945901903e-01 -7.477791692717309369e-01 1.298100000000000087e-01
-9.939440534074184264e-02 2.162927059587546330e-01 9.712560000000000082e-01
-5.972721765272863692e-01 4.377781293878875712e-01 6.720239999999999547e-01
9.171439231257795255e-01 1.682859858944123488e-01 -3.612849999999999673e-01
0.000000000000000000e+00 0.000000000000000000e+00 1.000000000000000000e+00
7.192312513430422216e-01 3.163621105561182922e-01 6.185640000000000027e-01
-6.389060384254106051e-01 6.747640405820005682e-01 3.694490000000000829e-01
6.078399684800808167e-01 1.487529922863211618e-01 7.800019999999999731e-01
-4.759001484049023636e-03 7.962112482908507705e-01 6.049999999999999822e-01
1.436609962200046109e-01 6.208319836647236967e-01 7.706680000000000197e-01
-5.807785732296149028e-01 -5.941385864159749453e-01 5.565029999999999699e-01
8.551209686206426852e-01 -1.054249961313442896e-01 5.075960000000000472e-01
4.347296002578347057e-02 4.336336012656269445e-01 9.000399999999999512e-01
-1.402445078658065003e-01 -2.520421155550748860e-01 9.575000000000000178e-01
-6.025971212738384652e-01 -2.050500412667182193e-01 7.712529999999999664e-01
-2.718740379404040453e-01 -9.583991337459460969e-01 8.692300000000009741e-02
3.933091161475627540e-01 -4.906061448802115921e-01 7.775689999999999547e-01
-9.839798614442164804e-02 6.310869111356391947e-01 7.694459999999999633e-01
9.733002756731247429e-02 9.920722809900225370e-01 7.949499999999994071e-02
-4.819276118215183868e-01 -4.427696433621075012e-01 7.561090000000000311e-01
-7.556575481832823460e-01 2.489228511660395438e-01 6.058210000000000539e-01
5.750624519008784574e-01 -5.238275007335427835e-01 6.284170000000000034e-01
-1.480060620091556145e-01 9.889864143493286575e-01 -2.790000000000214726e-04
4.887661312796048318e-01 8.721622342574619768e-01 2.099300000000007410e-02
2.812868733178358061e-01 -8.438726199481031420e-01 4.568990000000000551e-01
-1.138780701555578978e-01 -6.581304054468580800e-01 7.442419999999999591e-01
-5.310888891209321061e-01 8.272368272920966881e-01 1.833679999999999755e-01
9.526821004304237839e-01 -2.753870290309180513e-01 1.286810000000000453e-01
-1.547829590634818842e-01 -8.124967851133643171e-01 5.620420000000000416e-01
2.337121982212022608e-01 7.662696499057061184e-01 5.985059999999999825e-01
-7.544431950049095281e-01 -5.773401492281514669e-01 3.122399999999999065e-01
