-7.749880965236261021e-01 1.647080205141413511e-01 6.101349999999999829e-01
1.146035424467064801e-01 -1.117045287249626984e-01 9.871109999999999607e-01
3.536858879605541128e-01 9.157937098978974344e-01 1.903370000000000339e-01
9.949427995651805023e-01 -6.696198651026603887e-02 7.486599999999990485e-02
9.934424301665070178e-01 1.029290445688911815e-01 4.977700000000009201e-02
-6.284241007721597105e-01 6.306811011340855977e-01 4.553289999999998727e-01
-2.706520922602411727e-01 5.764361964963286011e-01 7.710179999999999811e-01
-6.778211452215734401e-01 -6.540361401256925555e-01 3.358500000000000374e-01
7.671821918443738619e-01 1.310700327758498873e-01 6.278949999999999809e-01
-5.178161466257031886e-01 4.274041210244797218e-01 7.410750000000000393e-01
-2.705998710578275124e-02 4.274307963271187782e-01 9.036429999999999740e-01
7.383189515380423895e-01 3.064729798836525743e-01 6.007989999999999720e-01
6.247534640405449924e-01 -3.237442404635786919e-01 7.105439999999999534e-01
-4.143206449139706926e-01 -7.070793940103694553e-01 5.730420000000000513e-01
-0.000000000000000000e+00 0.000000000000000000e+00 1.000000000000000000e+00
3.999643435995525187e-01 -1.487641277996115396e-01 9.043769999999999865e-01
5.151615037483702197e-01 2.925547181839973088e-01 8.056179999999999453e-01
6.099588156099017278e-01 7.923197604823229989e-01 1.340300000000005202e-02
5.508998972717732423e-01 -8.039318500880219265e-01 -2.240600000000000092e-01
8.427199169451877747e-01 2.237149779516241221e-01 4.896680000000000477e-01
-3.964562879986534560e-01 1.421097447831383143e-01 9.069880000000000164e-01
-9.809058195730676610e-01 -1.537589717177132165e-01 1.190880000000000272e-01
8.549615399577530361e-01 -1.369440864881258380e-01 5.002870000000001482e-01
8.400438658028535066e-01 5.265469158840431207e-01 1.306699999999998973e-01
5.074397357450324275e-01 -6.373136681117167468e-01 5.799450000000000438e-01
-9.124152364784092750e-01 -3.749230971720047267e-01 -1.641070000000000584e-01
4.739710154970483424e-01 -2.892660094578976548e-01 -8.316710000000001601e-01
2.694590117578346544e-01 5.055610220601378657e-01 8.196339999999999737e-01
7.993224344932374770e-01 3.915877229584759367e-01 4.557880000000000265e-01
7.494177074173414832e-01 -2.290009105949932233e-01 6.212339999999999529e-01
4.852642618688352560e-01 8.707044698684477391e-01 -7.995200000000002305e-02
-7.610914752602699895e-01 3.184381988473519720e-01 5.650990000000000180e-01
-9.743994559033184455e-01 -5.219502442107769313e-02 -2.186809999999999865e-01
8.755398180141150677e-01 3.655599240163097674e-01 -3.159049999999999914e-01
-1.390468178386340403e-01 3.014746050465107463e-01 9.432810000000000361e-01
7.493089220195275901e-01 -6.418479332029772833e-01 1.629949999999999732e-01
6.816891965536970854e-01 4.712221358690344974e-01 5.596870000000000456e-01
-2.947955649908388098e-01 -3.258356244807068536e-01 8.982909999999999506e-01
5.009429579203850125e-01 8.220869309440306250e-01 2.706090000000000440e-01
-2.797041732985719453e-01 -8.157755054366135905e-01 5.062370000000000481e-01
6.286630053699548970e-01 6.967810059518098065e-01 3.453680000000000638e-01
2.077909576270239589e-01 9.343908094579292944e-01 2.893729999999999913e-01
-3.300234852455689039e-01 -1.629892519056894834e-02 9.438320000000000043e-01
7.270501222397431074e-02 -6.606681110788621414e-01 7.471489999999999521e-01
1.905420556870637550e-01 6.379831864544298625e-01 7.461039999999999894e-01
-6.671190730351114206e-01 7.429290813346679512e-01 -5.484999999999991965e-02
-3.679587527294572724e-01 4.402657041387417758e-01 8.190070000000000405e-01
-1.954799234151267107e-01 -9.789046164860067956e-01 5.944200000000002260e-02
-1.117899840409223300e-01 9.843228594786013197e-01 1.364239999999999897e-01
-5.513496235099225595e-01 -1.861042104614149817e-01 8.132519999999999749e-01
4.941010961954824254e-01 7.557081471271979156e-01 4.298480000000001189e-01
8.579286201520355259e-01 4.823103486370980408e-02 5.114999999999999547e-01
4.519172702472231129e-01 4.467522671585432703e-01 7.721289999999999543e-01
-4.834138934326858705e-01 -2.506504632455114345e-02 8.750329999999999497e-01
-9.634132088890857704e-01 -2.670820579092401670e-01 -2.240899999999999836e-02
-4.294340186242829316e-01 5.709880247633911665e-01 6.996850000000000014e-01
-2.589462064614659886e-01 -7.143755695817263218e-01 6.500879999999999992e-01
-3.290861641294520190e-01 6.950273466400896938e-01 6.392489999999999561e-01
7.124491528854687283e-01 6.975111496799015764e-01 -7.677500000000009317e-02
-5.736377739675032617e-01 5.519507825129045253e-01 6.052189999999999515e-01
-6.503738382229543591e-01 4.063678989181385703e-01 6.417779999999999596e-01
-2.359066288564774794e-01 -1.715154572088828655e-01 9.565200000000000369e-01
4.063679287631991599e-01 -8.907048438583387018e-01 2.037400000000000322e-01
-9.105502053786672656e-01 2.712860611897833785e-01 3.119329999999999603e-01
9.115480871577766875e-01 -2.207410211061784644e-01 3.469200000000000061e-01
3.577130331615746561e-01 8.643320801273930432e-01 3.535129999999999661e-01
-7.789217419502389994e-01 5.977738019629208477e-01 1.895979999999999055e-01
-1.465789576406354155e-01 -8.958587411087670649e-01 4.194660000000000610e-01
-1.216941697577805237e-01 -3.140464380803650313e-01 9.415759999999999685e-01
9.569043636285970988e-01 2.159040820446655462e-01 1.942150000000000820e-01
-1.681527864495664382e-01 -8.649143324426402171e-03 9.857230000000000159e-01
-4.490362462622182194e-01 -8.588804710305948387e-01 2.463550000000000184e-01
-6.081969961197886132e-01 -7.743589950596981852e-01 1.745410000000000295e-01
6.462877946121882156e-01 -5.647558205227407591e-01 5.131889999999998953e-01
4.717831752725322458e-02 2.764068603188019058e-01 9.598820000000000130e-01
-9.678366575391093019e-01 1.470439479697312479e-01 2.041330000000000644e-01
-6.111532792774121425e-01 -3.222971472794409209e-01 7.229219999999999535e-01
-5.259861429835004376e-01 7.541742050138949827e-01 3.931409999999999072e-01
3.779204856887806163e-01 5.870327544317744950e-01 7.159389999999999921e-01
-5.316400023950329512e-02 -5.686540025617811134e-01 8.208569999999999478e-01
-1.782898757533367406e-01 -4.587476803078786580e-01 8.704960000000000475e-01
-5.417910520729858348e-01 -5.778840555419808567e-01 6.103380000000000472e-01
-5.357898062518134941e-02 7.837137165994777499e-01 6.188069999999999959e-01
3.145332084743660550e-01 -4.718473127430323766e-01 8.236679999999999557e-01
-9.081448030831443807e-01 -8.632798128114074765e-02 4.096589999999999399e-01
8.541880869313814850e-01 -5.127350521814424411e-01 8.640299999999995206e-02
-5.435020248482224092e-01 8.290350379024291616e-01 -1.315540000000000598e-01
-7.579502134882020181e-01 5.492341547001504676e-01 3.519279999999999631e-01
-6.631808655447506418e-01 6.882568604607696150e-01 2.940980000000000261e-01
-6.787029599918017464e-01 -5.538579673511673240e-01 4.822899999999999965e-01
-4.250739602463828870e-01 -7.996819252124288679e-01 4.240529999999999577e-01
5.484713372064403680e-01 1.169458586781902676e-01 8.279509999999999925e-01
-4.810652687905279667e-01 6.807093803397283871e-01 5.524590000000000334e-01
-6.467139035705118943e-02 1.533785541341617931e-01 9.860489999999999533e-01
1.089990349812314241e-01 -9.719593119324286823e-01 2.083610000000001017e-01
5.412304081476637663e-01 5.356074039072959980e-01 6.482240000000000224e-01
-2.186440782096787938e-01 7.981692855076797377e-01 5.613559999999999661e-01
-6.431692142907922960e-02 -1.605743072284159245e-01 9.849259999999999682e-01
6.021681720489863165e-01 6.213531775304463878e-01 5.013120000000000909e-01
-3.107841656351353343e-01 2.997871597741850191e-01 9.019650000000000167e-01
-9.465696102744587670e-02 5.717757645861257787e-01 8.149309999999999610e-01
-2.553260649727558951e-01 8.812872242609262052e-01 3.976700000000000790e-01
-9.061502013783343523e-01 -4.228840939796673082e-01 7.800999999999917375e-03
1.931639129233327368e-01 -7.364886679971032191e-01 6.482839999999999714e-01
-1.641969955958884342e-01 6.903739814827060117e-01 7.045730000000000048e-01
4.587052896199287355e-01 6.722554244524154843e-01 5.810870000000000202e-01
-5.442827974843865713e-01 1.322301937439789854e-01 8.284150000000000125e-01
-9.794531443309887342e-01 1.979060291631846713e-01 3.879100000000010318e-02
6.593204530426739485e-01 -1.480778771579443764e-01 7.371360000000000134e-01
-9.362232823137059956e-01 -3.179760958841888474e-01 1.495900000000000563e-01
4.914710167450724865e-01 -8.090860275666392765e-01 3.222360000000000224e-01
2.671349557676777065e-01 -9.584198413044258125e-01 1.003509999999999541e-01
3.497468225989294743e-01 -7.014316442148536002e-01 6.210240000000000204e-01
9.240954949914115257e-01 -3.472201859883648073e-02 3.805810000000000581e-01
2.052190585978238835e-01 9.718882775109610739e-01 1.154049999999999104e-01
-6.550166400759338536e-01 -4.438497561096937938e-01 6.115150000000000308e-01
5.219391411706018058e-01 -2.390490646563893373e-01 8.188010000000000010e-01
-7.475660945650144384e-01 -2.947250372818907005e-01 5.952159999999999673e-01
-3.884542911425119538e-01 -5.963254469398137081e-01 7.024949999999999806e-01
9.338138843803773792e-01 -3.235789599362593472e-01 -1.526050000000000462e-01
-8.630389189670181205e-01 -4.721929556645679815e-01 1.794370000000000964e-01
9.645061679209304684e-01 -1.143680199115204854e-01 2.380080000000000529e-01
-3.022821378849592233e-01 -8.907974063341779214e-01 3.392720000000000180e-01
-9.958541591822681616e-01 1.932400308884428194e-02 8.888799999999989765e-02
-1.075159552412511960e-01 9.470986057241143063e-01 3.023980000000000556e-01
9.220006494857144741e-01 1.385719473195087814e-01 3.615420000000000300e-01
6.096315405315436697e-01 3.832727111341699966e-01 6.938670000000000115e-01
1.118379930834168950e-01 -9.931269385803980221e-01 3.451300000000009222e-02
4.589899046821983852e-02 9.983007926842480950e-01 3.590000000000004993e-02
-9.362886999188534398e-01 -2.046559344076380182e-01 2.854460000000000330e-01
-3.748260451181421593e-01 7.912980952492508768e-01 4.830659999999999399e-01
5.753102125633646063e-02 8.542453156232130418e-01 5.166770000000000529e-01
-3.260501486258186032e-01 -9.318604247767374726e-01 1.591460000000000374e-01
2.623735624699936597e-01 -5.200511148727963995e-02 9.635639999999999761e-01
7.458100965339907740e-01 6.170060798622324372e-01 2.511390000000000011e-01
4.564221234088268742e-01 3.306760894092248826e-01 -8.260339999999999350e-01
2.081038584594129270e-01 8.648784117581526099e-01 4.568129999999999691e-01
8.179020871008976235e-01 -3.049150324713354454e-01 4.879170000000000451e-01
1.891495522611882085e-01 -3.838500913825499961e-01 9.038150000000000350e-01
-6.272552324202841367e-01 2.721711008490345640e-01 7.297080000000000233e-01
4.204748879211207546e-01 -7.643157962692652685e-01 4.888989999999999725e-01
6.716535908514000841e-01 3.150898080579698363e-02 7.401950000000000474e-01
4.148799876218264848e-02 -7.850369765779884323e-01 6.180579999999999963e-01
7.817088830197861660e-02 5.470942182595971426e-01 8.334129999999999594e-01
1.306690939660938022e-01 -5.282453798691287838e-01 8.389769999999999728e-01
-2.669658745198939531e-01 9.348385606043581042e-01 2.341069999999999263e-01
6.243512545368375133e-02 -2.775025575982727477e-01 9.586940000000000461e-01
-8.558255303484509913e-01 3.835002376521265410e-02 5.158410000000001050e-01
8.141052020234301745e-01 -5.196041289418223963e-01 2.593150000000000732e-01
2.400185633245965344e-01 -2.265125878965595640e-01 9.439720000000000333e-01
-1.593100532684526074e-02 -9.467093165509019581e-01 3.216950000000000642e-01
2.004001845593294390e-02 6.811796273350266828e-01 7.318419999999999925e-01
-8.684928652227333901e-01 4.875869243337100922e-01 8.932599999999994711e-02
6.295109987195749435e-01 -7.370509985008386611e-01 2.459099999999999064e-01
-8.246193312964292810e-01 3.853141548025841856e-01 4.141689999999999539e-01
2.215569426693907995e-01 -8.262317862022692250e-01 5.179319999999999480e-01
-7.618601743293209605e-01 -6.145691406260948009e-01 2.046309999999998963e-01
9.064829871582437137e-01 -3.784189946391001702e-01 1.873170000000000113e-01
-7.791745643129349697e-01 -4.080597718272995222e-01 4.757880000000000442e-01
4.034398930627003388e-01 2.037439459948612586e-01 8.920339999999999936e-01
-3.988255182365693097e-01 -1.789202324901573715e-01 8.994029999999999525e-01
-7.140211310767958786e-01 4.870390894084509203e-01 5.029580000000001272e-01
5.738675229186220861e-01 -4.891994457675158392e-01 6.567800000000000304e-01
-9.355392496332300134e-02 -7.000874384817634688e-01 7.079020000000000312e-01
2.801427089616695398e-01 1.076085040859568326e-01 9.539079999999999782e-01
7.388419512741708495e-01 6.679979559462558836e-01 8.883299999999999530e-02
-5.582919772713529349e-01 -7.622039689698835163e-01 3.276510000000000256e-01
-2.361711430804056544e-01 1.491537219116387814e-01 9.601960000000000495e-01
7.040337177257293133e-01 -6.199427514410409401e-01 3.464209999999999234e-01
-4.187878631535790208e-01 8.960817071892825947e-01 1.471540000000000625e-01
5.077699005271819194e-02 9.776068084854904194e-01 2.042219999999999869e-01
-8.591903006034101731e-01 4.430281550014870118e-01 2.559649999999999426e-01
-6.763026263501366042e-01 7.263005987267996399e-01 1.228909999999999170e-01
5.377102696995075121e-02 9.291514660347885979e-01 3.657680000000000375e-01
8.624506796023004851e-01 -3.739288610866109419e-01 3.411100000000000243e-01
7.743886572969307380e-01 -5.283897661629040343e-02 6.304999999999999494e-01
6.533096980685501043e-01 2.129879015662156927e-01 7.265139999999999931e-01
1.410368929165090046e-01 7.676334171676330032e-01 6.251780000000000115e-01
-5.544749333496560295e-01 8.307049001455899528e-01 4.986900000000005218e-02
3.338417615031048502e-01 -8.571293876658903077e-01 3.922739999999999005e-01
7.283397741580223128e-01 5.496238295738650192e-01 4.091879999999999407e-01
-2.241559590400176161e-01 -5.951178912542035571e-01 7.717439999999999856e-01
5.736102160376723713e-01 -7.006462638830059930e-01 4.243420000000000525e-01
-2.704261240117823983e-01 9.603804404104470116e-01 6.737299999999989131e-02
-3.464630129700859151e-01 -4.697100175839238334e-01 8.119950000000000223e-01
1.528327864866281249e-01 4.093034281871247848e-01 8.995069999999999455e-01
1.466230722817049859e-01 -9.092314482295880129e-01 3.896149999999999336e-01
-4.082138556093545256e-01 8.562546971313763633e-01 3.165269999999999473e-01
-6.759414860213306397e-01 1.175860845477700589e-01 7.275139999999999940e-01
4.796955142681664785e-01 -4.076674370488761467e-01 7.769810000000000327e-01
2.190208233960455331e-01 2.609577895808404824e-01 9.401760000000000117e-01
-7.578940670339333607e-01 -1.461100129230826807e-02 6.522139999999999604e-01
-8.586988160072915877e-01 -2.556699452178052834e-01 4.441499999999999893e-01
8.224752101609322796e-01 5.675491450215834899e-01 -3.771600000000004810e-02
2.577091385188250428e-01 -9.286764991642058042e-01 2.667320000000000801e-01
-9.275236375915482112e-01 9.013696478106143772e-02 3.627330000000000831e-01
4.231310373144551162e-01 2.286300201620866321e-02 9.057800000000000296e-01
2.938208635538057667e-01 7.126086690747565067e-01 6.370700000000000252e-01
3.675453758550318306e-01 -3.177463249300981341e-01 8.740409999999999568e-01
9.619137555806437367e-01 -2.378309395678823990e-01 1.347530000000000949e-01
4.106002697605519447e-03 -4.287812817053087144e-01 9.033989999999999521e-01
7.647058679704035189e-01 -4.772359176032665018e-01 4.329790000000000583e-01
7.064464621670741851e-01 -4.038612642116407025e-01 5.812310000000000532e-01
-6.954115398629918676e-01 -1.716101332246513789e-01 6.978199999999999958e-01
7.874914115400660775e-01 5.121772676619241738e-01 -3.428289999999999393e-01
8.336489672294875586e-01 4.658239816885869078e-01 2.967110000000000580e-01
8.919196509929767647e-01 3.059438802845493299e-01 3.329829999999999179e-01
4.903860066872719470e-01 8.653940118011627103e-01 1.030279999999999252e-01
3.428528361165795180e-01 7.908306219835051776e-01 5.069900000000001627e-01
6.286170043230140392e-01 7.558570051980465498e-01 1.830869999999999997e-01
-6.251313713057927712e-01 -3.540802103110478327e-02 7.797159999999999647e-01
-4.184241266680399640e-01 9.078572748323869845e-01 -2.676599999999999813e-02
-1.005729888600740557e-01 8.804719024748896006e-01 4.633079999999998866e-01
2.540528016699271086e-01 -6.115155226113729858e-01 7.493370000000000308e-01
-2.020339346973420158e-01 4.460928558111080799e-01 8.718850000000000211e-01
-2.079800377920789159e-02 8.743821588840888781e-01 -4.847920000000000007e-01
-9.674888018060705530e-01 -3.387499306057303872e-02 2.506350000000001077e-01
7.785360574263628930e-01 -6.273840462770908788e-01 -1.645799999999988938e-02
5.493288086579440899e-01 -6.459297750099227131e-02 8.331060000000000132e-01
-1.738418935218341843e-01 -9.538544157641370980e-01 2.448280000000000178e-01
8.601806277641175225e-01 -2.124339080710252181e-01 -4.636389999999998568e-01
-5.067752907435861820e-01 -4.621052651158106817e-01 7.277620000000000200e-01
-1.238579622781168510e-01 -8.096727534080127020e-01 5.736630000000000340e-01
-8.188045636455024701e-01 -1.381969263525718306e-01 5.571899999999999631e-01
3.517829194471206455e-01 9.359657856782268581e-01 1.472499999999994993e-02
4.202857500256094170e-01 -5.618966657993361702e-01 7.124829999999999774e-01
-5.578286301378083678e-01 -6.790165497854792065e-01 4.772460000000000035e-01
4.293201499421640116e-02 9.893043455193838431e-01 -1.394049999999999179e-01
1.204811909266381986e-01 1.073890615141917387e-01 9.868900000000000450e-01
9.310867062390032478e-01 -3.645418849858054755e-01 1.366599999999999412e-02
3.403326305320649725e-01 3.601616672691931864e-01 8.685950000000000060e-01
