-3.292958340138483209e-01 -3.635718167365619147e-01 8.714239999999999764e-01
-7.779289807651398880e-02 -2.690976474309225708e-01 9.599659999999999860e-01
6.700013229038769280e-01 -4.928275019538327362e-01 5.551749999999999741e-01
-2.950749208113668254e-01 6.317798304505815032e-01 7.167879999999999807e-01
-7.246959773647128067e-01 -2.483399922433029983e-01 6.427619999999999445e-01
-4.670081654443024033e-01 1.240740439549994079e-01 8.755049999999999777e-01
9.020099816764908240e-01 -5.018999898043600104e-03 4.316860000000000142e-01
9.860022356927733433e-01 7.161401711852739826e-02 1.505689999999999806e-01
6.574180400868855356e-01 -6.607190402881681912e-01 3.622870000000000812e-01
5.801070257135882979e-01 8.142550360923378472e-01 -2.155400000000005922e-02
-6.354728567370128145e-01 3.199159278771533388e-01 7.027290000000000481e-01
7.239721771909456427e-01 -7.502701836273373281e-02 6.857370000000000410e-01
-9.792710311845264082e-01 -1.663200052963995923e-01 1.156110000000000054e-01
-1.276328980476552910e-01 4.347556527199581966e-01 8.914579999999999727e-01
1.501674480806930445e-01 -4.267982735121269022e-01 8.917920000000000291e-01
4.270470686778342628e-01 -8.252111327106954608e-01 3.696719999999998896e-01
-1.280190072843692406e-01 9.377820533604407371e-01 3.227629999999999666e-01
-3.003931942011464629e-01 -7.946095137069730807e-01 5.275980000000000114e-01
-3.975294497227462309e-01 3.910404423817701591e-01 8.300950000000000273e-01
4.105903337499610672e-01 5.819154730122714225e-01 7.019900000000000029e-01
-5.485652591331827699e-01 -6.563613100542596834e-01 5.179439999999999600e-01
-8.767238376229257169e-01 -4.427779179935805165e-01 1.878910000000000025e-01
6.152013670530358525e-01 -3.104196806262062847e-01 7.246839999999999948e-01
6.041682795825575880e-01 6.203052870500561644e-01 5.002020000000000355e-01
-8.936092550424430403e-01 -2.481240708163761077e-01 3.740280000000000826e-01
-2.865789514284772799e-01 -8.496098560018308654e-02 9.542819999999999636e-01
4.626306129782714049e-01 -1.500778744497299200e-01 8.737559999999999771e-01
-5.280002573103185215e-01 -1.688857624438409866e-01 8.322819999999999663e-01
-9.509337280134999570e-01 2.017449422968194406e-01 -2.345719999999999195e-01
5.874570227217109641e-01 -7.963640308018332670e-01 1.438699999999999424e-01
3.847177954108391140e-01 -9.218765097550885024e-01 4.621600000000001401e-02
-3.335010185073381539e-01 -9.417830522634010881e-01 4.268200000000010180e-02
-9.532958522506551624e-01 4.708799270192978725e-02 2.983450000000000268e-01
2.030979901043994673e-01 -9.453269539405683153e-01 2.551630000000000287e-01
-7.091167788890430090e-01 -6.545197959130251153e-01 2.622160000000000601e-01
5.922020897395493533e-01 3.741490566968073139e-01 7.136590000000000433e-01
4.397998039496005956e-02 9.901955585986330632e-01 -1.325840000000000074e-01
-4.978007868685427328e-01 -8.178216498528635414e-01 2.887250000000000094e-01
2.936998601832656042e-01 7.593296385187574271e-02 9.528769999999999740e-01
-8.249918463598788776e-01 2.313379569174024430e-01 5.156270000000000575e-01
4.025031163779938526e-01 -4.452891287489545991e-01 7.998180000000000289e-01
1.767478121325453677e-01 5.055324626632382579e-01 8.445099999999999829e-01
-9.377786978213052682e-02 -5.364212551373460647e-01 8.387240000000000251e-01
-6.812882264121579157e-01 4.586501524229642801e-02 7.305770000000000319e-01
-1.519550613062864985e-01 9.867113980888245761e-01 5.753499999999999587e-02
-3.307979198145677979e-01 -6.090668523621646235e-01 7.208400000000000363e-01
4.028808465945470374e-01 7.883126998331695390e-01 4.650270000000000792e-01
-3.160804638784291132e-02 6.498429537069276840e-01 7.594109999999999472e-01
6.170629571192717266e-01 -7.769329460096411344e-01 -1.249340000000000866e-01
-5.923239195369427446e-01 7.079199038340378003e-01 3.847100000000000519e-01
9.908835224300184263e-01 -1.281309382455269041e-01 -4.162099999999995664e-02
-7.460433787946046946e-01 4.819962447278297035e-01 4.594550000000000578e-01
1.946049764150326322e-01 7.438889098450820470e-01 6.393419999999999659e-01
-9.206561605125415104e-01 3.900930680110906157e-01 -1.481999999999997208e-02
3.871728360534148483e-01 8.962226204985876965e-01 2.165229999999999100e-01
8.264537535120370926e-01 -2.618409219065371274e-01 4.984109999999999374e-01
-7.804427663805428850e-01 -6.251798128572974012e-01 -7.700000000000095657e-03
-5.367495865814448930e-01 5.686175620358976390e-01 6.233570000000000499e-01
-5.824002778638121686e-02 -7.474103565903014168e-01 6.618049999999999766e-01
-7.963879861470161137e-01 5.708359900704405021e-01 1.997809999999999864e-01
-9.282281680069429664e-01 -3.644080659569353675e-01 -7.482800000000004725e-02
8.025112518581299925e-01 5.362861683067137175e-01 2.614820000000001032e-01
1.922788046491036573e-01 -6.447523449462683187e-01 7.398130000000000539e-01
2.497461267826751319e-01 9.217774679368400115e-01 -2.965690000000000270e-01
2.106520587937254774e-01 -1.845750515155416271e-01 9.599779999999999980e-01
-8.457262315591831392e-01 -3.543800970289944646e-02 5.324389999999999956e-01
7.624300049893153464e-01 4.122220026975663698e-01 4.987720000000000486e-01
-3.891291613146092288e-01 8.901863690293111420e-01 2.369529999999999970e-01
-3.539007705090241318e-01 7.931764856556950960e-01 4.956059999999999355e-01
-5.520493185870759545e-01 -4.435242559573772669e-01 7.060650000000000537e-01
1.475789412930863798e-01 9.021216411359456178e-01 4.054590000000000138e-01
1.756100425398563966e-02 9.025742186399916545e-01 -4.301760000000000583e-01
-7.487073885881819768e-01 -4.682846175879205597e-01 4.691980000000000040e-01
7.731211877593243686e-01 1.698750412556575828e-01 6.110860000000000181e-01
8.500074758187785295e-02 2.641962154432229148e-01 9.607160000000000144e-01
0.000000000000000000e+00 0.000000000000000000e+00 1.000000000000000000e+00
9.075420672641774100e-01 2.557260189536121331e-01 3.331239999999999202e-01
3.723525050417182958e-01 3.235264388163000548e-01 8.698759999999999826e-01
4.519871227860557950e-01 -6.532571774627378147e-01 6.074230000000000462e-01
-9.101129293259109243e-01 3.227309749385849913e-01 2.598829999999998641e-01
2.153620020436204652e-01 -8.168660077514326989e-01 5.351160000000000361e-01
1.184980556597566848e-01 9.822434613698669548e-01 1.454509999999999692e-01
6.200140207686242189e-01 7.453100249656674503e-01 2.451440000000000841e-01
8.407700739382413246e-01 -4.530770398440912006e-01 2.963559999999998973e-01
-8.632598797933212220e-02 8.232028853711532701e-01 5.611460000000000337e-01
5.593860438683115888e-01 1.083220084948555151e-01 8.217989999999999462e-01
-2.073597951573623033e-01 1.852168170315450224e-01 9.605709999999999527e-01
-7.829363641082229819e-01 6.173402870969916245e-01 -7.682200000000002915e-02
