-8.823413231762928799e-01 3.322091216786628443e-01 -3.333329999999999349e-01
-3.523610527102222778e-01 -9.358641399973309793e-01 6.123233995736766036e-17
9.866625666529625915e-01 1.627789285066963965e-01 6.123233995736766036e-17
3.419478634809769990e-01 7.733846912344433111e-01 5.338049999999998629e-01
-4.987968943820764167e-01 6.828278554143758505e-01 -5.338049999999999740e-01
7.288723354141957156e-01 5.980252752006860462e-01 -3.333329999999999349e-01
-0.000000000000000000e+00 -0.000000000000000000e+00 1.000000000000000000e+00
6.343016858304527661e-01 -7.730856170907887126e-01 6.123233995736766036e-17
1.586900244684578964e-01 -9.618791483124063957e-01 2.227239999999999776e-01
8.707793329602137034e-02 -5.278115956824873667e-01 8.448860000000000259e-01
4.135593267562103215e-01 3.393174476164613762e-01 8.448860000000000259e-01
-8.407447041153910394e-01 -9.055696813014348090e-02 5.338049999999998629e-01
4.463407769948017356e-01 3.662138170286268202e-01 -8.164970000000000283e-01
-5.403207243176046948e-01 2.034358962029538254e-01 -8.164970000000000283e-01
-8.252787500857957648e-01 -1.843019441889497123e-01 -5.338049999999999740e-01
9.123568100564852790e-01 -3.435099284846866441e-01 -2.227240000000000886e-01
-7.536669416245460607e-01 -6.183689521040841575e-01 -2.227240000000000886e-01
2.530291143617175997e-01 8.068633646785092761e-01 -5.338049999999999740e-01
-5.722494860660889415e-01 6.225614408812170097e-01 5.338049999999998629e-01
-1.534690934391445827e-01 9.302345663702070722e-01 3.333330000000000459e-01
-9.397989936020334500e-02 5.696493899823346085e-01 8.164970000000000283e-01
5.006372214800890452e-01 -1.884940833890980660e-01 -8.448860000000000259e-01
