2.524298510499673603e-02 6.110246394557168337e-01 7.912090000000000511e-01
-9.857412013568793707e-01 -1.474520301199548356e-01 8.106899999999996054e-02
8.466645275201452048e-01 -3.636237970802917996e-01 3.885060000000000735e-01
6.614087528284466888e-01 7.464417210512276357e-01 7.323399999999996579e-02
7.960441127304598297e-01 2.756550390364287395e-01 5.388210000000001054e-01
4.893557772801053196e-01 -8.662246057562575929e-01 1.009249999999999731e-01
9.079008781080015744e-01 2.354559683884010213e-01 3.468089999999999784e-01
-9.467622300103456512e-01 -1.139750276895662023e-01 3.010830000000001005e-01
-7.608087425340350762e-01 3.995818647771448018e-01 5.113749999999999130e-01
-1.471469734145948727e-01 9.814298226826636551e-01 1.230580000000000007e-01
-6.083481238477442821e-01 7.417581510074086060e-01 2.823249999999999371e-01
-4.349055272452326815e-01 -7.280762085603034173e-01 5.298699999999998411e-01
-8.427497111566308041e-02 -7.417657457677957478e-01 6.653430000000000177e-01
-7.162022365663504031e-01 -6.199422047710233530e-01 3.205090000000000439e-01
9.506188372451240820e-01 1.942999667340202311e-02 3.097520000000000828e-01
-8.392930418933675085e-01 4.738620236528541807e-01 2.665370000000000794e-01
-2.066088531512819682e-01 6.172675612726721273e-01 7.591400000000000370e-01
3.368306320904058265e-02 -4.330798127099158012e-01 9.007260000000000266e-01
3.844302152478054624e-02 8.670664854825408385e-01 4.967069999999999541e-01
2.829728690222682030e-01 -9.355395669731485508e-01 2.114049999999999818e-01
-9.445002881491551538e-02 7.609162321411349073e-01 6.419390000000000374e-01
-3.247949481041207398e-01 7.378558821050635874e-01 5.916730000000000045e-01
7.229753419114997026e-01 2.017528163544444197e-01 -6.607589999999999852e-01
-4.015221012479748830e-01 -3.214608816654023621e-02 9.152850000000000152e-01
-6.683002933597863293e-02 -9.920624354797192845e-01 -1.065170000000000838e-01
-5.377320230171119819e-01 6.691490286422930867e-01 5.129169999999998453e-01
1.352820332656393398e-01 -7.874801936401413238e-01 6.013100000000000112e-01
6.472690906535935040e-01 6.400390896409922092e-01 4.139960000000000306e-01
-1.347410895114092289e-01 -5.641903748038232802e-01 8.145759999999999668e-01
1.742312183588317839e-02 -2.213005475038234693e-01 9.750499999999999723e-01
-8.578215995556431883e-01 -4.605397850129224618e-02 5.118800000000001127e-01
5.290372064276336328e-01 5.843692280179076937e-01 6.153309999999999613e-01
6.013789196932094461e-01 -6.922259075617067658e-01 3.989569999999998950e-01
7.687593770432390450e-01 -5.674342783019818981e-01 2.950039999999999329e-01
2.962369009181533563e-01 -9.178636930037096242e-01 -2.641399999999999859e-01
-4.027712724206274353e-01 1.953921321565138536e-01 8.942020000000000524e-01
6.984884996761447917e-01 4.719656619333322256e-01 5.379239999999998467e-01
5.807936257060646312e-01 7.531008113376664453e-03 8.140159999999999618e-01
7.573594911669370155e-01 6.116413966650379175e-01 2.286950000000000371e-01
-1.202850127748444908e-01 -9.867661047992860590e-01 1.087390000000000578e-01
-3.419793634043326591e-01 -4.650221343598252011e-01 8.165810000000000013e-01
4.366100015653638367e-01 4.623900016577919825e-01 7.717300000000000271e-01
-5.746153041710161391e-01 1.038118742892671365e-01 8.118130000000000068e-01
-8.431579871293145567e-01 -5.071719922580921747e-01 1.784970000000000723e-01
8.751035822096280281e-01 -1.440059312489483379e-01 4.620129999999999515e-01
3.805410153010808094e-01 -7.681250308853517783e-01 5.149489999999998791e-01
-2.001809364642902767e-01 8.628257261465260841e-01 4.641759999999999220e-01
5.283703038086937781e-02 -9.554345493672138367e-01 2.904360000000000275e-01
6.450051445540502248e-01 -7.393971657085309790e-01 1.930290000000001172e-01
-9.949593960304694562e-01 2.803501115896652601e-02 -9.628000000000000447e-02
8.555169494270452590e-01 6.875899593538668808e-02 5.131889999999998953e-01
-9.087277871001997465e-02 4.576798854751207291e-01 8.844610000000000527e-01
-9.461771003258580004e-01 2.778020294561419079e-01 1.660570000000000379e-01
-1.698759167161638384e-01 -9.332105424816219408e-01 3.166390000000000593e-01
4.761459381974791349e-01 8.763518862517740704e-01 7.274900000000004974e-02
9.678665732859003112e-01 -2.471508910358381494e-01 4.637600000000004913e-02
-2.362980056593481648e-01 -8.220900196890937872e-01 5.180069999999999952e-01
6.398149490461594313e-01 -7.677369388586564591e-01 -3.488300000000000428e-02
-1.959344250446607705e-01 -1.461223169862091997e-01 9.696690000000000031e-01
9.447998063478008079e-01 -2.020479585869607020e-01 2.579339999999998856e-01
-5.731828627266245535e-01 -1.260339698157262323e-01 8.096769999999999801e-01
-3.254437515517245583e-01 4.412486631446484453e-01 8.362929999999999531e-01
7.507954318900620372e-01 -7.142294595587070360e-02 6.566619999999999679e-01
4.798471111029697922e-01 -8.641192000766642067e-01 -1.518049999999999677e-01
7.585271476752323272e-01 -2.849450554750445064e-01 5.860400000000000054e-01
4.318232319542766873e-01 -3.286221765197276379e-01 8.399619999999999864e-01
2.086193078925692446e-01 -6.852942963008887278e-02 9.755930000000000435e-01
-6.169182927597710586e-01 -5.972472834248553353e-01 5.125499999999998391e-01
-5.305738915581336146e-01 -8.368248289647349791e-01 1.349650000000000016e-01
8.980051989885691199e-01 4.047660896919361706e-01 1.724849999999999439e-01
4.275926796577159683e-01 -5.169726126963921642e-01 7.415549999999999642e-01
5.164782246603596416e-01 2.274400989330662981e-01 8.255430000000000268e-01
7.041949056719319922e-01 6.989799063704897897e-01 -1.246460000000001178e-01
-7.865788757615805871e-01 6.130479031704195725e-01 -7.393199999999994221e-02
-9.719643190697608848e-01 -1.897430622875472817e-01 -1.388630000000000142e-01
1.178671339342378527e-01 3.972494514006639776e-01 9.101099999999999746e-01
-2.937670891686008923e-01 -6.615652008082101299e-01 6.899509999999999810e-01
3.262030924746994187e-01 -9.452342679626795086e-01 -1.112300000000002870e-02
8.182062959343855413e-01 4.449181609210087762e-01 3.641240000000001142e-01
-4.273851021375562054e-01 5.754341375186831087e-01 6.972930000000000517e-01
-2.093728734413983494e-01 7.018262798508018152e-02 9.753140000000000143e-01
7.658603450761218567e-02 -6.304652840707400951e-01 7.724299999999999500e-01
4.167147347219575249e-01 -1.268519192468467727e-01 9.001430000000000264e-01
4.494347464895333544e-01 -8.345775292439217008e-01 3.185730000000000506e-01
-8.802990493208359135e-01 2.936700164535570035e-01 3.726010000000000155e-01
-2.764499140898846741e-01 -9.568547026459635063e-01 -8.946799999999996422e-02
3.211228001986407565e-01 3.212428004976667917e-01 8.908890000000000420e-01
-7.579878037643649202e-01 6.337418359304320958e-01 1.543559999999998822e-01
-9.363740392222676956e-01 9.177300384413178413e-02 3.387940000000000396e-01
6.078082663971963173e-01 -4.098951796535728609e-01 6.801139999999999963e-01
1.020889666838351167e-01 -9.910356765810335311e-01 8.617500000000008487e-02
-8.427466135446166628e-01 -2.517408845600583311e-01 4.758200000000000762e-01
7.067124758345362245e-01 -5.016883377903258445e-01 4.988650000000001139e-01
1.839324939425687477e-01 1.594795612204490953e-01 9.699149999999999716e-01
-3.334580707417057477e-01 -9.342321981933717767e-01 1.265540000000000831e-01
-6.841197446373309399e-01 -4.077158478111355677e-01 6.047709999999999475e-01
-7.052550386627860490e-01 5.842630320298830560e-01 4.015619999999999190e-01
2.869942468918136869e-01 -6.674025741447217053e-01 6.871739999999999515e-01
-7.263793949910526404e-01 1.611500876302972979e-02 6.871049999999999658e-01
-6.101454550104215002e-01 4.865785653819182377e-01 6.252710000000000212e-01
-5.156737479406451330e-01 3.514758281999602052e-01 7.813740000000000130e-01
2.365759470551621890e-01 5.475128774686062183e-01 8.026590000000000114e-01
8.905594181609880478e-01 -4.195281969889058660e-01 1.757839999999999958e-01
2.358950958509962448e-01 -4.859011974357022035e-01 8.415780000000000483e-01
-5.558208848348140663e-01 -7.589768427412291185e-01 3.391419999999999435e-01
-8.220375830544799367e-01 1.668609153665081279e-01 5.444369999999999488e-01
4.599818244484601415e-01 7.534967124288373119e-01 4.697439999999999949e-01
1.350199711986247997e-01 7.397278422072016690e-01 6.592209999999999459e-01
-8.879832688403402896e-01 4.577221385771328976e-01 4.445400000000003515e-02
-5.683682860602228271e-01 -7.789323920373094623e-01 -2.649940000000000628e-01
-4.277298723839219052e-01 8.129437574527735855e-01 3.951829999999999510e-01
-9.340819436703950984e-01 -3.554579785641853173e-01 3.377199999999999647e-02
-9.903429381733663828e-01 6.551099591018021140e-02 1.221850000000000575e-01
6.212805510622133598e-01 3.570363166833768198e-01 6.975209999999999466e-01
-3.756709383225091958e-01 -8.810078553565146020e-01 -2.875699999999999923e-01
3.817391727803089441e-01 8.685603931221728968e-02 9.201799999999999979e-01
-8.237209610732798559e-01 -5.662359732412910462e-01 -2.933599999999993851e-02
6.828148685124297845e-01 -2.583499502503405210e-01 -6.833879999999998844e-01
-3.826324750070450587e-01 -2.530423141314177560e-01 8.885729999999999462e-01
-2.168199388831001245e-02 -8.756457531742086742e-01 4.824670000000000347e-01
2.593621174442201083e-01 8.332233772997794663e-01 4.883340000000000458e-01
2.281079329021516722e-01 -2.834459166245079653e-01 9.314639999999999587e-01
2.141854739846582034e-01 -2.854452989785735140e-01 -9.341550000000000686e-01
5.613401136195341617e-02 -9.469431916685477901e-01 -3.164609999999999368e-01
2.209138789724608698e-01 -8.812795171915326353e-01 4.177840000000000442e-01
-1.505208446698125084e-02 2.269932738060731758e-01 9.737799999999999789e-01
3.396219153857730211e-01 6.752738317606411522e-01 6.547230000000000549e-01
-9.133083874771953381e-01 -3.159061340252912742e-01 2.570430000000000215e-01
-5.452708562828175731e-01 -3.428059096465564948e-01 7.649599999999999733e-01
-0.000000000000000000e+00 -0.000000000000000000e+00 1.000000000000000000e+00
1.661959954852040011e-01 9.377009745268914953e-01 3.051160000000000538e-01
-3.726549493790063949e-01 -8.648078825255527402e-01 3.365049999999999430e-01
6.088573956162441903e-01 -2.056341336145445786e-01 7.661639999999999562e-01
7.057820542203198100e-01 1.442380110808018367e-01 6.935900000000000398e-01
-4.907408762987100492e-01 -5.452418625606201275e-01 6.796210000000000306e-01
-7.945047379029720469e-01 -4.455078530326144759e-01 4.126559999999999673e-01
5.271620130576952779e-01 -6.183200153156602763e-01 5.829069999999999530e-01
-1.736199481032103531e-01 -3.583298928915064074e-01 9.173090000000000410e-01
