-1.122373160123520813e-01 -2.940668279666092677e-01 9.491720000000000157e-01
2.588609543253849177e-01 5.906108957899024459e-01 7.643100000000000449e-01
3.488539590269112978e-01 -8.376719016149760666e-01 4.202460000000001195e-01
2.237429398309467299e-01 2.026209455110830615e-01 9.533540000000000347e-01
-3.713150872370696853e-01 -9.154982150878981928e-01 1.548810000000000187e-01
-8.653908612258394140e-01 -4.489329280090731400e-01 -2.226160000000000916e-01
6.039783010686962383e-02 -4.085359071589447083e-02 9.973379999999999468e-01
-9.642929061703376936e-01 2.366689769711361746e-01 1.188569999999999904e-01
-4.975280540515034100e-01 7.168470778783466724e-01 4.884629999999998695e-01
-3.713167657366551189e-01 -6.849015678963437104e-01 6.269240000000000368e-01
-7.015696685189691806e-01 6.454466950362233169e-01 3.019910000000001205e-01
-6.028876690809631400e-01 -7.961485630019833337e-01 5.170999999999991575e-02
-2.404689744761793202e-01 -5.165329451742400879e-01 8.218079999999999830e-01
-9.331778240769224020e-01 9.564198196953313524e-02 3.464560000000000417e-01
7.208810370989342520e-01 -5.136630264348067687e-01 4.652749999999999386e-01
4.162512625479865003e-01 -2.967431871689850120e-01 8.594640000000000057e-01
4.563120013956039056e-01 8.751960026767365841e-01 1.606590000000000240e-01
-2.171058809477364182e-01 -2.222578306623613706e-02 9.758949999999999569e-01
9.234830765732559010e-01 -3.669880304298682727e-01 1.117979999999999391e-01
2.345740899953575598e-01 9.109173494773551427e-01 3.394180000000000530e-01
3.395195723977098012e-01 -4.438894409508111621e-02 9.395510000000000250e-01
-2.261598523333895883e-01 -8.620654371313928310e-01 4.535359999999999947e-01
6.679549225078905694e-01 -7.441989136625218881e-01 2.049000000000047311e-03
-1.713000063098118423e-03 6.765170249193909191e-01 7.364249999999999963e-01
1.949129733947116139e-01 -7.366128994535953156e-01 6.476189999999999447e-01
-7.696650347044607654e-02 2.202024404372800448e-01 9.724129999999999718e-01
7.135608779069656515e-01 5.390049077741690953e-01 4.475540000000000629e-01
-4.362230542523599652e-01 5.386660669930327661e-01 7.207970000000000210e-01
7.756374815322423233e-01 -2.123258580727283573e-01 5.943939999999999779e-01
7.574011346783895426e-01 8.449301502424894084e-02 6.474600000000000355e-01
4.079698158316403395e-02 -5.431437548105502167e-01 8.386479999999999491e-01
9.327743474123286749e-01 1.887010702818194552e-01 -3.071220000000000616e-01
-8.146251963821269371e-01 -5.796121397274052178e-01 2.087000000000007252e-02
3.191417709767804256e-01 -5.365996149242040492e-01 7.811590000000000478e-01
2.123589088360735844e-01 9.750405814231283275e-01 6.480399999999995886e-02
6.577473426019485592e-01 3.494421820145285351e-01 6.672770000000000090e-01
-2.529370481123833780e-01 7.298221388230106133e-01 6.351240000000000219e-01
2.603140011115455121e-01 7.776350033205156054e-01 5.722939999999999694e-01
-3.421745076866515856e-01 2.700974007453563197e-01 8.999800000000000022e-01
-6.268881165913096076e-01 -5.818821082209012507e-01 5.180969999999999187e-01
-1.040130279485810549e-01 -9.674522599570315462e-01 2.306890000000000329e-01
5.964382005684085719e-01 -4.145611394073482892e-01 6.873139999999999805e-01
-3.615699398513542301e-02 9.629808398041774797e-01 2.671340000000000936e-01
-2.077990142437683430e-01 9.534680653563171182e-01 -2.184449999999999725e-01
-4.797739475674536735e-01 -7.938469132436948295e-01 3.736630000000000229e-01
-1.233300048747088332e-02 8.543960337706256736e-01 5.194759999999999378e-01
5.290953199201510193e-01 1.428970864034432853e-01 8.364439999999999653e-01
4.573208745098489292e-01 -8.818277580239505253e-01 1.150540000000000868e-01
-6.975804575676616270e-01 -6.653414364209490062e-01 2.658989999999999965e-01
5.777202306881890764e-02 -8.870703542141039621e-01 4.580049999999999399e-01
9.813710489512263990e-01 -9.765500487107527106e-02 1.654520000000000157e-01
9.623059945804236515e-01 1.806089989828346953e-01 2.033410000000000772e-01
7.930220510583788074e-02 4.330741200953385217e-01 8.978629999999999667e-01
-8.471780724847627342e-01 -4.441710380033823680e-01 2.915500000000000869e-01
8.796767103737804794e-01 -3.019339005907816231e-01 3.674299999999999788e-01
4.861106989388295774e-01 -6.542295948183655119e-01 5.793789999999999774e-01
-4.690126425197497229e-01 2.169298346566277472e-02 8.829249999999999599e-01
5.003371399915000906e-01 7.606942128379353685e-01 4.135300000000000087e-01
6.064207369545039361e-01 -1.152111400106615030e-01 7.867530000000000356e-01
5.908474192481780740e-01 -7.419955264984874344e-01 3.167680000000001050e-01
1.580668534439225725e-01 -3.045197176560781038e-01 9.392989999999999950e-01
-6.847195032423454286e-01 6.127804503699233601e-02 7.262260000000000382e-01
-6.724251079125890262e-01 4.963300796523852365e-01 5.490909999999999958e-01
5.062842153202773421e-01 5.868572495876070994e-01 6.318820000000000547e-01
-2.971269777812041712e-01 9.493229290107806362e-01 1.024770000000000958e-01
9.057042721524878326e-01 -7.818002349209179913e-03 4.238380000000000480e-01
5.095500565296062073e-02 -9.986931107952565778e-01 3.957000000000033407e-03
2.813899350501308794e-01 -8.779427973549775999e-01 -3.873449999999998838e-01
-6.304812139401110294e-01 -2.089090708887573755e-01 7.475629999999999775e-01
-1.925718932954992302e-01 4.956627253522165599e-01 8.468970000000000109e-01
8.465323215387942080e-01 2.783301057182629989e-01 4.537789999999999879e-01
-3.809663629157863385e-01 -2.549275736885229793e-01 8.887500000000000400e-01
-9.444373837674704397e-01 -3.261981325490013739e-01 4.040799999999992315e-02
4.073941751178872805e-01 3.785381627141656824e-01 8.311070000000000402e-01
-5.143119355533438686e-01 8.308798958853036432e-01 2.124189999999999967e-01
-9.042710949902038609e-02 -7.327168872536322652e-01 6.744989999999999597e-01
-7.984811311937819456e-01 2.395790393638360938e-01 5.522949999999999804e-01
-7.652364698639322338e-01 -3.479287589639393774e-01 5.416260000000000518e-01
-6.899138245556967197e-01 -6.929198237912748137e-01 -2.094779999999999143e-01
-5.769350402212911622e-01 3.100410216146521902e-01 7.556589999999999696e-01
-8.396345739786150730e-01 5.357117281857374236e-01 8.959200000000000497e-02
-5.086689189658222254e-01 -4.550209275122867325e-01 7.308980000000000476e-01
-8.342243901056427546e-01 -7.904703696450909867e-02 5.457300000000000484e-01
-8.557069964497875381e-01 3.962889983558506302e-01 3.327469999999999040e-01
7.853597676499364244e-01 -5.842258271557652094e-01 2.046709999999999918e-01
9.962370393833417381e-01 4.619400182614587236e-02 -7.333399999999992702e-02
