-6.600525133179644399e-01 2.823197918347886137e-01 6.961509999999999643e-01
2.285050090819969182e-01 1.523260060542406535e-01 9.615519999999999623e-01
4.436621110607195106e-01 7.953001990853175718e-01 4.131120000000000902e-01
-8.883479647170050564e-01 -1.077849957190451097e-01 4.463410000000000433e-01
-1.738470375773804866e-01 9.339872018831781864e-01 3.121619999999999950e-01
8.830418609674148267e-02 -4.341999150550263087e-01 8.964779999999999971e-01
6.688161054799951488e-01 -6.659091050215276697e-01 3.305299999999999350e-01
-2.091398059976186663e-01 6.289194166014263621e-01 7.488129999999999509e-01
-7.416902812868521044e-01 -1.797770681806502013e-01 6.462010000000000254e-01
4.688959436405210068e-01 -8.309149001272425616e-01 2.995279999999999054e-01
6.950304654307706276e-01 -2.753907881885057640e-01 6.641479999999999606e-01
6.088043196639688626e-01 -4.237302224873908119e-02 7.921880000000000033e-01
-4.473560205541448620e-01 4.611540211881054452e-01 7.662959999999999772e-01
-2.519712383848718429e-01 1.872201771252077762e-01 9.494519999999999627e-01
-1.951480751573488603e-01 9.791783771108212298e-01 5.591900000000004506e-02
-7.900347340131586016e-01 -3.708678751371675131e-01 4.881620000000000403e-01
-4.400605172543670673e-01 -2.798303289171697253e-02 8.975319999999999965e-01
5.311000599930628674e-01 -5.036840568961511444e-01 6.813479999999999537e-01
-4.158330823223117534e-01 -8.973801776540004660e-01 1.476200000000000290e-01
6.668226548844632395e-01 1.954581919588846695e-01 7.191269999999999607e-01
6.091100764918216948e-02 -6.391730802671223843e-01 7.666469999999999674e-01
-9.826509404626261324e-01 1.712349896251240122e-01 7.124400000000000177e-02
6.720348252383459009e-01 4.202768907076213090e-01 6.097019999999999662e-01
-5.887537758288335921e-01 7.017587328015887360e-01 4.011279999999998735e-01
-9.800930985513293114e-01 -4.772500479889386221e-02 1.927169999999999439e-01
7.672050989850047742e-01 6.394790825057602435e-01 -4.962700000000008771e-02
-6.146783717339187048e-01 -4.379082648301335645e-01 6.560540000000000260e-01
-9.264024468567604309e-01 1.380630665956948389e-01 3.503099999999998992e-01
6.055161042104201252e-01 7.609261309567674214e-01 2.331129999999999314e-01
5.945190037975627284e-01 8.040210051357822296e-01 -9.868000000000098915e-03
-4.023149970445528134e-01 -4.947249963656996097e-01 7.703179999999999472e-01
-2.009989998383994170e-01 -8.394259993251121932e-01 5.049389999999999157e-01
-9.784778652150134537e-01 -2.062609715876226324e-01 6.122000000000077900e-03
-2.195620460432640142e-01 -9.755802045840697989e-01 -5.980999999999954235e-03
2.321019142469991081e-01 -9.482296496645096218e-01 2.167699999999998794e-01
7.884896067653203167e-01 -3.580502755299349443e-02 6.140050000000000230e-01
7.030000406597031876e-03 3.232280186946720479e-01 9.462949999999999973e-01
7.873603592191141809e-01 5.378992454069324580e-01 -3.012110000000001175e-01
8.297669143627092181e-01 1.965239797174593295e-01 5.223649999999999682e-01
2.679969347520866352e-01 -8.499097930765863174e-01 4.536860000000000337e-01
-6.232313421438698819e-01 -7.381384052259784001e-01 2.583300000000000041e-01
3.597700445512575645e-02 9.837171218162444886e-01 1.760860000000000758e-01
2.503169844170793357e-01 7.873969509823744994e-01 5.633359999999999479e-01
9.034356959633733641e-01 -3.611048784760115260e-01 -2.310999999999999444e-01
-4.727866777961801659e-01 2.270348452758975955e-01 8.514270000000000449e-01
4.787021646470721037e-01 4.249661461648533978e-01 7.682759999999999589e-01
-1.935769989067275335e-02 8.532626928409979550e-02 9.961649999999999672e-01
2.877442196086240078e-01 -7.008205348716773919e-01 6.527279999999999749e-01
-8.184043727612418939e-01 -4.146871888788925542e-01 -3.978050000000000752e-01
-1.865109916631924325e-01 -6.849399693840420023e-01 7.043230000000000324e-01
4.633495555635172569e-01 1.946532333923356450e-01 8.645329999999999959e-01
-6.296885054663966530e-01 5.093684088825060075e-01 5.865460000000000118e-01
4.086480134334444791e-01 9.014590296335709407e-01 1.427530000000000188e-01
8.443671479442599326e-01 -4.464510782241167264e-01 2.961849999999998651e-01
3.916474904977789162e-01 -4.670905849824141809e-02 9.189289999999999958e-01
9.501058555868985289e-01 -2.276079654043052236e-01 2.132920000000000094e-01
-2.258102250771054920e-01 4.197534183906391214e-01 8.790999999999999925e-01
-4.223448834054310819e-01 6.653188163288731305e-01 6.156099999999999905e-01
-7.899280906822643278e-01 6.026380691817208035e-01 -1.133179999999999604e-01
-7.623604872661150500e-01 5.351363420347862165e-01 3.639169999999999350e-01
6.235253874948938346e-01 -7.772334830180326337e-01 8.440499999999996616e-02
-4.993180549822743286e-01 6.937980763973897735e-01 -5.189660000000000384e-01
4.141297468200866999e-02 -8.078925060916132272e-01 5.878729999999999789e-01
9.173150635482045789e-01 -3.972400275193240793e-01 2.708200000000010599e-02
5.503499575344089623e-01 2.410529814000942628e-01 -7.993799999999999795e-01
-3.257865885757398328e-01 -2.879076364117172382e-01 9.005400000000000071e-01
-9.400417602864477029e-01 -1.897119516228664426e-01 -2.834269999999999845e-01
2.808153619988371652e-01 -2.808843620877851666e-01 9.177400000000000002e-01
1.647000410029137189e-03 -9.941662475027249757e-01 1.078459999999999142e-01
2.629990536134202972e-01 6.052981233924694671e-01 7.512959999999999638e-01
3.178587604391782118e-01 -5.079786171514202309e-01 8.005769999999999831e-01
1.332525755083593944e-01 -1.018871461931727118e-01 9.858310000000000128e-01
7.077239688556493658e-01 -4.896629784517182449e-01 5.092709999999999182e-01
-4.139680253944841848e-01 8.907310546410693863e-01 1.876929999999999987e-01
-9.931010570631717549e-01 4.183000240353612967e-03 -1.171870000000000273e-01
2.424398755167459646e-02 5.429747212040301196e-01 8.393990000000000062e-01
8.947642834448400473e-01 4.377191386613587532e-01 -8.831099999999997285e-02
-8.062014646621646907e-01 8.477494370732778506e-02 5.855359999999999454e-01
5.034092395185923996e-01 -2.823601343449754775e-01 8.166099999999999470e-01
9.211031177716995089e-01 -3.096900395967851563e-02 3.880850000000000688e-01
4.749856746671576868e-01 6.293605689308673368e-01 6.150560000000000471e-01
2.540230681688088743e-01 3.904631047834157820e-01 8.848789999999999711e-01
-6.418643614832956201e-01 2.571201448041719392e-02 7.663870000000000404e-01
2.361918490916216085e-01 9.192534126679544615e-01 3.149390000000000800e-01
-4.176815621546414725e-01 -6.782452890120641564e-01 6.045869999999999855e-01
6.254050430351404399e-01 -7.630010525033461555e-01 -1.633950000000000680e-01
-3.799841408941446175e-01 8.246663057776393302e-01 4.189720000000000666e-01
-4.261961272190239458e-01 -8.147552432034455006e-01 3.931039999999999535e-01
3.365999555574616942e-02 7.344459030283898571e-01 6.778319999999999901e-01
7.784487984404829808e-01 5.956728457656671472e-01 1.979680000000000051e-01
-6.552625465174516384e-01 -6.137215752663944812e-01 -4.404279999999998196e-01
-6.293725408617313610e-02 -2.580440417585582180e-01 9.640809999999999658e-01
6.238133005802173336e-01 6.146902961843593305e-01 -4.827140000000000319e-01
-7.983110244834762392e-01 5.882610180414326040e-01 1.290289999999999215e-01
-1.816970454090700293e-01 8.053572012719661943e-01 5.642570000000000086e-01
-2.050709393503818978e-01 -9.413897215845050681e-01 2.678269999999999817e-01
2.503701219249267890e-02 -9.293444525709898540e-01 3.683640000000000247e-01
-4.190998963587987958e-01 9.062577758872163436e-01 -5.524600000000004507e-02
-9.056900759285877456e-01 -3.947110330906257736e-01 -1.546889999999999377e-01
-8.101218608213511807e-01 3.232939444582147992e-01 4.890640000000000542e-01
3.324199764267586621e-02 8.909749368173743855e-01 4.528340000000000143e-01
8.467943195630571740e-01 -2.575860972077856914e-01 4.653910000000001101e-01
-1.616580724915345213e-01 -4.881472188974570470e-01 8.576589999999999492e-01
-2.119411148282895896e-01 -6.789703678616396121e-02 9.749210000000000376e-01
-9.168043351710806199e-01 -2.861901046271739801e-01 2.785050000000000581e-01
