6.715510340807687717e-01 -1.783640090518549270e-01 7.191699999999999759e-01
-9.999647631676960025e-01 -8.349998022380887910e-03 -8.659999999999226043e-04
-4.952895985948772839e-02 5.757305334019006127e-01 -8.161380000000001411e-01
-7.584879767727540356e-01 5.416519834129421840e-01 -3.623660000000000214e-01
5.317541653356775422e-01 7.998182486835098137e-01 2.784390000000000476e-01
5.358960438584089436e-01 5.498330449990308511e-01 6.407019999999999937e-01
-9.117094787075356033e-01 3.579411879427030208e-01 -2.016530000000000267e-01
-4.583003350689850847e-03 -8.258406037821630630e-01 -5.638849999999998586e-01
-3.842068299196803594e-01 -1.721099238105400220e-01 9.070629999999999526e-01
-3.876352298523839668e-01 -5.653683352410969754e-01 7.280780000000000030e-01
9.102042691223475313e-01 -3.115730921235867479e-01 -2.728560000000000429e-01
4.789250785266249699e-01 8.775941438941271544e-01 2.143100000000005417e-02
5.853949221230509981e-01 8.012978934007919385e-01 1.234279999999999544e-01
-7.627112341209687507e-01 6.077821865641250820e-01 2.210710000000000175e-01
-5.818243172576351707e-01 2.248451226037307682e-01 7.816170000000000062e-01
-3.965601113575573794e-02 6.167621731922287021e-01 7.861500000000000155e-01
2.497468622193429744e-01 7.367625935419036542e-01 6.283370000000000344e-01
-9.878810201054515350e-01 1.544040031424454562e-01 -1.582699999999989671e-02
9.596297894088534619e-01 5.570398777573729032e-02 2.756950000000000789e-01
6.058100355998609077e-01 6.033400354547137079e-01 -5.186280000000000889e-01
9.334097308859175268e-02 -7.029597973276101586e-01 7.050779999999999825e-01
-5.419629534140182336e-01 7.539899351886302226e-01 3.711810000000000387e-01
-2.582597694123415014e-02 -7.920512928157057431e-01 6.099080000000000057e-01
1.108140524502517349e-01 1.209901490971592442e-01 9.864490000000000203e-01
-7.859117685705041545e-01 -5.877838269137577454e-01 -1.919709999999998917e-01
-5.714892964415742016e-01 6.466543354310049230e-01 5.052109999999999657e-01
-4.651202955013063883e-02 7.325354653961321238e-01 6.791380000000000194e-01
6.171021675223160585e-01 -7.587092059638259611e-01 2.086749999999999439e-01
-5.096352506752805933e-01 -7.280633581139378530e-01 4.584710000000000174e-01
-4.073190561988230263e-01 -8.238511136687867165e-01 3.941580000000000639e-01
-2.390340574343289282e-01 -9.463722273912531513e-01 2.173529999999999907e-01
3.937149536962469276e-01 6.681229214238665337e-01 6.313480000000000203e-01
-6.938920567358237701e-01 5.276790431454790875e-01 4.899680000000000701e-01
-4.072998883711823059e-02 -9.990937261780440393e-01 1.236100000000003862e-02
4.692701886091837360e-01 -8.546553435032751000e-01 2.221480000000000399e-01
-8.272120422232855930e-01 3.829990195493734872e-01 4.111349999999998617e-01
2.667101009182181182e-01 4.853071836313511689e-01 8.326719999999999677e-01
-8.262039145014574704e-01 2.828269707320512083e-01 -4.872329999999998607e-01
8.778510557450157625e-01 4.579710290819291596e-01 1.401429999999999343e-01
8.312203699872373897e-02 9.798594361484623816e-01 -1.815660000000000884e-01
-4.203365686458752082e-01 -6.939992878101713600e-04 9.073679999999999524e-01
6.089028908767689652e-01 6.910738761506713956e-01 3.894279999999999964e-01
2.523037421413656389e-01 1.728991380124932919e-01 9.520760000000000334e-01
5.129240582933942694e-01 1.018710115775560560e-01 8.523680000000000145e-01
-5.664367262911725737e-02 -2.746514126580917314e-01 9.598740000000000050e-01
-1.125477126437131881e-01 -2.836842756986510117e-01 -9.522899999999999698e-01
-9.868261493278577268e-01 -1.586530240075883780e-01 -3.167600000000003746e-02
-7.860876329272539209e-01 -3.961298150225840975e-01 4.744970000000000021e-01
-3.872195726411688937e-02 4.837214661358703038e-01 8.743649999999999478e-01
6.706099296189755865e-01 7.035329261636819043e-01 2.352100000000000579e-01
-3.993368500233440144e-01 9.148776564046328108e-01 -5.940499999999995784e-02
-5.073962074248531406e-01 8.308703396618966064e-01 2.284810000000000452e-01
-6.434701539900923584e-02 9.485542270003544107e-01 3.100069999999999770e-01
-1.767009463882308895e-01 -7.529987715371808665e-01 6.338529999999999998e-01
-9.591041079038293837e-01 -3.047700342880944532e-02 2.814079999999999360e-01
3.724564660780641523e-01 -5.952987449345411575e-01 7.119659999999999878e-01
6.431648535597880301e-01 1.270801686511960626e-01 7.551090000000000302e-01
-6.462191303218045579e-02 -6.727010946825203730e-01 7.370870000000000477e-01
8.247211734996715560e-01 1.071700225457576823e-02 5.654379999999999962e-01
1.202129969956791805e-01 -9.920899752060378107e-01 -3.614300000000000845e-02
-7.371925053073248302e-01 6.404914390237467225e-01 -2.152160000000000184e-01
2.604889102380715249e-01 6.199227863806765493e-01 7.401630000000000154e-01
4.905196420279308578e-01 -4.719026556142596474e-01 7.325970000000000537e-01
9.637682803756971728e-01 -1.988770578565355052e-01 1.777600000000000013e-01
-5.357814583115595441e-01 -5.258624683399060196e-01 6.606109999999999483e-01
6.821101405197423917e-01 -7.283231500399648395e-01 6.535399999999998155e-02
4.652001853719962554e-01 7.745533086423814773e-01 4.285509999999999597e-01
-2.859078100580677573e-01 8.294534489552742862e-01 4.798579999999999512e-01
6.576490892273170186e-01 -5.632100764141924065e-01 5.002919999999999590e-01
-5.928273629425467872e-01 3.332016419386101824e-01 -7.331660000000000954e-01
-5.894028526092713882e-01 5.171568706756717315e-01 6.206070000000000197e-01
-8.372860826504677778e-01 -5.262270519451029971e-01 1.484490000000000531e-01
-3.915340089140722513e-01 -8.873820202030663351e-01 2.434220000000000550e-01
-1.575329227572743185e-01 -8.509825827398294074e-01 5.010109999999999841e-01
6.830997681702066435e-03 -9.875916648320158808e-01 -1.568949999999999789e-01
-1.803430263581067838e-01 9.648491410179101946e-01 1.911609999999999976e-01
3.303441434958827028e-01 -4.757962066777873811e-01 8.151629999999999709e-01
-9.444387857295880595e-01 -2.149779512266809800e-01 2.486359999999999959e-01
-3.214981558424089836e-01 -6.920393354578409095e-01 6.463130000000000264e-01
7.523319950591699223e-01 -4.291229971817975830e-01 4.998500000000000165e-01
-1.167160123806686711e-01 8.821820935775990247e-01 4.562150000000000372e-01
-2.269120735791030075e-01 -2.293580635927843503e-01 9.465230000000000032e-01
-4.475469508414927078e-01 -4.271999530764047925e-01 7.856220000000000425e-01
3.856397371638317084e-01 -2.154114117664399919e-01 8.971510000000000318e-01
2.770682402721177384e-01 -3.431920589589917969e-01 8.974699999999999900e-01
5.267950854286845841e-01 -7.772471260436959462e-01 3.440549999999999442e-01
6.325447982805914027e-01 2.242382829919234710e-01 -7.413529999999999287e-01
-7.673569035479123057e-01 9.489998807164948952e-03 6.411499999999999977e-01
5.148910215875235341e-01 8.463930354862073679e-01 -1.360369999999999913e-01
-5.347461960937007763e-01 -7.925942906476914906e-01 2.929860000000000797e-01
-3.134004198553622892e-03 -4.314675780272295702e-01 9.021230000000000082e-01
7.210141224179656971e-01 -3.091820524947247462e-01 6.201170000000000293e-01
-1.925801948884821035e-01 5.396035460712931275e-01 8.195980000000000487e-01
8.477368002785662382e-01 3.313229219424130290e-01 4.142069999999999919e-01
3.940999906964301122e-03 -8.843039791241094072e-01 4.668950000000000045e-01
-8.257650343263541748e-01 -4.675720194365732829e-01 3.154179999999999207e-01
7.127317149414322817e-01 -4.002478399200237180e-01 -5.760339999999999350e-01
-1.708840207390035226e-01 -3.842180466298684149e-01 9.072900000000000409e-01
-6.619113148967902260e-01 -4.365512076842787970e-01 -6.093409999999999105e-01
7.301498632901063379e-01 5.850348904607647338e-01 3.530089999999999062e-01
1.853219566344175839e-01 -9.470087783986962382e-01 2.623550000000000604e-01
7.247078665976555145e-01 -1.395101668247152558e-02 6.889150000000000551e-01
-9.449623416128134501e-01 -3.167931145237035118e-01 -8.178200000000000747e-02
4.174832511683562175e-01 -7.888344745825318638e-01 4.510520000000000640e-01
3.538001857616614870e-02 -9.503864989974079025e-01 3.090530000000000777e-01
-3.319815218193071793e-01 2.892945833048674587e-01 8.978289999999999882e-01
6.436995939652518928e-01 -7.317755384084451142e-01 -2.239540000000000142e-01
-3.495739986898285800e-01 9.115899965834441954e-01 2.163369999999999183e-01
2.021430803635180518e-01 9.778593887554326569e-01 -5.412200000000008671e-02
6.334402273218506796e-01 -4.540081629293046817e-01 6.266019999999999923e-01
-7.132986081275897172e-01 2.421238669818471523e-01 6.577089999999999881e-01
-6.493082545005141037e-01 -7.350722881162745637e-01 1.951090000000000602e-01
2.647147959494197123e-01 3.364117406831353407e-01 9.037439999999999918e-01
-8.010951381968010043e-01 2.794140482016753690e-01 5.293150000000000910e-01
9.883672744402599575e-01 -2.947700818489036936e-02 1.492019999999999458e-01
1.649750197608636226e-01 -8.925851069146867323e-01 4.196129999999999582e-01
4.100483230074659646e-01 3.891783065675228359e-01 8.248640000000000416e-01
-0.000000000000000000e+00 0.000000000000000000e+00 1.000000000000000000e+00
7.659238018627557709e-01 3.116279193848043305e-01 5.623599999999999710e-01
8.314928333581214082e-01 4.635689070948174062e-01 3.061429999999999430e-01
-3.932652712218686480e-02 1.758283567559789928e-01 9.836350000000000371e-01
-6.021961762228662529e-01 7.945292325059908345e-01 7.799400000000002164e-02
9.580528441998300559e-01 2.732719555600535144e-01 -8.635500000000009835e-02
-9.874426196286707480e-01 6.915197336206933831e-02 1.420389999999999431e-01
-8.496877655733592327e-01 -6.426698226890717458e-02 5.233550000000001257e-01
3.711110772257192880e-01 8.657041801472176168e-01 3.359059999999999824e-01
1.155640589881329894e-01 9.306254750253655228e-01 -3.472480000000000566e-01
-3.386642682877058497e-01 5.868954649349003017e-01 7.354319999999999746e-01
4.020090213872092866e-01 -7.000570372436080158e-01 5.901769999999999516e-01
7.548990188228941189e-01 1.522680037966992195e-01 6.379200000000000426e-01
8.777140933851147464e-01 3.122270332196526721e-01 -3.634999999999998788e-01
4.069610650406131902e-01 5.343180853948421571e-01 7.408689999999999998e-01
-9.037079201791498040e-01 -3.773689666685317579e-01 2.022489999999999843e-01
5.248632167240472324e-01 -5.833212408622592271e-01 6.198829999999999618e-01
2.671460894580252599e-01 9.357133133381638768e-01 2.303769999999999707e-01
-1.589349555946252268e-01 -8.278557687025769329e-01 -5.379540000000000433e-01
4.435757492867382079e-01 -3.486628029324445044e-01 8.256360000000000365e-01
-9.628234129081637560e-01 2.368021015529117590e-01 1.299840000000000995e-01
-5.285314461949479625e-01 -1.145550967092985178e-01 8.411490000000000355e-01
7.175260302899308940e-01 6.924830292327555092e-01 7.499099999999998822e-02
-4.603110129334715417e-01 6.269500176155683446e-01 6.285279999999999756e-01
7.468898152867752271e-01 6.589388370379203330e-01 -8.919200000000000739e-02
6.057532088155682670e-01 -3.809701313282262691e-02 7.947400000000000020e-01
-9.062070115855047625e-01 4.691100059973894038e-02 4.202240000000000975e-01
-4.949164664906399724e-01 -2.761187023499477311e-01 8.239030000000000520e-01
-9.849379141306764396e-01 -1.070209906696454882e-01 1.358079999999999565e-01
-1.089160237474158383e-01 -9.549782082178903675e-01 -2.759599999999999831e-01
-8.376464398752950791e-01 5.397246390922353365e-01 8.393899999999991646e-02
-8.577888892586597036e-01 4.576199409208417390e-01 2.340560000000000140e-01
-9.448421617016901086e-01 1.012780173328704375e-01 -3.114740000000000286e-01
9.151067413213116453e-01 1.961179445621692163e-01 3.523030000000000328e-01
3.175464993563629768e-01 -7.316288465143611086e-02 9.454160000000000341e-01
-3.083261023798044009e-01 1.163954161566442408e-01 9.441330000000000000e-01
-6.683517729017612874e-01 6.479747798256290103e-01 3.652869999999999728e-01
7.573859303854513225e-01 4.573179579659695237e-01 4.660760000000001013e-01
-3.610989462146014795e-01 -9.283398617245217643e-01 8.827599999999993785e-02
6.622182052776958150e-01 2.872990890584018464e-01 6.920450000000000212e-01
6.257698688087321992e-01 7.792328366355605329e-01 -3.476000000000002005e-02
-2.641910742173331772e-01 -8.877782493972756761e-01 3.768989999999999840e-01
2.127358962897878680e-01 -5.962397093290421335e-01 7.741069999999999895e-01
4.303610723956610151e-01 8.847381488313118547e-01 1.789630000000000387e-01
-2.823192147392982188e-01 -4.808843657730890175e-01 8.300880000000000480e-01
-4.498459864015639242e-01 1.737699947470907058e-01 8.760379999999999834e-01
-8.866761391836828210e-01 2.142670336340107284e-01 4.097499999999999476e-01
1.140228695180633273e-01 1.167098900088022750e-01 -9.865990000000000038e-01
-5.569138668636447465e-01 5.554298672184100616e-02 8.287109999999999754e-01
2.211569176323077146e-01 8.910326681437537033e-01 3.964219999999999411e-01
-6.572671615845688819e-01 -6.179501519187544784e-02 7.511200000000000099e-01
-5.450138035397095182e-01 8.354296988539363644e-01 -7.083199999999990892e-02
-5.389977921281067230e-01 -2.618018990325058915e-01 -8.005879999999998553e-01
-8.355922353855695928e-01 5.060581425561165858e-01 -2.137540000000000273e-01
-1.559209457456855463e-01 -9.815506584592417205e-01 -1.106659999999999311e-01
6.458169213141767839e-01 5.713289303897347571e-01 5.064619999999999678e-01
-9.502969893900775622e-01 3.084039965567157981e-01 -4.269200000000000772e-02
-3.269179132852982339e-01 8.752767678335728885e-01 -3.563919999999999311e-01
3.658151069067162586e-01 7.283702128607216775e-02 9.278330000000000188e-01
1.075188880636684802e-01 -3.189296679670178269e-01 9.416600000000000525e-01
-9.160783644683880844e-01 3.886891546427853061e-01 9.859599999999996145e-02
1.152520350070814908e-01 5.795371760307758136e-01 8.067549999999999999e-01
5.133391269244433897e-01 6.719771661481140912e-01 5.337880000000000402e-01
8.860361419676708872e-01 -4.597340736622046453e-01 5.987099999999999367e-02
4.006807714309553181e-01 2.342698663603462739e-01 8.857610000000000205e-01
5.270300877931468481e-02 9.046181506921070481e-01 4.229519999999999946e-01
-2.345020157145647488e-01 9.106340610238594646e-01 3.402269999999998906e-01
-1.257500040073733227e-01 8.110380258459806146e-01 -5.713179999999998815e-01
-1.580869730285225649e-01 5.701090838321288407e-02 9.857780000000000431e-01
9.111680163485859074e-01 3.284560058933052584e-01 2.487760000000000526e-01
-3.976829528893179866e-01 8.440299000137568841e-01 3.598079999999999612e-01
-2.722986183158052631e-01 -5.979613578069577218e-02 9.603530000000000122e-01
-8.239575529226644823e-01 1.230089332556560944e-01 5.531390000000000473e-01
-4.746437540986107595e-01 4.854187485163479754e-01 7.342220000000000413e-01
3.306801364221429451e-01 7.982883293339774200e-01 5.033750000000001279e-01
-4.622138912661426513e-01 -6.612728444383683124e-01 5.908269999999999911e-01
-1.700139852490827053e-01 7.913219313425634560e-01 5.872859999999999747e-01
-7.763711540206861272e-01 5.185361028699815300e-01 3.582849999999999646e-01
-4.697529381287806061e-01 3.398552317610809559e-01 8.147579999999999822e-01
-9.092822233180729574e-01 -1.398930343574769086e-01 3.919639999999999791e-01
9.031250311237569717e-01 4.280480147515149381e-01 -3.376499999999998253e-02
7.258891767735313749e-01 5.432641322994228306e-01 -4.218400000000001038e-01
2.498239464113124475e-01 -7.119748472772600145e-01 6.562620000000000120e-01
-4.585611709429092131e-01 8.845753297529090897e-01 8.513599999999993395e-02
8.770219820463135418e-01 -1.274879973901685837e-01 4.632269999999999444e-01
2.748248728508240757e-01 -8.098686253100118027e-01 5.182510000000000172e-01
-7.489263096066491876e-01 -6.098822521257405427e-01 2.591390000000000637e-01
1.134440060052376714e-01 5.324910281877841545e-01 -8.387989999999999613e-01
5.382681495201975252e-01 -2.017950560546572791e-01 8.182580000000000409e-01
5.441409228777791540e-01 -6.817369033760156682e-01 4.890250000000000430e-01
7.532850178186840662e-01 1.563780036990649880e-01 -6.388330000000000952e-01
5.903534019521537723e-02 -1.538118863515926804e-01 9.863349999999999618e-01
-3.210879148545199846e-01 -7.900277905019396085e-01 5.222630000000001438e-01
-2.930320381110025907e-01 9.536791240330847463e-01 6.803200000000005077e-02
4.704990270502557581e-01 -6.166787247637656177e-02 8.802429999999999977e-01
1.880656683724105382e-01 -2.325925898553916071e-01 -9.542180000000000106e-01
6.531727744480225750e-01 -6.672367695914792618e-01 3.579949999999999521e-01
3.186770102530190329e-01 9.452660304127072921e-01 7.012199999999998989e-02
1.642946918228509467e-01 -4.649351278940261345e-01 8.699670000000000458e-01
1.774540464648741711e-01 -2.023677721975959340e-02 9.839210000000000456e-01
-4.353391649081786996e-01 7.480092833488429793e-01 5.009609999999998786e-01
2.150902656927876078e-01 -1.974813258088115586e-01 9.564190000000000191e-01
-8.286103278830883045e-01 -2.353630931337389043e-01 5.079459999999998976e-01
6.396372233247717976e-01 6.777482366309601769e-01 -3.626589999999999536e-01
-9.058586953817431286e-01 2.549739142584712681e-01 -3.382430000000000159e-01
5.440728588986468717e-01 4.124568930322938254e-01 7.306599999999999762e-01
5.919715644063001658e-01 3.796123619356427392e-01 -7.109600000000001474e-01
-7.309035983608987985e-01 6.778896274926251575e-01 7.902900000000005754e-02
-7.365396891173486837e-02 9.877565830823650250e-01 -1.375210000000000876e-01
1.075880623720636142e-01 7.120294127850512744e-01 6.938579999999999748e-01
7.852403610217667529e-01 -1.531860704287610897e-01 5.999430000000000041e-01
3.300408830414556238e-01 -9.215446734267505047e-01 2.045199999999999241e-01
-2.205808162572500952e-01 -6.195514839166194054e-01 7.533260000000000511e-01
-2.287309059447495685e-01 9.697956012153767791e-01 -8.472700000000003839e-02
-1.959547460318866174e-01 6.700341315989648550e-01 7.159999999999999698e-01
-6.049950998785478262e-01 3.705780611786749779e-01 7.047360000000000291e-01
-7.962220629351070000e-01 6.013480475318453422e-01 -6.641499999999990467e-02
1.166089167691426315e-01 4.362536886192793228e-01 8.922360000000000291e-01
7.209931632376171962e-01 3.152320713706243671e-01 -6.170880000000000809e-01
-8.431084726052618938e-01 4.030622259369169291e-01 -3.559620000000000006e-01
-1.918984385959880135e-01 3.932468987905967106e-01 8.991839999999999833e-01
-6.715171620593073376e-01 -4.653281122990680085e-01 5.766580000000000039e-01
8.238691180443437068e-01 5.662660811348628753e-01 2.413300000000006065e-02
-3.204678705106416836e-01 7.192817093645399451e-01 6.163880000000000470e-01
9.668397139821105490e-01 1.786019471646114465e-01 1.825440000000000673e-01
-6.801907587047526516e-01 1.066659621606301650e-01 7.252330000000000165e-01
-9.494536776912785303e-01 1.433289513444710728e-01 2.792749999999999955e-01
9.035505542856002714e-01 3.438002109051955385e-02 4.270999999999999241e-01
-3.396939046334908063e-01 -3.330819064897595494e-01 8.795819999999999750e-01
-3.367010900239904014e-01 4.461741192938657452e-01 8.291929999999999579e-01
-4.078489381749236808e-02 3.363681242735344079e-01 9.408469999999999889e-01
-8.460426219848902196e-01 -1.762499212508546187e-01 -5.031379999999997521e-01
