-1.161549959998402215e-01 -5.383359814607205918e-01 8.346869999999999568e-01
-6.149965352779904748e-01 5.042584388942512597e-01 6.062199999999999811e-01
-7.260235381778616937e-01 4.942803663941134906e-01 4.780970000000001052e-01
5.792680470871733878e-01 -7.799540634004108464e-01 2.368970000000000797e-01
9.647367187011619549e-01 -4.398998717335824739e-03 2.631800000000000805e-01
-9.712508553927452770e-02 -3.930063461255919877e-01 9.143919999999999826e-01
5.869846965660324711e-01 1.346749303815777676e-01 7.983179999999999721e-01
7.110070065745640600e-01 6.991490064649151792e-01 7.523099999999999232e-02
3.006308333580280934e-01 -6.821526218775807449e-01 6.665499999999999758e-01
7.903131030862902140e-01 -6.045230788523451304e-01 9.978500000000001258e-02
-6.004191440794122148e-01 6.299751511718110208e-01 4.925729999999999276e-01
4.978181880169311180e-01 8.421453180630641411e-01 2.072880000000000278e-01
-6.655891813084947595e-01 7.148801947355148956e-01 2.143300000000000760e-01
1.920789604401019202e-01 -8.965058153588573164e-01 3.992280000000000273e-01
-8.625538600056785743e-01 -5.022519184834481898e-01 6.118699999999998446e-02
2.582098428012699967e-02 8.893604585553629427e-01 4.564770000000000216e-01
5.695831327677552958e-01 6.433711499674737988e-01 5.115159999999999707e-01
9.167043561565271226e-01 2.844301105063368751e-01 -2.806290000000000728e-01
2.290566010315351619e-01 -2.992637852512062824e-01 9.262690000000000090e-01
4.866503996976175028e-02 -5.059464155458969215e-01 8.611910000000000398e-01
5.607670693990346455e-01 -6.443210797394559597e-01 5.199909999999998700e-01
-5.258518240612429784e-01 8.461757168877298563e-01 -8.640899999999994419e-02
6.716633160107829958e-01 -2.149521011327850950e-01 -7.089879999999999516e-01
-1.334380246977437401e-01 -6.695321239221941889e-01 7.306989999999999874e-01
-5.890825267977012336e-01 9.500992367976950070e-02 8.024679999999999591e-01
-1.120766741761498042e-01 2.289993775026762934e-01 9.669529999999999514e-01
9.063077588266472695e-01 3.764898998140196046e-02 4.209379999999999789e-01
-8.267827033134309556e-01 -4.291428460043755777e-01 3.636849999999999805e-01
8.631992206475461726e-01 2.103310537639860589e-01 4.589640000000000386e-01
-7.260003575842520485e-02 -9.964584907957156901e-01 -4.242300000000010646e-02
-6.114328970200800795e-01 -6.855348845395338175e-01 3.952110000000000345e-01
-3.960304106030943516e-01 -3.270393390733667416e-01 8.580240000000000089e-01
9.903960683391530573e-01 -9.189300634078670371e-02 -1.033020000000000604e-01
-7.525055503854553018e-01 -4.176937504321592276e-01 5.091830000000000522e-01
-2.018774142222215240e-01 -1.182342425989594131e-01 9.722480000000000011e-01
-5.383111350831522035e-01 -3.644450914534153041e-01 7.598690000000000166e-01
6.830897462582818935e-02 9.467546483168529647e-01 3.146260000000000168e-01
-3.823284364009477687e-01 2.654566086843697104e-01 8.850749999999999451e-01
-5.208040838933623018e-01 8.249981328942481706e-01 2.194110000000001059e-01
-9.362083084937303790e-01 -1.674250551688971356e-01 -3.090029999999999721e-01
4.145925862576358423e-01 -7.331882683153112534e-01 5.390249999999998654e-01
4.595021806034175205e-01 -7.329262880704336958e-01 -5.016739999999997313e-01
7.345784725324191466e-01 -3.891582503338940069e-01 5.558330000000000215e-01
-5.591094411630571914e-02 5.528664474030082765e-01 8.313920000000000199e-01
9.178705486723603979e-01 -1.319419351226137349e-01 3.743060000000001386e-01
-8.530888114359989061e-01 -2.768669388022244049e-01 4.422489999999999477e-01
9.616208489027625039e-03 1.143324788426091226e-01 9.933959999999999457e-01
-9.298467744297186366e-01 3.663319111320332278e-01 3.443700000000010641e-02
6.348423386423618364e-01 -3.518821877036357737e-01 6.878619999999999735e-01
-6.561930551669800105e-01 -3.947830331899089273e-01 6.430839999999999890e-01
4.372501228531110451e-01 -8.639862427521280974e-01 2.496799999999999575e-01
-8.431042828970592984e-01 5.339161791514052124e-01 6.409900000000000320e-02
-7.929449198365600138e-01 -5.649779428830752348e-01 2.281189999999999329e-01
-8.993602001401530543e-01 3.050000678735398929e-01 3.132509999999998906e-01
7.584048367860404261e-01 6.095798688142015642e-01 2.307260000000000699e-01
-3.445809007690464609e-01 -9.338047310868544670e-01 9.629499999999995008e-02
4.540710216426908641e-01 -8.887000423587043674e-01 -6.349599999999994138e-02
2.108859829042191159e-01 -4.569269629585470116e-01 8.641440000000000232e-01
6.735827195876520346e-01 6.383767342438965153e-01 3.725070000000000325e-01
1.664930568148871304e-01 9.687523305816790886e-01 1.838450000000000084e-01
8.501197700660682866e-02 4.527138775533925408e-01 8.875939999999999941e-01
4.855244918939418675e-01 2.594027285325456456e-01 8.348510000000000097e-01
-8.197978259628464492e-01 3.407069276703815763e-01 4.602720000000000700e-01
-2.515080244512689078e-01 -9.372900911220708453e-01 2.413110000000000532e-01
2.445710753878736210e-01 4.917831515898233308e-01 8.356639999999999624e-01
-9.498019985217763805e-01 1.387919997839912600e-01 2.803800000000000736e-01
2.938919751246279466e-01 -9.543529192224148305e-01 -5.327299999999992458e-02
-8.536666368458576404e-01 -1.199659489658733841e-01 5.068150000000001265e-01
8.228308236036390166e-01 7.534898384687814532e-02 5.632690000000000197e-01
4.398800996334304436e-01 7.470161692001607845e-01 4.984700000000000797e-01
9.373744009944691147e-01 -3.181941361185973149e-01 1.417099999999999471e-01
-2.665590068222908338e-01 8.958200229275488091e-01 3.556019999999998626e-01
4.319864099700709281e-01 6.397556071502380481e-01 6.356889999999999485e-01
2.652000301165159321e-02 -6.457620733337178232e-01 7.630780000000000340e-01
9.875997311990285243e-02 -8.394287715276120831e-01 5.344210000000000349e-01
-8.799756126604565409e-01 1.803879205985099710e-01 4.394349999999999645e-01
8.855831425236952992e-01 -4.240600682472430161e-01 -1.895139999999999048e-01
-1.188320098350400672e-01 9.920120821031187530e-01 4.232000000000006590e-02
3.829842709209219653e-01 -2.321275581036640334e-01 8.941139999999999644e-01
1.326429832192307368e-01 7.250649082714615279e-01 6.757859999999999978e-01
9.953483709392165757e-01 -4.807501791624923387e-02 8.348899999999993826e-02
2.595989968975195850e-01 9.646089884719101226e-01 4.623700000000009747e-02
8.768646664868181562e-01 3.378778714890355861e-01 3.419749999999999179e-01
4.080059114242617913e-01 5.181198875191507236e-01 7.517200000000000548e-01
-3.666180820860373002e-01 9.059262028374913678e-01 2.118700000000000860e-01
-2.217000586274960744e-02 9.948342630790546481e-01 -9.906199999999994177e-02
2.879093753177343062e-01 5.781307536493882071e-02 9.559109999999999552e-01
2.467192137878246039e-01 -1.278911108205637859e-01 9.606109999999999927e-01
2.203370280207616883e-01 9.094171156526460464e-01 3.527209999999999512e-01
1.867951602148899826e-01 -6.030725172574967763e-01 7.755069999999999464e-01
5.006409463453052044e-01 8.609019077354150840e-01 -9.058999999999990671e-02
-1.530226050475246014e-01 4.902283456175499793e-02 9.870060000000000500e-01
-9.397835979844300081e-01 -3.292628591497060997e-01 9.161200000000005450e-02
7.063706701163294799e-01 -6.737836853348466715e-01 2.169239999999999224e-01
-4.798341893303280647e-01 6.153212427900623949e-01 6.254110000000000502e-01
-2.153850353545373464e-01 -8.196231345376511213e-01 5.308739999999999570e-01
6.859227826092039182e-01 6.868027823303040069e-01 -2.404410000000000713e-01
2.592979951349489443e-01 -7.985519850172536627e-01 5.432120000000000282e-01
6.236382150219755838e-01 -1.957400674885133654e-02 7.814680000000000515e-01
-2.020109910385323448e-01 9.592579574460824432e-01 1.975240000000000606e-01
2.156378450343185427e-01 3.361657584183063707e-01 9.167840000000000433e-01
-7.845935454507259044e-01 5.824866625400617615e-01 2.124199999999999422e-01
-7.203959819375048701e-01 3.581889910191242699e-01 5.939109999999999667e-01
-3.684475843116057914e-01 -1.666698119604811124e-01 9.145860000000000101e-01
-1.657889652885790877e-01 -9.812667945510754608e-01 9.812999999999991174e-02
3.691849018516188408e-01 -3.918039571058600234e-01 8.427289999999999504e-01
-6.449351352351582189e-01 -5.486391150430381947e-01 5.320279999999999454e-01
6.066187662157335181e-01 -5.059578050093717083e-01 6.132050000000000001e-01
4.584131188505257137e-01 -6.034771564605687644e-01 6.524360000000000159e-01
6.375819116173290224e-01 7.377718977288254543e-01 2.217700000000000227e-01
7.466310817068440020e-01 -5.980092644991238937e-02 6.625450000000000506e-01
1.519609582716684726e-01 8.310887717838306710e-01 5.349760000000001181e-01
-3.211101811317740307e-01 -8.605614854253700319e-01 3.953759999999999497e-01
8.127974228043641780e-01 -4.167752167998761137e-01 4.070119999999999849e-01
-6.547290058168214744e-01 -2.339010020780511179e-01 7.187630000000000408e-01
1.128649996605291667e-01 -9.633249971025504843e-01 2.434469999999999135e-01
-9.278360085527620482e-01 -1.357780012515973633e-01 3.473969999999999558e-01
-7.756189491064645336e-02 4.024574547065438157e-01 9.121470000000000411e-01
-9.710617868574981104e-01 -1.758819613949167970e-01 1.615689999999999349e-01
-8.314855320371139502e-01 4.081602611667902586e-02 5.540450000000000097e-01
9.545691475853378405e-01 -2.541250392901130972e-01 -1.556220000000000103e-01
-3.462299388949102164e-01 5.715458991295683244e-01 7.439489999999999714e-01
-5.393271405777636529e-01 -5.209261357814686244e-01 6.616360000000000019e-01
5.460778978323057586e-01 7.545978588195502157e-01 3.638419999999999987e-01
-7.279954112394727561e-01 -5.660873197787341660e-01 3.867399999999999727e-01
-2.612234179571893411e-01 -4.373750254664336978e-01 8.605030000000000179e-01
1.306015549980445167e-01 -5.256861334747673850e-03 9.914209999999999967e-01
5.602528685343591830e-01 5.272838762706689719e-01 6.388179999999999970e-01
9.152459664339835932e-01 -1.942499928760151040e-02 -4.024270000000000347e-01
8.446930756737945911e-01 -9.484400849682117496e-02 5.267810000000000548e-01
9.034973904832068747e-01 -2.928028024695731313e-01 3.129839999999998734e-01
-7.232154070226296527e-01 5.775903250654376708e-02 6.882030000000000092e-01
5.791087192993914501e-01 8.128236060151172726e-01 6.285599999999992582e-02
6.997530879682563043e-01 -5.378520676151479218e-01 4.701710000000000056e-01
-5.239496306000031023e-01 2.641163178774087461e-01 8.097649999999999570e-01
-2.197789734351340285e-01 4.947009402050887572e-01 8.408139999999999503e-01
6.890608629163093024e-01 5.213218962867673945e-01 5.034070000000001599e-01
-7.388241780332249764e-01 6.710431617001468840e-01 6.196700000000004982e-02
5.591330121471554948e-01 7.926920172212211790e-01 -2.429189999999999683e-01
1.336629470897278682e-01 -7.358297087229414002e-01 6.638439999999999896e-01
-6.410818351935808623e-01 6.700548277453347579e-01 -3.742200000000001081e-01
7.896117476211521602e-01 3.746543547306903088e-01 4.859499999999999931e-01
1.704880568499608784e-01 1.755930884958872562e-01 9.695880000000000054e-01
2.921838146720108775e-01 7.363475329453558205e-01 6.102629999999999999e-01
-6.646900176829217965e-01 7.436330197830628430e-01 -7.209100000000005781e-02
-1.049399833907962640e-02 8.001208733621810731e-01 5.997470000000000301e-01
-6.428248012165255210e-01 -7.611177646362844440e-01 8.646400000000006858e-02
5.171380969503537317e-01 -2.961170555144814753e-01 8.030460000000000376e-01
2.721642412642737985e-01 6.236995528882816053e-01 7.327519999999999589e-01
3.732859389444582732e-01 -9.225768491011218098e-01 9.751699999999997870e-02
-2.590649307950224078e-01 -7.179128082212841155e-01 6.461320000000000396e-01
-3.811412074505572956e-01 -7.571644121154473828e-01 5.305030000000000578e-01
3.416488319811812890e-01 2.135735200929519406e-01 9.152390000000000247e-01
-3.789796589497810841e-01 4.149646265662986222e-01 8.271509999999999696e-01
6.466355330709341320e-01 -1.887568637005522798e-01 7.390759999999999552e-01
1.432460244502825331e-01 -8.608111469295627316e-01 -4.883489999999999776e-01
6.019730241828284978e-01 -7.950860319406823917e-01 -7.393699999999993333e-02
4.017440413647984654e-01 8.491890874351124552e-01 3.427529999999999744e-01
8.416730204569040641e-01 -2.607470063374687785e-01 4.728610000000000313e-01
-4.244249971552187528e-01 -9.033869939448944120e-01 -6.128100000000009928e-02
-5.218606056016910077e-01 -2.066438438280613077e-01 8.276229999999999976e-01
-7.190529935751301116e-02 -2.347649773780291493e-01 9.693889999999999452e-01
-3.051339661883432641e-01 8.094259103081461459e-01 5.017200000000000548e-01
7.877052160688883253e-01 4.975771364862597856e-01 3.632319999999999438e-01
3.529838983276029074e-01 -8.443067568084768881e-01 4.031730000000000591e-01
8.630904470861119337e-01 4.560247078609835913e-01 2.170629999999999227e-01
2.982059886820307426e-01 8.310029684605058087e-01 4.695819999999999994e-01
-7.632182486623484419e-01 -6.417172090763793024e-01 7.547799999999992016e-02
9.827498232102981346e-01 1.133409796107640727e-01 1.461390000000001022e-01
-2.778021542943160949e-01 -5.805113224222564483e-01 7.653969999999999940e-01
-4.771628461118385678e-01 -7.855747466469691354e-01 3.939389999999999836e-01
-3.315198759785091265e-01 7.006727378785291283e-01 6.317850000000000410e-01
-1.916129520451800294e-01 6.389798400830275504e-01 7.449759999999999716e-01
3.298928946142674623e-01 9.209297058049652485e-01 2.075070000000000525e-01
9.735519275734330069e-01 2.121199842195143140e-02 -2.274790000000000978e-01
7.165830399832515685e-01 1.090210060830553995e-01 6.889290000000000136e-01
7.550518153911558450e-01 -2.280649442385212500e-01 6.147219999999999906e-01
-9.740518846260631802e-01 -2.247069733840376116e-01 -2.701300000000006127e-02
3.443712291189646169e-01 -5.418043604762640131e-01 7.667180000000000106e-01
-5.216203174114032448e-01 -6.629344034024986509e-01 5.370570000000000066e-01
-7.547973722812366670e-01 -1.020070503119276661e-01 6.479780000000000539e-01
-4.412402487854214655e-02 -7.676704328372415675e-01 6.393240000000000034e-01
9.144910549530952393e-01 3.992870239937369448e-01 6.539100000000010182e-02
-7.035841352069781562e-01 6.149871181813881815e-01 3.560339999999999616e-01
-1.738030161837154919e-01 7.605250708165004481e-01 6.256150000000000322e-01
3.712050967819207070e-01 3.796090989730421805e-01 8.474099999999999966e-01
-4.902148753327656983e-01 -4.708298802625916074e-02 8.703290000000000193e-01
-7.033299591016035912e-02 -9.681929436999122673e-01 2.401159999999999961e-01
-3.268177752890501497e-01 -3.733008855579834310e-03 9.450800000000000312e-01
8.798262550428418427e-01 4.275061239248955647e-01 -2.077119999999999800e-01
2.482098618364262516e-02 -9.245674853486204325e-01 3.802089999999999637e-01
9.970638763115217129e-01 6.592699182157786553e-02 -3.895200000000009072e-02
-9.783574735810413037e-01 2.058968892142914453e-01 -2.057000000000008474e-02
5.218594604905323342e-01 -1.247991101231519240e-01 8.438529999999999642e-01
-5.996714613764372315e-01 3.653842811200944674e-01 7.119609999999999550e-01
4.618196475619000818e-01 7.947611144112644299e-02 8.834060000000000246e-01
-3.054903451678077711e-02 6.875047767987453318e-01 7.255369999999999875e-01
1.035380256296706686e-01 -9.359022316720425616e-01 -3.367000000000000548e-01
-2.589400260727115974e-02 9.832560990042088500e-01 1.803800000000000958e-01
4.831879209883992166e-02 2.920817432605280484e-01 9.551720000000000210e-01
-6.213097890892124719e-02 -8.592097083313358086e-01 5.078369999999999829e-01
1.082780737710395264e-01 5.987264079188701071e-01 7.936010000000000009e-01
4.439231806198174479e-01 -1.115370453812768864e-01 -8.890959999999999974e-01
-4.234632323892191796e-01 8.295674552521176137e-01 3.640010000000000190e-01
-8.168840855665119305e-01 4.674170489607365475e-01 3.379669999999999064e-01
-6.316566707399878799e-01 -7.081696308565200992e-02 7.720069999999999988e-01
9.205054598922822462e-02 -1.874371117657466501e-01 9.779539999999999900e-01
-2.378225845941426830e-01 -2.819375075383936391e-01 9.294900000000000384e-01
-4.127268953234263238e-01 -8.763167777468860997e-01 2.484460000000000002e-01
2.070950373534618527e-01 -9.731111755187935586e-01 1.008279999999999732e-01
3.944979316086441590e-01 -6.224798920850012351e-02 9.167859999999999898e-01
7.700297052611980719e-01 -5.586637861642299585e-01 3.081380000000001340e-01
-4.079952008299009281e-01 -6.292853097568454901e-01 6.614679999999999449e-01
6.744843737855898969e-01 4.006272220194986300e-01 6.201360000000000205e-01
-5.724228221129440408e-01 7.366937710638340464e-01 3.600200000000000067e-01
4.972251086155298760e-01 -4.557810995623607919e-01 7.382619999999999738e-01
-3.052649923286229749e-02 -6.584207678670273012e-02 9.973629999999999995e-01
-2.708781707015582851e-01 1.593721004328469970e-01 9.493289999999999784e-01
-4.885901041038211989e-01 4.772181016807903742e-01 7.304399999999999782e-01
7.874986138585379214e-01 -2.013389012756386653e-01 -5.825020000000000753e-01
5.032970896987063458e-01 -7.688331370231205053e-01 3.944459999999999078e-01
-2.326375606880241309e-01 3.385543606751003631e-01 9.117349999999999621e-01
-2.812299488381695411e-01 9.254678316373187164e-01 -2.538090000000000623e-01
9.390497058579470036e-01 2.872179100336592628e-01 1.889220000000000343e-01
8.778250741398448964e-01 -4.712050397973008287e-01 8.595899999999993824e-02
-4.136686635602930262e-01 -4.807836089752239306e-01 7.731270000000000087e-01
8.218084484277563551e-01 5.632973073686431409e-01 8.559800000000002129e-02
7.643700752988705771e-01 2.459960242333175673e-01 5.960069999999999535e-01
6.789111476171885706e-02 -3.530895968552614228e-01 9.331230000000000357e-01
5.304531255819983082e-01 4.003930947909674631e-01 7.471980000000000288e-01
6.393726105147029548e-01 2.722488341547381063e-01 7.190849999999999742e-01
-7.651770250240153004e-01 -2.615500085536172081e-01 5.882990000000000164e-01
8.610674250618564063e-01 -4.470542206861987111e-01 2.422919999999999796e-01
-1.584900544627310670e-01 -9.118993133605270973e-01 3.785769999999998858e-01
9.649009512487214391e-01 -1.644779916898077843e-01 2.047270000000001033e-01
