-4.420210218510849942e-01 2.337200115538303202e-01 8.660210000000000408e-01
2.652970339133739475e-01 9.632141231293103179e-01 -4.284900000000007453e-02
1.419798922736629013e-02 8.352243662788458867e-01 5.497260000000000479e-01
-9.185702360780354514e-01 -3.952261015754681139e-01 -5.004999999999949593e-03
-5.797127503785600711e-01 8.131866498458550918e-01 -5.158099999999991858e-02
8.925373000678703539e-01 2.369840796732059218e-01 3.836870000000000003e-01
8.434219400963011148e-01 -1.808469871554165831e-01 5.058989999999999876e-01
-7.456079621047912998e-01 3.034339845780961165e-01 5.932929999999999593e-01
1.339286850179876864e-01 -2.650653766023634006e-01 9.548839999999999550e-01
-3.097928521555604053e-01 8.949495728974471431e-01 3.210819999999999785e-01
3.278674897379564857e-01 1.800171707835978852e-01 9.274139999999999606e-01
6.434282413752818730e-01 -5.650802119838495008e-01 5.164149999999998464e-01
3.458051536563643835e-01 8.745873886174544420e-01 3.398759999999999559e-01
5.729801299401734299e-02 8.888012015619337625e-01 -4.546970000000000733e-01
-3.160975485339684865e-01 -2.140393714292198601e-01 9.242669999999999497e-01
3.441378738211970378e-01 -8.572456856892461952e-01 3.830129999999999924e-01
6.638788334956484682e-01 2.199029448471687964e-01 7.147780000000000244e-01
-9.378604220792087220e-01 -7.961603583078316615e-02 3.377560000000000562e-01
6.829599525228959855e-01 6.058339578844386120e-01 4.080819999999999448e-01
-1.920997983679666524e-02 5.224834515902584409e-01 8.524329999999999963e-01
9.937164123671189397e-01 -5.856102430134046966e-02 9.538499999999991430e-02
6.615882437018869577e-01 7.498622762184083967e-01 2.750000000000045377e-03
-3.972007124795492450e-01 6.241805481763577079e-01 6.727779999999999871e-01
-5.138650276705321041e-01 -5.062860272624191138e-01 6.925440000000000484e-01
2.905950931079117061e-01 -6.069631944736055829e-01 7.396960000000000202e-01
9.172841567230548554e-01 -3.364050574766586643e-01 -2.131229999999999791e-01
-1.221970570287153751e-01 -6.151762870994953447e-01 7.788620000000000543e-01
-1.269079339337794154e-01 9.918084836805235449e-01 -1.450199999999992120e-02
-6.587042362387590666e-02 1.232187924409707952e-01 9.901910000000000434e-01
-6.737899342951680914e-01 6.612889355142068659e-01 3.297030000000000793e-01
-7.884972933237222037e-01 -4.855361806211395681e-01 3.775269999999999460e-01
5.403522136851656166e-01 -2.145056878535885891e-01 8.136379999999999724e-01
3.820210344447884654e-01 5.870040529270081908e-01 7.137829999999999453e-01
8.506918881404520461e-01 -4.996909342944221843e-01 1.631940000000000335e-01
-4.628727317410740727e-01 -7.962135385526647458e-01 3.896059999999999524e-01
-7.037146514262716535e-01 -1.152429429162626640e-01 7.010739999999999750e-01
