4.222261376377103859e-01 4.253281386489038418e-01 8.005130000000000301e-01
8.762663415925656674e-01 -4.156901620473846815e-01 2.436369999999999369e-01
-1.394813689892738517e-01 1.142986634605937663e-01 9.836059999999999803e-01
-4.192469252379574796e-01 1.905924206192851633e-01 8.876410000000000133e-01
-2.375008548140275233e-01 -4.006987550499828687e-01 8.848920000000000119e-01
5.917569196903715856e-01 -6.541399112241336189e-02 8.034580000000000055e-01
-3.760351774963656135e-01 -2.943531389407574861e-01 8.786089999999999733e-01
5.931376909689884958e-01 1.366469288055045528e-01 7.934200000000000141e-01
8.692160960063731734e-01 -4.081940450857157732e-01 -2.790000000000000813e-01
-6.402431128507263258e-01 -2.267810399729487114e-01 7.339339999999999753e-01
-9.332068683321476099e-01 -2.349449668511876255e-01 2.718929999999999403e-01
-2.109679902181700040e-01 -7.026109674224464419e-01 6.795809999999999906e-01
9.745952243370952228e-01 2.052080472357919461e-01 8.974299999999997557e-02
1.083795817277611595e-01 -2.912758758711671003e-01 9.504799999999999915e-01
-1.772740749767976742e-01 -6.161302605878718475e-02 9.822309999999999652e-01
-7.286194340700467009e-01 3.568492125904790258e-01 5.846130000000000493e-01
4.051990440695577012e-01 -8.030140873360296361e-01 4.370149999999999868e-01
-6.345742186327655299e-01 -7.611022622260525949e-01 1.343090000000000117e-01
9.411584712491366522e-01 1.645000823671295687e-02 3.375650000000000595e-01
7.800282798911487570e-01 -5.158381850939842694e-01 3.542130000000000556e-01
8.724024832612821134e-01 9.389994438147780675e-03 4.886980000000000768e-01
-6.052576107734006783e-01 -6.696345693741284633e-01 4.304100000000000148e-01
-2.580159162213810919e-01 9.049517061591968448e-01 3.383639999999999981e-01
2.223750346551023049e-01 -8.358851302650035509e-01 5.018419999999998993e-01
-1.989899215649949815e-02 -7.496467045149706188e-01 6.615389999999999882e-01
3.701839346355769722e-01 9.089668395011574198e-01 1.916849999999999665e-01
9.142214840975892987e-01 -2.589491371184720614e-01 3.116799999999999571e-01
9.516100223824481841e-01 -2.749530064670623886e-01 1.372559999999999614e-01
-5.269489566768204014e-01 -5.050599584764271510e-01 -6.835490000000000732e-01
1.488610469358346289e-01 9.818403095738976738e-01 -1.176009999999999833e-01
7.177612672837117014e-01 -6.885722564141544266e-01 -1.033780000000000809e-01
6.683553626507292567e-01 4.065026123557047288e-01 6.229419999999999957e-01
-4.116079379746718225e-01 -9.111668626959821271e-01 -1.881099999999991806e-02
4.555599789319169091e-01 -8.465789608486329332e-01 2.752620000000000622e-01
-9.331693428293439396e-01 -3.590311319014694025e-01 -1.707700000000000884e-02
9.174738984472469161e-01 3.408099622766489478e-01 2.051589999999999248e-01
-3.821471585468597665e-01 -8.731973622758839593e-01 3.024729999999998808e-01
-7.379316703841947156e-01 -9.603208724167280885e-02 6.680080000000000462e-01
1.215744761259143075e-01 3.746574672827294172e-01 9.191580000000000306e-01
3.387509270622215962e-01 1.392199700240072668e-01 9.305189999999999850e-01
3.111346929650529725e-01 3.303546739983289071e-01 8.911010000000000320e-01
7.870101403364754278e-01 -2.586280461175105572e-01 5.601129999999999720e-01
-2.914053427824154774e-01 5.354986299112847181e-01 7.926689999999999570e-01
-4.661673031272207113e-01 -8.199965332061434076e-01 -3.321050000000000946e-01
-9.786730211477304708e-01 -6.761400146104236397e-02 1.939780000000000670e-01
-9.711587246335466883e-01 -2.191719378550615049e-01 9.388500000000003787e-02
8.185158990075019902e-01 4.872949398751651451e-01 3.042620000000000324e-01
4.012698538448981195e-02 -8.460846918293422059e-01 5.315359999999998974e-01
-5.706197454233465777e-02 9.223575884988044482e-01 3.821000000000000507e-01
3.453593951978745774e-02 1.779516883664933602e-01 9.834330000000000016e-01
-2.087107508971713377e-01 4.115255088313952703e-01 8.871790000000000509e-01
9.983505001803935075e-01 5.439302725127674598e-02 -1.837600000000005895e-02
-8.065416341033291303e-01 5.414004256492139372e-02 5.886930000000000218e-01
-3.776579704749298272e-01 -6.175189517227442915e-01 6.899600000000000177e-01
-9.426833593541765755e-01 2.598940990725346345e-01 2.092920000000000058e-01
-7.414565588409488539e-01 -5.415346777924183730e-01 3.962100000000000621e-01
-2.719419892952273377e-01 -8.568879662693101862e-01 4.379390000000000782e-01
1.930271657210186342e-01 6.408985502353008457e-01 7.429599999999999538e-01
4.657198449108195248e-01 6.542497821285401249e-01 5.958710000000000395e-01
-8.121982951437222154e-01 3.841951396121910944e-01 4.390080000000000648e-01
-3.910667180798518827e-01 -4.611396675642356335e-01 7.965029999999999610e-01
-4.774082144421705753e-01 -8.648603884778968132e-01 1.552350000000000396e-01
2.134865626124919369e-01 -5.292339157148779893e-01 8.211789999999999923e-01
-8.520643320429825973e-01 -3.988461554273098897e-01 3.389809999999999213e-01
-3.550319006514949804e-01 9.348277384073426788e-01 -7.032000000000016536e-03
2.484172187146706789e-01 4.875824292835699292e-01 8.369900000000000118e-01
-8.624892183171537496e-01 -5.026781272401505962e-01 5.854100000000004439e-02
9.008541129927370994e-01 -4.291770538310135663e-01 6.533700000000004782e-02
8.812437733190052747e-01 1.772419544083218002e-01 4.381720000000000614e-01
-8.111429379652795868e-01 2.151449835461071158e-01 5.438380000000000436e-01
-8.629948292810096788e-01 -2.550399495475973999e-01 4.361129999999999729e-01
7.227582756214802062e-01 -6.860002616039330148e-01 8.381000000000003725e-02
7.849510881299333054e-01 6.171600692912929675e-01 5.445400000000008567e-02
6.679117825055158608e-01 -3.506518858159820007e-01 6.564579999999999860e-01
-6.823288959356201833e-01 5.116019219737916179e-01 5.221980000000000510e-01
-2.097889028582021476e-01 -9.352675669286044657e-01 2.850670000000001258e-01
8.641031212844152432e-01 4.855790681552605292e-01 1.324340000000000239e-01
-6.149930354312028724e-01 6.506650374863514052e-01 4.454420000000001156e-01
-3.459068048147974639e-01 -1.193119326757282328e-01 9.306520000000000348e-01
2.881215305409566274e-01 -2.122943909144485719e-01 9.337649999999999562e-01
5.300891694398385257e-01 -4.263251362722846882e-01 7.329750000000000432e-01
8.634089294212532462e-01 3.367559724721233549e-01 3.756599999999999384e-01
-5.507150394658490988e-01 -7.805440559360683483e-01 2.957429999999999226e-01
2.973770474393936381e-01 7.209801150151290416e-01 6.259029999999999871e-01
-6.483180241393178556e-02 -3.382039692652362151e-01 9.388370000000000326e-01
6.210961517176516455e-01 7.338331792563781431e-01 2.751880000000000437e-01
6.190987714486433369e-01 5.655737912083448338e-01 5.448330000000000117e-01
-7.783098842158446551e-02 -6.312369060949455379e-01 7.716749999999999998e-01
6.576637402417347955e-01 -6.050627610176089188e-01 4.487510000000000110e-01
4.165143076163698166e-01 -3.215512374814563645e-01 8.503650000000000375e-01
-5.242740279482519528e-01 -5.096950271710677383e-01 6.821639999999999926e-01
2.541501101209107591e-02 -9.952394312281116484e-01 9.408800000000004660e-02
-4.637220342465497303e-01 7.122050525973834256e-01 5.269970000000000487e-01
-0.000000000000000000e+00 -0.000000000000000000e+00 1.000000000000000000e+00
-1.997351236714586531e-01 6.748844178731252530e-01 7.103779999999999539e-01
3.206314618062448552e-01 -4.014305781814012791e-02 9.463529999999999998e-01
-8.940604171672462686e-01 7.253295271619278339e-02 4.420350000000000112e-01
7.263743345290293307e-01 -4.478892062737274138e-01 5.213210000000001454e-01
9.861568849063563347e-01 4.381999488580066993e-02 1.599200000000000066e-01
-2.007229410060993313e-01 9.782497124854481196e-01 -5.232400000000007878e-02
4.516725081201417580e-01 -1.450368420521505886e-01 8.803159999999999874e-01
-5.865191886877905159e-01 7.869342531628775728e-01 1.916500000000000425e-01
7.872297139167753199e-01 2.965648922268314669e-01 5.406649999999999512e-01
3.777980013826979233e-01 -4.854850017768200798e-01 7.883989999999999609e-01
6.055418532588766611e-01 -7.733288125990168682e-01 1.878339999999999177e-01
8.839930414951998605e-01 -1.555340073008659729e-01 4.408690000000001219e-01
3.044298969861436790e-02 9.647446735469493717e-01 -2.614209999999999590e-01
6.918738313827452746e-01 2.306129437970917406e-01 6.841990000000000016e-01
-1.498900183453955592e-01 -8.160200998746396372e-01 5.582510000000000527e-01
8.115957227510766092e-01 -5.595388088561484841e-01 1.680140000000001077e-01
6.942959432037107970e-01 6.642249456636432070e-01 -2.770529999999998827e-01
-3.792064885587294043e-01 6.364341416320765665e-01 6.716800000000000548e-01
-5.236544095173935043e-01 -3.493132731760844045e-01 7.770240000000000480e-01
5.270409076077378074e-01 8.333598539088693524e-01 1.665510000000000046e-01
-8.991334173580485256e-01 4.237571966988138983e-01 1.094939999999999247e-01
-5.007338440344749619e-01 -1.770689448476444328e-01 8.472969999999999668e-01
3.638407979606258502e-01 5.811796772731949723e-01 7.279079999999999995e-01
-4.153609461555746174e-01 8.722448869284048500e-01 2.581939999999999236e-01
2.051750192828499797e-01 9.558480898329410058e-01 2.103749999999999232e-01
-8.153157314436429992e-01 -5.316778248709620458e-01 2.293010000000000048e-01
9.443191223780865728e-01 1.840630238534624319e-01 2.727310000000000012e-01
9.280388133515555804e-01 8.414398307684621547e-02 -3.628550000000000941e-01
7.340212170498196242e-02 -4.603897633529734912e-01 8.846770000000000467e-01
1.433015616721352303e-01 -1.207104731261012809e-01 9.822899999999999965e-01
-6.540768901590857665e-01 -3.876109349074394750e-01 6.495699999999999807e-01
7.938315466947776233e-01 1.220619302984232851e-01 5.957620000000000138e-01
-6.003352733485032289e-01 4.241541931286049727e-01 6.780049999999999688e-01
1.519159522327767631e-01 -9.623746973986839759e-01 2.252920000000000755e-01
-6.825628095636128156e-01 6.740698119331760552e-01 2.823789999999999911e-01
-3.678291266969367368e-01 8.216302830065167484e-01 4.354600000000000692e-01
1.743062068759397842e-01 5.128635510076846871e-02 9.833549999999999791e-01
-7.477590499045866368e-01 -6.257670417629789261e-01 -2.219730000000000036e-01
-8.936685336912569833e-01 2.403998745613624421e-01 3.788989999999999858e-01
4.878489427320941707e-01 -8.673078981879376315e-01 9.889600000000010882e-02
-8.854905901785072031e-02 7.777975184011923782e-01 6.222459999999999658e-01
-8.263878388723266966e-02 2.881592464205152138e-01 9.540100000000000247e-01
-1.145777908664014633e-01 5.655919676508632810e-01 8.166870000000000518e-01
-6.104983467066675829e-01 7.920014497836638245e-01 5.047000000000046241e-03
3.891150525354992173e-01 7.818821055640650108e-01 4.870829999999999882e-01
8.935901258652967361e-02 -6.318090889925218612e-01 7.699559999999999738e-01
5.671820588131136764e-01 -7.384160765689744554e-01 3.647550000000000514e-01
-2.876509263965847385e-01 9.464387578275662571e-01 1.466649999999999066e-01
9.916462391522419262e-01 -1.131860272967224745e-01 6.186000000000001220e-02
2.796880615182384955e-01 -6.427621413774849968e-01 7.131840000000000401e-01
6.712180348044146649e-01 7.363640381824058112e-01 8.505500000000000560e-02
3.005730561481657626e-01 8.842391651791677853e-01 3.574590000000000267e-01
-6.420679782614157061e-01 -5.364359818378127143e-01 5.477090000000000014e-01
-8.056893054949645361e-01 5.594632121328816377e-01 1.945909999999999029e-01
-2.451650826924609006e-01 -5.594971887144731815e-01 7.917429999999999746e-01
-9.644598192333989073e-02 9.923538140052886591e-01 7.702000000000001900e-02
3.265170065681232692e-01 -9.271710186507083895e-01 1.836859999999999327e-01
1.983000305283243517e-03 -6.753191039655171979e-01 -7.375230000000000397e-01
1.905266193266975661e-01 2.266725471069219455e-01 9.551539999999999475e-01
6.911407912336114956e-01 -1.743689473300145676e-01 7.013700000000000490e-01
-2.789650473877154369e-01 8.950381520398834612e-01 -3.479730000000000878e-01
6.937997995704907606e-01 6.058998249636211586e-01 3.892649999999999721e-01
-4.535510302913642877e-01 4.852750324101189339e-01 7.475289999999999990e-01
7.035802195252413016e-01 -6.555212045302677426e-01 2.743480000000000363e-01
2.140179139331519764e-01 8.338236646795903484e-01 5.088559999999999750e-01
4.621124276259920838e-01 2.388207041958721466e-01 8.540590000000000126e-01
-2.108674802738781384e-01 -2.342745335860164091e-01 9.490260000000000362e-01
3.456569433462114982e-01 -7.344368796244875597e-01 5.840579999999999661e-01
-3.248400345922246996e-02 4.364230464747034799e-01 8.991550000000000376e-01
-1.403870098530883570e-01 9.619540675149249598e-01 2.343840000000000090e-01
8.206898874354397189e-02 9.950398635218651311e-01 5.621699999999995451e-02
-5.410180691083794624e-01 5.790420739654769111e-01 6.099259999999999682e-01
3.451701102905494617e-02 9.736183110955854980e-01 2.255569999999998965e-01
8.224649690832157578e-01 -5.685959786262517746e-01 -1.581100000000006112e-02
-8.750499433515683545e-02 -4.951719679438693067e-01 8.643769999999999509e-01
3.172751054268140303e-01 9.383013117865732777e-01 -1.375759999999999483e-01
7.936989821625306529e-01 -8.422299810718524016e-02 6.024519999999999875e-01
-8.481508938996078495e-01 -1.033179870753199447e-01 5.195820000000000993e-01
9.636900540559407702e-01 -1.169220065584666013e-01 2.400639999999999719e-01
-7.526592437271669711e-01 -6.500392104966046247e-01 1.046570000000000000e-01
7.036932785478137165e-01 2.759001092114626852e-02 7.099680000000000435e-01
5.677575336531591743e-01 3.331813131675932516e-01 7.527559999999999807e-01
5.644307506832048071e-01 -2.548088874474235821e-01 7.851690000000000058e-01
2.509616742916520593e-01 -3.765210116483949099e-01 8.917680000000000051e-01
-9.552932790067737434e-01 9.014302632753240507e-02 2.815830000000001387e-01
-6.987716623650247483e-01 7.974496146854599676e-02 7.108860000000000179e-01
1.258589223195381301e-01 9.186074330330472604e-01 3.745930000000000648e-01
4.469772726241205696e-01 -5.950143629161421810e-01 6.679589999999999694e-01
-5.669796963026622061e-01 1.340819281802771989e-01 8.127459999999999685e-01
-8.901900959556999227e-02 -9.043650974836566769e-01 4.173720000000001318e-01
7.537598407898875585e-01 4.580009032604666075e-01 4.712550000000000350e-01
-4.653051905225727425e-01 5.034002061208559149e-03 8.851360000000000339e-01
9.616596185944168429e-01 -2.718128921957909117e-01 -3.644899999999995366e-02
-5.258811706660023733e-01 7.721522505891923460e-01 3.566929999999999268e-01
-4.497187634345009011e-01 -7.772665911345626455e-01 4.400109999999999300e-01
9.830200309198337816e-02 -9.175510288605771558e-01 3.852750000000000341e-01
7.652517306124144714e-01 4.034478579763494110e-01 -5.016169999999999796e-01
-2.862527536139399809e-01 7.603843455151064745e-01 5.829879999999999507e-01
-3.355800106195019894e-01 -7.510920237684692857e-01 5.685480000000000533e-01
-2.578506990065717042e-01 2.425177169050178883e-01 9.352530000000000010e-01
-9.881660644250275238e-01 1.043100068006536651e-01 1.124600000000000322e-01
1.584980467847085239e-01 -7.491992211451051764e-01 6.431010000000000337e-01
-5.293130715021308053e-01 3.084960416731147292e-01 7.903529999999999722e-01
-4.749920404155641984e-01 8.747570744303009294e-01 9.582599999999991125e-02
5.965551905069087502e-01 -5.289861689290805691e-01 6.035690000000000222e-01
-3.080129801511665710e-01 6.135019522704986822e-02 9.494019999999999682e-01
-3.737183493916758081e-01 3.655653417693768281e-01 8.524650000000000283e-01
-9.110668650729429885e-01 -3.757299443551976315e-01 1.696589999999998932e-01
5.519561982542324774e-01 7.055252534138904963e-01 4.444980000000000042e-01
-2.516020464057954209e-01 -9.670861783705813064e-01 -3.795699999999996299e-02
-6.747360597156472073e-01 2.432610215291435007e-01 6.968180000000000485e-01
1.753300489919074612e-01 -8.543422387260830586e-01 -4.892429999999999279e-01
5.118122746099400544e-01 -6.796933646855758404e-01 5.254189999999999694e-01
8.329058818853563029e-01 -3.553669496053016297e-01 4.242429999999999257e-01
5.609241593027195494e-01 8.278652351141080334e-01 -1.799999999999913648e-03
8.092800313284788383e-02 5.468730211702985677e-01 8.332950000000000079e-01
-6.087868561883333918e-01 -5.149198783622144227e-02 7.916609999999999481e-01
-7.641644138867199620e-01 -2.539961375693846612e-01 5.929069999999999618e-01
-4.984311492249698383e-01 -6.544021959210374328e-01 5.686160000000000103e-01
-7.589168411479224607e-01 5.391718871436632643e-01 3.651559999999999251e-01
1.124330732143825617e-01 7.614294958291079052e-01 6.384229999999999627e-01
4.740058547691800017e-01 4.120598737488308932e-02 8.795570000000000332e-01
-3.353710488466260520e-02 -1.721825384873715281e-01 9.844939999999999802e-01
2.771398232623650121e-02 8.552784545717383446e-01 5.174270000000000813e-01
