-5.490304868690656370e-01 3.885523445603137893e-01 7.399949999999999584e-01
8.482787491786767387e-01 1.960959420178287893e-01 4.919040000000000079e-01
-1.138730509235854893e-01 -5.455972439889652525e-01 8.302749999999999853e-01
-1.897699714203431379e-02 -9.618858551384730227e-01 2.727919999999998679e-01
3.590610989513370321e-01 -9.235302545097580085e-01 -1.347849999999998771e-01
-7.017063105333166684e-01 -1.489660659234864348e-01 6.967189999999999772e-01
-1.863730349079225912e-01 -6.875561287801965626e-01 7.018060000000000409e-01
-2.432610890052055164e-01 9.203613367449773319e-01 3.062010000000001120e-01
-3.746607334588419880e-02 -3.809287457294878165e-01 9.238450000000000273e-01
-7.293720960399278086e-01 -5.815120765704887562e-01 3.603610000000000979e-01
2.985668533068703834e-01 7.560696285246708559e-01 5.824230000000000240e-01
-9.974764028186495768e-01 -2.937001186072104621e-03 7.093800000000007044e-02
-2.494139727294523157e-01 -8.055949119174674600e-01 5.374099999999999433e-01
2.708789369213288056e-01 9.607207762801691642e-01 6.033399999999996405e-02
-9.656688631315655247e-01 -1.475429790880938563e-01 2.138100000000000278e-01
8.422063781163640073e-01 -4.059421822515074108e-01 3.548230000000000550e-01
1.733710595864713933e-01 9.568013288462051680e-01 2.333960000000000201e-01
1.608438697616743907e-01 5.233785762104611328e-01 8.367820000000000258e-01
1.943990845019074598e-01 -9.424514096672678143e-01 2.720190000000001218e-01
-5.573899575736125656e-02 -9.964059241573992587e-01 -6.378400000000007675e-02
-3.725101569803417750e-02 -7.958043353616922611e-01 6.044070000000000276e-01
9.743592260037557962e-01 2.234440518281077259e-01 -2.639799999999996316e-02
-2.926468662365961371e-01 8.105406295170524134e-01 5.073280000000001122e-01
-1.798354903771983149e-01 3.228550850843031061e-01 9.292059999999999764e-01
6.837045832468258144e-01 1.901878840706844320e-01 7.045400000000000551e-01
-7.640210727116281131e-01 5.796700551670047608e-02 6.425819999999999865e-01
-7.657199477881829752e-01 3.369779770226274951e-01 -5.478309999999999569e-01
3.782419233208723086e-01 8.942828187064354450e-01 2.391470000000000540e-01
1.248088842215147459e-01 6.907633592160057345e-01 7.122279999999999722e-01
3.483103692346020686e-01 4.206984459712859725e-01 8.376710000000000544e-01
-9.403554226855691534e-01 3.401921529148557166e-01 9.889999999999838157e-04
2.097899086796174706e-01 -9.658803714848787636e-02 9.729640000000000510e-01
-9.062643069664979567e-01 -4.225831431358011980e-01 1.041600000000001205e-02
5.143999198431161574e-02 -9.676948492079794351e-01 -2.468209999999999293e-01
-6.915097140059363323e-02 9.930125893106059864e-01 -9.562500000000008493e-02
3.425204569985285802e-02 -6.667398895794185432e-01 7.445030000000000259e-01
2.754640765125707103e-01 -9.577482660230070000e-01 8.269100000000002837e-02
-3.613372806034041429e-01 -2.073771610427166956e-01 9.090819999999999457e-01
-1.095549462890731962e-01 -8.931655621124217070e-01 4.361800000000000122e-01
8.949781131300238446e-01 -1.213400153380274002e-02 4.459449999999999248e-01
1.907894268322297415e-01 3.290727361982897503e-01 9.248300000000000409e-01
-5.344308332464302591e-01 8.283757415294862314e-01 1.678609999999999547e-01
-4.239411724633435075e-01 8.391273413650669477e-01 3.407920000000000949e-01
-6.405592301504012820e-01 -5.389561936448316048e-01 -5.470009999999999595e-01
-9.164191800280798716e-01 -3.424950672822336117e-01 2.070579999999999365e-01
-0.000000000000000000e+00 -0.000000000000000000e+00 1.000000000000000000e+00
-8.866143276569667941e-01 5.416402001684143819e-02 4.593270000000000408e-01
2.649899543851250150e-01 8.705128501515467798e-01 4.147139999999999160e-01
1.753695315885879513e-01 -3.235059806269417471e-01 9.298330000000000206e-01
6.327398886009083512e-01 -6.818038799627867963e-01 3.671290000000000386e-01
-7.651492096991016068e-01 -3.636356244110861002e-01 -5.313339999999999730e-01
-9.701291815103583183e-01 1.941770363303608748e-01 1.454119999999999024e-01
7.884673569452909092e-01 5.838802643271265302e-02 6.122990000000000377e-01
7.662098929698003547e-01 -5.805299189070336485e-01 2.755130000000000634e-01
8.709131221282406798e-01 -4.703760659608862693e-01 1.423260000000000081e-01
-7.761790332847309237e-01 -3.038670130306684869e-01 5.524590000000000334e-01
-4.225901444721203437e-01 -7.831242677289681486e-01 4.562169999999999281e-01
3.136534038428032689e-01 -4.428835702324295798e-01 8.399259999999999504e-01
-3.734942338028560127e-01 3.565612232029970463e-01 8.563680000000000181e-01
2.455861207520128042e-01 -6.235013065687814438e-01 7.422490000000000476e-01
-4.456164460397672999e-01 -1.018898733373996453e-02 8.951660000000000172e-01
4.517392429602729020e-01 7.903804250926762531e-01 4.137999999999999456e-01
9.403949854539151998e-01 1.406359978246341513e-01 3.096430000000000016e-01
-7.015534105302244638e-01 4.056402373697786667e-01 5.858999999999999764e-01
5.840339404483650965e-01 -7.845519200023383100e-01 2.082849999999999979e-01
-8.311078659248223310e-01 -5.235779155358709636e-01 1.874190000000000300e-01
7.476569320692519893e-01 -6.567089403326209496e-01 9.870400000000004170e-02
-6.745931963753579730e-01 2.287250665823004070e-01 7.018609999999999571e-01
-7.222006207645465491e-03 4.325333717822670287e-01 9.015889999999999738e-01
9.978298489656679815e-02 8.190308760291834522e-01 5.650060000000000082e-01
-7.123547762049577958e-01 -6.842657850294610045e-01 1.559840000000000393e-01
2.879989293102394043e-01 -8.500807913464201171e-01 4.409299999999999886e-01
-3.945305689304227231e-02 6.131418841775485573e-01 7.889869999999999939e-01
-2.525880295215716109e-01 -9.168071071530857763e-01 3.092959999999999599e-01
-8.313202775708887771e-01 -1.106940369598133495e-01 5.446590000000000042e-01
-9.431587966822542191e-01 -2.910859372502945241e-01 -1.603760000000001018e-01
9.239595329782687716e-02 -8.879585511752143834e-01 4.505469999999999198e-01
-9.582792412334960597e-01 3.326000837274521033e-02 2.838919999999999222e-01
3.808022018243877871e-01 -2.551994650924066955e-03 9.246529999999999472e-01
3.367544519886554039e-02 -1.901465137904405911e-01 9.811779999999999946e-01
2.449903989678369268e-02 2.330003794420424101e-01 9.721680000000000321e-01
-4.568170822687995791e-01 8.883181599784059079e-01 -4.699999999999999317e-02
-7.231174048671977772e-01 6.803923809458254368e-01 1.190270000000000078e-01
5.594609382215959270e-01 8.200729094435516009e-01 -1.203490000000000532e-01
-6.180704789104586316e-01 2.327698037539179671e-02 7.857779999999999765e-01
-8.118062721997675313e-01 2.357667886304537219e-01 5.342139999999998556e-01
-3.241129026163154792e-01 -5.404278376218482061e-01 7.764590000000000103e-01
-1.439154562151964689e-01 1.296746089771314836e-01 9.810569999999999569e-01
4.700640316199085067e-01 -7.797210524496807071e-01 4.136119999999998686e-01
6.503201817519012329e-02 9.150222557310077054e-01 3.981270000000000087e-01
-2.473125620022077475e-01 -3.852478754515126780e-01 8.890559999999999574e-01
-9.001733375087337397e-01 -1.983710743767530260e-01 3.877329999999999388e-01
-5.651859951631567069e-01 -7.920869932213456810e-01 -2.305710000000000537e-01
-7.883654095719379029e-01 5.550762883734726705e-01 2.652740000000000653e-01
-1.559140332223178937e-01 -9.799502088087690410e-01 1.240500000000000491e-01
-2.461287151553757102e-01 -3.541281513751803889e-02 9.685899999999999510e-01
-5.171126467819515682e-01 1.963302455613107622e-01 8.330959999999999477e-01
3.552722107797450790e-01 -2.299771364433263188e-01 9.060310000000000308e-01
-5.613711050708718453e-01 5.566281041831323551e-01 6.123950000000000227e-01
-5.693190085954091817e-01 -6.449460097372030631e-01 5.098239999999999439e-01
1.692829929970008362e-01 -9.813509594028924088e-01 -9.106900000000003881e-02
-8.548822702052694122e-01 -4.847261532088863456e-01 -1.849779999999999480e-01
1.083800513783776953e-01 -5.097192416362366085e-01 8.534869999999999957e-01
-1.584066478220742813e-01 -2.067558455516392557e-01 9.654840000000000089e-01
-5.994229314016953358e-01 -7.322989161952914161e-01 3.231570000000000276e-01
-8.858908472568178816e-01 2.149149629448759979e-01 -4.111070000000000002e-01
-1.168899923901171450e-01 8.786659427962587587e-01 4.629070000000000684e-01
-6.271056432999781993e-01 -3.446838039425706435e-01 6.985209999999999475e-01
-9.871393049249500562e-01 1.452350448627549862e-01 -6.680400000000009941e-02
1.861875863230487982e-01 1.063357637401321082e-01 9.767430000000000279e-01
-4.380829586754388938e-01 -8.541409194285061179e-01 2.802259999999998641e-01
5.402345707216504866e-01 9.324909851142870743e-02 8.363319999999999643e-01
-3.587759022854902780e-01 -9.265207476571867273e-01 1.133099999999999524e-01
3.980921966758415587e-01 -8.828874361869710752e-01 2.490630000000000621e-01
6.350231710247119521e-01 3.746071008893445686e-01 6.755849999999999911e-01
6.127083133812093463e-01 -4.441362271618401469e-01 6.537060000000000093e-01
-9.897128610920375991e-01 -7.473898951024959825e-02 -1.219940000000000052e-01
-4.487729358085476572e-01 -3.743229464577037535e-01 8.114710000000000534e-01
-9.619804060213675845e-01 7.686203244102193799e-02 -2.620800000000000907e-01
-5.210249661440786717e-01 -5.201889661984013813e-01 6.767100000000000337e-01
-8.166922400677224525e-01 4.080241199392086737e-01 4.080809999999999715e-01
7.931632594202127073e-01 -1.433650468904611175e-01 5.918940000000000312e-01
7.088492229528983168e-01 -5.185571631007254156e-01 4.781540000000000235e-01
5.213712159182780637e-01 -1.339570554763589993e-01 8.427499999999999991e-01
3.171601832201509374e-01 6.095303521193676799e-01 7.265549999999999509e-01
-3.383838940272698159e-01 1.635354320688378882e-01 9.266889999999999850e-01
4.889277485065787743e-01 5.050067731221906664e-01 7.112789999999999946e-01
-7.661977467418107368e-01 -5.197188282126904424e-01 -3.779330000000000189e-01
-9.094650050885968451e-01 2.342790013108269342e-01 3.434920000000000750e-01
-3.886381951856499040e-01 -6.713783371861506977e-01 6.310400000000000453e-01
4.394073031511903649e-01 -5.455003763457894062e-01 7.136879999999999891e-01
-6.864660877001795836e-01 5.725510731468497205e-01 4.482739999999999503e-01
1.705750979887439012e-01 -7.725754438144732950e-01 6.115810000000000413e-01
6.678069560572964525e-01 -3.662299759015159167e-02 7.434330000000000105e-01
9.352641723349961467e-01 -2.832280521885759406e-01 2.122799999999999132e-01
8.465020009367222320e-01 -5.297650005862274414e-01 -5.275799999999995077e-02
-6.339581988766945786e-01 7.133072237689853656e-01 2.988140000000000240e-01
6.577681105792053673e-01 7.517591263802935186e-01 4.689699999999999425e-02
4.797441050602272439e-01 6.631611452271323204e-01 5.745109999999999939e-01
6.217131322304919605e-01 6.759881437740981047e-01 3.956170000000001075e-01
-8.310575885039757082e-01 -4.038438000377826409e-01 3.824310000000000209e-01
-2.274749005491826792e-01 6.697707071798074674e-01 7.068680000000000518e-01
3.672039545451712406e-01 -7.158279113902920043e-01 5.939290000000000402e-01
-7.288369822776606943e-01 -6.502159841894021852e-01 -2.145130000000000925e-01
8.728365169224845399e-01 3.451072043838337988e-01 3.450469999999999926e-01
6.191016548183042589e-01 -7.852255621954987719e-01 1.157400000000008769e-02
-7.998641991272653629e-01 -5.999741493643692136e-01 -1.575699999999990997e-02
-3.974499415608519493e-01 6.850458992741109698e-01 6.105289999999999884e-01
4.927500063574618561e-01 -3.471500044789302963e-01 7.979249999999999954e-01
-2.070809043607137467e-01 5.037977673235054521e-01 8.386329999999999618e-01
-6.878375972937135208e-01 -4.839897166399418915e-01 5.409559999999999924e-01
-8.983780021624457879e-01 3.895700009377164319e-01 2.028600000000000958e-01
5.471923004029628501e-01 -6.264043438895626759e-01 5.551559999999999828e-01
-8.448503686236777388e-02 7.704093361436921139e-01 6.319270000000000165e-01
6.551027725060382112e-01 -2.463479144521052711e-01 7.142500000000000515e-01
-5.439403076455543440e-01 -1.828661034266866603e-01 8.189560000000000173e-01
-5.223359415237029957e-01 7.162969198094787382e-01 4.626919999999999367e-01
3.568126928188336544e-01 2.034168248778174537e-01 9.117600000000000149e-01
5.080864825906543647e-01 2.933362786166360814e-01 8.098159999999999803e-01
4.757641548833728140e-01 8.776062857016864172e-01 5.878500000000005249e-02
-3.941164827006609639e-01 5.315276509972548524e-01 7.497669999999999613e-01
