-5.353999464472897554e-03 8.389929160807823028e-01 5.441160000000000441e-01
-8.130798867723144641e-01 5.816599189993413299e-01 2.393399999999996225e-02
-7.049062326205671747e-01 -6.147802028787839879e-01 3.537690000000000001e-01
-7.577698956926887108e-02 9.952108630088494223e-01 6.175099999999998646e-02
4.816962564233189248e-01 -8.690854626437840569e-01 1.125130000000000990e-01
8.613874680777096060e-01 2.637491433212108549e-01 4.341060000000000474e-01
-1.395948804670677501e-01 -3.230207234023617646e-01 9.360399999999999832e-01
-1.370551099883978441e-01 1.548821242947943377e-01 9.783800000000000274e-01
7.363118549670008006e-01 6.663438687487522882e-01 1.176039999999999447e-01
1.484429295415550520e-01 -8.855765796610255425e-01 4.401350000000001095e-01
2.745541091568178271e-01 -9.072603607072360354e-02 9.572819999999999663e-01
-5.176751385080756718e-01 -6.457081727643259050e-01 -5.613140000000002017e-01
5.561075530571609749e-01 3.815716933313799131e-01 -7.383410000000001361e-01
-3.471141157454599169e-01 5.493501831812268588e-01 7.600829999999999531e-01
5.557045784510870057e-01 2.420408163915738209e-01 7.953670000000000462e-01
-9.740295233152072019e-01 1.687109174337874662e-01 1.510069999999998913e-01
3.383370123477262292e-01 9.075730331221916192e-01 -2.486749999999999239e-01
1.508247040375672587e-01 4.994720198889827101e-01 8.530999999999999694e-01
-2.257350976308303836e-01 -7.150293092514455884e-01 6.616469999999999851e-01
9.289179814156365289e-01 -1.967739960632482743e-01 3.136740000000000084e-01
9.582883297984022830e-01 2.841510977916302805e-01 -3.068599999999993208e-02
6.744164903667527744e-01 -2.101368412068472524e-01 7.078170000000000295e-01
-3.494308947398395704e-01 -9.110357255658612097e-01 -2.188879999999998882e-01
2.748342663496063376e-01 -5.613725440418987356e-01 7.805940000000000101e-01
-4.695282883399739537e-01 8.036714935392035297e-01 3.655890000000000528e-01
-8.619427428004632352e-01 -1.281149617711163646e-01 4.905519999999999325e-01
6.429623590096095187e-01 -6.082023396007267824e-01 4.654989999999999961e-01
-5.699778920803286741e-01 9.517698197918073033e-02 8.161289999999999933e-01
-7.541078725424349427e-01 4.190199291782226165e-01 5.057110000000000216e-01
