-4.419769920427870646e-01 7.863529858427512620e-01 4.316309999999999869e-01
3.405299186457062116e-02 9.733777674552009929e-01 2.266630000000000589e-01
7.445876658393425496e-01 -6.416337120436547137e-01 1.841070000000001039e-01
8.436797136106331807e-02 -6.598407760152587009e-01 7.466540000000000399e-01
7.504845175930701107e-01 -1.601711104665783925e-01 6.411850000000000049e-01
-8.741032157733354957e-01 4.749641172454122096e-01 1.017480000000000329e-01
3.105541132585470376e-01 -9.408153431137258327e-01 1.357299999999999895e-01
9.089873215902802839e-01 3.897831379012288155e-01 -1.476859999999999562e-01
-4.891286546593748286e-01 -5.533736093003622791e-01 6.741890000000000382e-01
-1.844975370085191191e-01 -2.492287254186205114e-01 9.507079999999999975e-01
7.297087587381241303e-01 6.818917745477400816e-01 5.048499999999989107e-02
2.724403281347184125e-01 -2.824553401970777977e-01 -9.197800000000000420e-01
-8.386421252807181315e-01 -5.424680810367004113e-01 4.906900000000009171e-02
9.178030490826759591e-01 -3.347530179020694607e-01 2.134900000000000408e-01
7.983510374227317241e-01 1.960900091917257282e-02 6.018729999999999913e-01
6.506092171046726769e-01 -7.570702526301273938e-01 5.960100000000000814e-02
1.656430119991344208e-01 -3.101440224667479928e-01 9.361479999999999801e-01
6.668668622521138900e-01 -6.461658665281074798e-01 3.711580000000000434e-01
3.867428691026871812e-01 5.653508086508957087e-01 7.285660000000000469e-01
-1.096680533476103725e-01 -8.778524270279974839e-01 4.662060000000000093e-01
-7.291269218275970854e-01 -6.648829287154340850e-01 1.621869999999999978e-01
9.576083041422305681e-03 -1.832805893639140316e-01 9.830140000000000544e-01
1.826370827290752508e-01 9.810644443925246039e-01 6.446899999999988751e-02
-8.637171112491137670e-01 4.935970635766445680e-01 -1.017580000000000845e-01
-1.633719734886318886e-01 9.675038429972409038e-01 1.929919999999998859e-01
1.917900387581032706e-02 7.285801472359315634e-01 6.846919999999999673e-01
-1.111051006573008232e-01 -6.844796201143835690e-01 7.205160000000000453e-01
-5.406122580125621857e-01 3.661701747583476219e-01 7.574020000000000197e-01
-8.162961008643203620e-01 2.082140257276324791e-01 5.388020000000000032e-01
-3.953940755761677917e-01 -8.789731680081409593e-01 2.665890000000000759e-01
3.593699117091463391e-01 -9.283807719132061154e-01 -9.466999999999994864e-02
6.874419311437758584e-02 4.075381448454281630e-01 9.105969999999999898e-01
-8.474879465948735868e-01 4.353579725655712940e-01 3.036900000000000710e-01
-9.976039604177107112e-01 -3.808499848888786260e-02 -5.775700000000002360e-02
5.573174307139284744e-01 2.677662069388620503e-01 7.859380000000000255e-01
-3.061249475595654301e-01 5.914488986824248951e-01 7.459729999999999972e-01
-1.639080702122709399e-01 4.702312014299873111e-01 8.671889999999999876e-01
-7.030996613573724241e-02 -5.451897374134913044e-01 8.353589999999999627e-01
4.685300831358553408e-02 -8.422061494408403792e-01 -5.371159999999999268e-01
1.025669923017526047e-01 -9.818019263100741245e-01 1.598280000000000256e-01
-7.900512177440158768e-01 -1.037140285843608234e-01 6.042039999999999633e-01
-1.089890169189285246e-01 9.219741431228132278e-01 3.715980000000000394e-01
9.370502353560621056e-02 9.081622281003495223e-01 4.079960000000000253e-01
-8.878786085249133764e-02 3.164705040303734673e-01 9.444379999999999997e-01
-1.233704271433554989e-01 1.296953465065961986e-01 9.838489999999999736e-01
4.992031653292396398e-01 -7.486972479582569839e-01 4.361749999999999794e-01
1.104449704702488294e-01 -8.752037659961398042e-01 4.709779999999998967e-01
-1.232350157481688080e-01 6.267030800862147810e-01 7.694520000000000248e-01
5.264922401847768052e-01 -8.475743866618524747e-01 -6.650999999999997192e-02
4.061608515619009596e-01 3.856408590612664944e-01 8.284409999999999830e-01
8.046002786301468396e-03 -9.993143460589180016e-01 -3.613999999999999158e-02
-6.156578146793835193e-01 7.104397861488375154e-01 3.409409999999998830e-01
-8.931390626744329930e-01 2.503330175666709789e-01 3.736790000000000389e-01
8.194111528640626307e-01 1.963600366316626822e-01 5.385239999999998917e-01
3.107818576447949899e-01 -8.262286215417924407e-01 4.698519999999999364e-01
-9.458724553624620057e-01 3.239541559581963215e-01 -1.946800000000000613e-02
-2.202041168978843277e-01 -7.729824103465893215e-01 5.949860000000000149e-01
-8.606613908066185203e-01 -3.597037453944800789e-01 3.603820000000000912e-01
8.312856432070901969e-01 5.341807707263284133e-01 1.536720000000000030e-01
-9.578012927895428463e-01 1.191370364189093672e-01 2.615779999999999217e-01
-7.496433123124629505e-01 7.862703275718189999e-02 6.571550000000000447e-01
-9.881434361555674339e-01 1.394130615353813274e-01 6.431599999999990103e-02
4.591811452061707599e-01 7.602652404175465062e-01 4.595099999999999185e-01
-6.914951647219105269e-01 2.939220700155363852e-01 6.598819999999999686e-01
-6.098050932371441579e-01 1.581160241754074325e-01 7.766189999999999483e-01
6.893342002139396518e-01 1.444360419507823290e-01 7.098989999999999467e-01
7.227586161515399121e-01 -4.992434256048957075e-01 4.778870000000000062e-01
-4.825714528232438738e-01 5.434455099447078608e-01 6.868710000000000093e-01
-1.924881134208943079e-01 7.480744407922682582e-01 6.350850000000000106e-01
-2.840060288069360395e-01 -6.131900621963094489e-01 7.371149999999999647e-01
4.890237615962182982e-01 -8.354535927083472924e-01 -2.507450000000000512e-01
-6.425610982621582368e-01 4.772790729867895654e-01 5.994329999999999936e-01
7.041520508394073508e-01 6.708520484351647717e-01 2.326529999999999987e-01
-4.004997982340514628e-01 -7.029236458773344687e-01 5.877909999999999524e-01
2.151539459325713943e-01 -9.246527676380167371e-01 3.142070000000000141e-01
1.580159573316407551e-01 8.043437828065590489e-01 5.727670000000000261e-01
-4.902996475492848449e-01 2.593398135742017163e-02 8.711680000000000534e-01
-7.782104279292892945e-01 6.276143451181724897e-01 2.210800000000004775e-02
-9.428657758273606415e-01 -5.257798749923200260e-02 3.289979999999999016e-01
-3.809759663004975705e-01 7.046679376680921036e-01 5.985819999999999474e-01
-2.823440514623134501e-01 -9.534371737811813130e-01 1.060159999999999852e-01
1.257999454588773405e-03 -7.946496554761552922e-01 6.070670000000000233e-01
3.949754757254604898e-01 1.911997462091571676e-01 8.985750000000000126e-01
-9.362822301423666671e-01 3.026490743924986071e-01 1.782670000000000643e-01
-8.117045678650879337e-01 -5.214997223642127144e-01 2.630089999999998818e-01
-6.608367672050756703e-01 7.353597409526473339e-01 1.501359999999998807e-01
-9.366357710375018408e-01 1.574229615176405972e-01 -3.129399999999999959e-01
-5.382859074469152905e-01 -3.553249389052940965e-01 7.641940000000000399e-01
6.522582088017555568e-01 -4.536701452294834847e-02 7.566380000000000328e-01
6.994010696559118667e-01 3.246600323340806393e-01 6.367369999999999974e-01
-6.171249073426041676e-01 -7.847518821744755568e-01 5.763100000000005024e-02
-6.755422451559742747e-01 -2.354540854468779587e-01 6.987160000000000037e-01
-5.580197557409354303e-01 6.440857180677325156e-01 5.232279999999999154e-01
9.895380626541436797e-01 4.856600307503212977e-02 -1.358519999999999450e-01
4.194812991051071610e-02 1.046327730737148243e-02 9.990649999999999809e-01
-6.463892453285235984e-01 -4.401481670524391987e-01 6.232579999999999787e-01
2.008399428283109134e-01 6.575028128333146871e-01 7.261910000000000309e-01
4.733507060451265791e-01 -3.567175320762636659e-01 8.054139999999999633e-01
8.883690977698549540e-01 3.771050415024625457e-01 2.619009999999999949e-01
-7.806630828015771462e-01 3.921910415980177089e-01 4.865709999999999202e-01
-2.180000633290511637e-04 -9.472792751849753445e-01 3.204090000000000549e-01
5.626017701468470911e-01 7.719976845973272050e-01 2.958019999999998983e-01
3.780937585511416898e-01 -2.517298392465336723e-02 9.254250000000000531e-01
3.051907638435676362e-01 -4.346016637054899157e-01 8.473370000000000068e-01
-3.816309142312633851e-01 -4.639438957320272117e-01 7.994459999999999900e-01
-7.683648561404518018e-01 5.973758881544039001e-01 2.296899999999999498e-01
-6.479478527448783165e-01 -4.775798914633572201e-02 7.601860000000000284e-01
7.512696752855132498e-01 -3.357598548775592162e-01 5.682070000000000176e-01
2.007369694819593764e-01 -1.109329831348590673e-01 9.733439999999999870e-01
5.679861456431615219e-01 -6.080621559194629988e-01 5.546640000000000459e-01
5.091176435639984676e-01 -1.467738972428048461e-01 8.480900000000000105e-01
6.327670175714353862e-01 6.437060178752027628e-01 4.304049999999999265e-01
6.805425859141087663e-01 4.926017002694346170e-01 5.424069999999999725e-01
4.078619584165785183e-01 -8.621929120954272552e-01 3.004530000000000256e-01
4.791577995368089260e-01 -8.706926357320610155e-01 1.109149999999999581e-01
-9.801803475446374536e-01 1.511170535818963379e-01 -1.281020000000000492e-01
-5.897107845887126221e-01 -6.156227751235046064e-01 5.227329999999998922e-01
-3.148879618304158967e-01 -8.406138981038123736e-01 4.406969999999999499e-01
2.711541292271973935e-01 -6.072062893836330799e-01 7.468439999999999523e-01
-7.749251608400549163e-01 -5.254151090528469403e-01 -3.513260000000000272e-01
2.403070861051077589e-01 3.041721089887636786e-01 9.218089999999999895e-01
-8.751141162735793788e-01 -1.813740240985794450e-01 4.486410000000000675e-01
-1.555514039913168389e-01 -5.975192344460698857e-02 9.860189999999999788e-01
5.536293661885983708e-01 4.503252978599035505e-01 7.005010000000000403e-01
4.594779239636888057e-01 8.848588535698892477e-01 -7.684299999999989750e-02
2.020340411465560149e-01 -7.584741544719844075e-01 6.195960000000000356e-01
-3.437797169249656726e-01 -1.034109148494026659e-01 9.333390000000000297e-01
3.379768254943683603e-01 7.220536271862010302e-01 6.036639999999999784e-01
-5.536921125100263685e-01 -8.246311675647388650e-01 -1.157949999999998980e-01
-2.129330055356099816e-01 -4.353320113173069772e-01 8.747260000000000035e-01
9.680430860486438638e-01 3.077900273592310346e-02 2.488879999999999981e-01
9.339404559325652222e-02 9.864644815738297101e-01 -1.347790000000000377e-01
-7.416023381545290283e-01 -4.940672252839036771e-01 4.537880000000000247e-01
-5.194750311471962867e-01 -1.709780102516681999e-01 8.372049999999999770e-01
-3.129408595601570475e-01 8.882424397511153036e-02 9.456099999999999506e-01
-6.713249724218861569e-01 -6.529009731787461801e-01 3.507750000000000035e-01
2.867559737438773459e-01 8.536759218352130141e-01 4.347509999999999986e-01
9.112095807801845471e-01 2.065389049777313080e-01 3.564249999999999918e-01
8.121426834474929635e-01 3.664028571855100780e-01 4.540630000000000499e-01
3.923810205920056915e-01 -6.943090364370724243e-01 6.033009999999999762e-01
4.611801900037978963e-02 5.675562338301647358e-01 8.220420000000000504e-01
9.210500480307437510e-01 3.850790200810279562e-01 5.814599999999995467e-02
2.250160802619028122e-01 9.407333355540075104e-01 2.537490000000000023e-01
1.990309907280704282e-01 -9.799509543486362162e-01 -9.099000000000098329e-03
-4.946990040848770476e-01 -7.594660062711371395e-01 4.224739999999999607e-01
6.231606413199182182e-01 -2.649972727194530031e-01 7.358310000000000128e-01
4.481582390123818871e-01 -5.352632854673676777e-01 7.159940000000000193e-01
-3.649069990585014356e-01 4.256419989017987127e-01 8.280530000000000390e-01
6.099584621425000464e-01 -4.452933373819513152e-01 6.554879999999999596e-01
3.708929430955358875e-01 9.241708582085520485e-01 9.136000000000002452e-02
5.191714917612240132e-01 6.165483964348826840e-01 5.918860000000000232e-01
-9.742122975362913495e-01 -2.221960678613833784e-01 3.923399999999993559e-02
1.231130979432542571e-01 -4.973933957038580433e-01 8.587449999999999806e-01
2.315721241289573074e-01 9.379005027401804417e-02 9.682859999999999800e-01
-7.756556493284044729e-01 -3.145808577789364624e-01 5.471719999999999917e-01
-2.569248757892764190e-01 8.402525937785998433e-01 4.774570000000001313e-01
-3.680555774092419963e-01 -2.891284535875868755e-01 8.837080000000000490e-01
9.015539989903553764e-01 2.589499997100035839e-02 4.318910000000000804e-01
-3.133040420904016354e-01 9.018861211626530983e-01 2.973920000000000452e-01
-8.770958926673120271e-01 3.975799513470252428e-02 4.786669999999999536e-01
-2.033380171222500254e-01 -9.334080785984185669e-01 2.956400000000000139e-01
-7.334067277334704871e-02 -2.058850813953085890e-01 -9.758240000000000247e-01
2.379735851871187802e-01 4.918251426972690687e-01 8.375420000000000087e-01
9.633738542228129642e-01 2.138259676439754620e-01 1.618309999999998916e-01
5.853018309202051572e-01 -7.715427771196198270e-01 2.492860000000000908e-01
8.595429935301249769e-01 -1.598629987966935784e-01 4.854169999999999319e-01
8.524971954158810927e-01 -3.385780776114381552e-01 3.982629999999999781e-01
-9.438487735678835477e-01 -2.256309458704676696e-01 2.413299999999999057e-01
-4.489770972355354717e-01 2.267840491149070714e-01 8.642849999999999699e-01
-8.127668261693861140e-01 5.006818929165930410e-01 -2.978720000000000812e-01
5.330851849950491994e-01 7.318902539858118672e-02 8.428900000000000281e-01
-7.139110785530081715e-01 5.610630617348468796e-01 4.189740000000000686e-01
-2.371693610204983482e-02 -3.711799999702721786e-01 9.282580000000000275e-01
-5.675580538430421429e-01 -7.860230745683605136e-01 2.450420000000000376e-01
3.451932496264771832e-01 -2.356851704357164345e-01 9.084569999999999590e-01
4.045040356713954788e-01 8.722790769223771612e-01 2.747830000000001105e-01
