-1.863699039868702834e-01 -6.548836626202586553e-01 7.323889999999999567e-01
3.584998380799778173e-02 -6.213847193454038464e-01 7.826849999999999641e-01
-3.084430955346358916e-01 3.518211089701860361e-01 8.837899999999999645e-01
6.629063274140041262e-01 9.312690551326800736e-02 7.428879999999999928e-01
4.937909073699245366e-01 -8.301238442773383186e-01 2.589690000000000603e-01
-5.030137688778840710e-01 -2.800778713112955787e-01 8.176390000000000047e-01
-8.592326517423586330e-01 -2.944088806724322605e-01 -4.183810000000000029e-01
-9.552281756760812037e-01 1.317180242242711186e-01 2.649329999999999741e-01
-4.297611692374658787e-01 8.227803240061385415e-01 3.719379999999999908e-01
-2.634230036931926588e-01 -8.060100113002668376e-01 5.300530000000001074e-01
-7.486010470879216339e-01 -6.535510411091601801e-01 1.116580000000000211e-01
2.173049434319070938e-01 8.203747864427914926e-01 5.289269999999999250e-01
-2.903611586615580387e-01 -2.657411452084856851e-01 9.192780000000000395e-01
6.296429486628997152e-01 -5.165419578844384629e-01 5.802880000000000260e-01
8.547374502444902988e-02 2.329883049757978941e-01 9.687160000000000215e-01
-6.850299795172100081e-01 6.968489791638148301e-01 -2.124509999999999454e-01
-4.072301930124284652e-01 -9.096354311343970434e-01 8.201800000000009083e-02
-2.999900202993373288e-02 -9.993450676223943896e-01 2.023600000000004909e-02
-1.583070316330491834e-01 1.793321686467117260e-01 9.709680000000000533e-01
3.730839487142483812e-01 4.987509314395152105e-01 7.823400000000000354e-01
5.749181697917854494e-01 -8.178962415510073747e-01 2.269000000000001918e-02
-6.838857323210931760e-01 -3.409878665343418214e-01 6.450019999999999643e-01
-3.583119828034199705e-01 -8.761229579519542732e-01 3.225230000000000596e-01
-8.702377180348536134e-01 4.880928418533617696e-01 6.672100000000007192e-02
-6.295826751481737871e-01 -5.610867104906951397e-01 5.374079999999998858e-01
6.066120187717096712e-01 7.518010232646076263e-01 2.584900000000001086e-01
4.633959532511632284e-01 1.034262127579166912e-01 8.800949999999999607e-01
1.599998720808384813e-03 7.850423723622141914e-01 6.194399999999999906e-01
-6.107360644620607459e-01 1.056310111491576970e-01 7.847570000000000379e-01
-3.969550543943787257e-01 1.437830197024521917e-01 9.065060000000000340e-01
-5.062338826130177161e-01 -7.401708283670395128e-01 4.425769999999999427e-01
-3.799196860812110305e-02 -7.920183455736865552e-01 6.093140000000000223e-01
-4.206702338142607189e-01 6.669723707123519363e-01 -6.149670000000001524e-01
-4.105068901932010794e-01 8.986427596213676372e-01 1.546779999999999544e-01
9.865614271131415425e-01 1.287610557446678128e-01 1.005840000000000345e-01
-8.751600210898441423e-01 -4.829420116380678252e-01 -2.935899999999993723e-02
-9.547000159340369718e-01 -2.895490048326010424e-01 6.862399999999993505e-02
1.602189173361260877e-01 4.618597617065592353e-01 8.723619999999999708e-01
5.754981715163689504e-01 -6.942602069111523111e-01 4.322090000000000098e-01
-3.998610782234702232e-01 -6.597251290597954121e-01 6.362970000000000015e-01
3.158980661137317236e-01 2.882910603359117307e-01 9.039340000000000153e-01
-1.095840176267043192e-01 -9.123101467460449365e-01 3.945649999999999435e-01
3.738979719173821104e-01 -1.166336793000568167e-01 9.201070000000000082e-01
5.670138876663610716e-01 5.010319007383454704e-01 6.538059999999999983e-01
-5.938480018341723010e-01 -8.044520024846484318e-01 -1.419599999999995345e-02
6.065528515265394827e-01 -7.659158125172921272e-01 -2.132289999999999741e-01
0.000000000000000000e+00 -0.000000000000000000e+00 1.000000000000000000e+00
1.868969670003786665e-01 -9.820368266058352447e-01 -2.594599999999994827e-02
2.416000187559824187e-03 9.059260703291928118e-01 4.234289999999999443e-01
2.568446740288105046e-01 -5.617782870261488481e-01 7.864069999999999672e-01
6.100205599571071335e-01 -3.101457762740248980e-01 7.291670000000000096e-01
4.199407549351735214e-01 8.131775254539912456e-01 4.029790000000000316e-01
5.342200922139828112e-02 -9.726471678927302023e-01 2.260610000000000952e-01
-5.083076860560243881e-01 -4.798537036299397873e-01 7.150969999999999827e-01
9.403895962952242282e-01 -3.154648645724358325e-01 1.270799999999999708e-01
-2.232399650132504410e-01 -9.231728553179424646e-01 -3.129149999999999432e-01
3.750858664366187312e-01 -9.242176708976576061e-01 7.164000000000006474e-02
-6.650603835027772692e-02 -2.331621344514397953e-01 9.701610000000000511e-01
4.295348872344992297e-01 8.864497672809475981e-01 1.723560000000000370e-01
-2.364200639313797925e-01 -9.685492619096264244e-01 -7.757499999999990792e-02
-7.591683729250846557e-01 4.519442220078485617e-01 4.684120000000000505e-01
1.187950456335570837e-01 -8.830283392037432399e-01 4.540360000000000507e-01
-9.147020215166909995e-01 -2.501650058846740521e-01 3.173920000000000075e-01
8.834307906189935444e-01 -1.172599722083368101e-01 4.536519999999999997e-01
-9.971619886078475492e-01 7.524199914039227111e-02 -2.571000000000018583e-03
2.185460492985407677e-01 6.667661504058224331e-01 7.125029999999999974e-01
-4.130017988818332486e-01 5.353457393043954404e-01 7.367730000000000112e-01
1.326137755557694475e-01 -4.036623168154838126e-01 9.052459999999999951e-01
-7.967922497008111948e-01 -4.137141296508013988e-01 4.404120000000000257e-01
7.328059084395461831e-01 4.696899413145778079e-01 4.923279999999998768e-01
8.362337787800345756e-01 -5.228088616944670530e-01 1.654809999999999337e-01
9.196987047506977736e-03 6.195301274903811661e-01 7.849190000000000333e-01
-2.016801154647733241e-01 5.479143136888429133e-01 8.118589999999999973e-01
9.564566153521770753e-01 -2.765718887740716836e-01 -9.326700000000004431e-02
-2.368837461583400694e-01 -4.340331994204050386e-02 9.705679999999999863e-01
-6.358114781800271176e-02 3.963159213836169870e-01 9.159100000000000019e-01
-9.233717444399168750e-01 -3.297559087339982375e-01 -1.965849999999999542e-01
-5.262068233318448751e-01 3.266388903345842087e-01 7.851200000000000401e-01
5.317552119288959656e-01 3.086391230068781799e-01 7.886560000000000237e-01
3.633166223675107220e-01 -3.305566564183267109e-01 8.710529999999999662e-01
8.283258371275100673e-01 9.364998158574197595e-02 5.523639999999999661e-01
7.413137652187070659e-01 -6.706837875879091415e-01 -2.524200000000002483e-02
-9.822535966439529531e-01 -8.216796625825925626e-02 1.686010000000000841e-01
-2.112870641555171514e-01 9.406482856198390419e-01 2.655909999999999105e-01
-4.313298972933898301e-01 7.002958332482592807e-01 5.688060000000000338e-01
4.658970629352608417e-01 -4.806610649296420013e-01 7.429029999999999800e-01
-1.973340546281397156e-01 -9.638122668128987769e-01 1.792349999999998944e-01
7.699035797456205144e-01 -3.267688216321731343e-01 5.481519999999999726e-01
-2.213211249589205343e-01 8.498314798187449615e-01 4.783339999999999259e-01
-7.109926171556134600e-01 2.822332449840225799e-01 6.440759999999999819e-01
-5.703511447100603204e-01 -7.908482006547931098e-01 2.219430000000000014e-01
5.686661558778720593e-01 -1.139390312319865511e-01 8.146390000000000020e-01
2.635749130561463871e-01 -9.280966938543876443e-01 2.629919999999998925e-01
-7.091410918240246275e-01 -6.213860804609565580e-01 3.331639999999999602e-01
4.199457361341518702e-01 6.805775723705163038e-01 6.003830000000000000e-01
-6.013756529464182599e-01 5.046937087415188650e-01 6.193800000000000416e-01
-8.177345568221682237e-01 -1.875211276892607415e-01 5.441930000000000378e-01
7.552431285656402427e-01 -5.305060903084749535e-01 3.849299999999998834e-01
-6.162964980882510435e-01 6.591775327445241750e-01 4.308870000000000755e-01
-7.643067689749617477e-01 5.899668216722483427e-01 2.603349999999999276e-01
-8.029813162216548061e-01 -5.219032055304304585e-01 -2.878159999999999608e-01
2.340118568304289104e-01 6.097170214759398132e-02 9.703199999999999603e-01
8.787639188010648583e-01 -3.302589694836394196e-01 3.445330000000000337e-01
1.588318720185142308e-01 -1.826637027712244565e-01 9.702610000000000401e-01
-8.605973931603296823e-01 -4.624992112908354880e-01 2.132290000000000851e-01
-9.308886819736941765e-02 -4.520203599935879724e-01 8.871369999999999534e-01
-9.088775334537479988e-01 -2.695701582206670027e-02 4.161909999999998666e-01
9.666162070313337740e-01 -1.079560231221857042e-01 2.323759999999999715e-01
-7.841956499811491010e-01 4.765503949891512075e-02 6.186810000000000365e-01
7.164031199334446320e-01 2.893100484335560663e-01 6.348749999999999671e-01
-6.090840606915861599e-01 -6.516470649327350539e-01 -4.520759999999998668e-01
-8.795590884344757221e-01 3.762860378333405253e-01 2.911779999999999369e-01
1.947659203040844333e-01 -7.446656952915873262e-01 6.383879999999999555e-01
9.385680343791521496e-01 9.835300360260817998e-02 3.307820000000001315e-01
-6.655009414306998217e-01 -1.195541691236751969e-01 7.367599999999999705e-01
-3.088926287264589510e-01 -4.770454266151787914e-01 8.228079999999999838e-01
1.150699880927729714e-02 9.783858987584619360e-01 2.064670000000000394e-01
-7.481349003478464654e-01 -6.526189130706506747e-01 -1.199280000000000901e-01
-2.183752361622134930e-01 7.170667754728966559e-01 6.619119999999999449e-01
3.520339400193339685e-01 -8.178628606499160902e-01 4.551620000000000110e-01
-4.634488819441822671e-01 -6.956298227999872796e-02 8.833889999999999798e-01
-8.561646051747514585e-01 2.164279001930247415e-01 4.691919999999999980e-01
7.500443994695400463e-01 -1.135510604766730020e-01 6.515670000000000073e-01
