4.558238838108126800e-01 -8.168707917802097151e-01 3.534779999999999589e-01
-7.349741809586816110e-01 -6.436231584670606409e-01 2.134530000000000316e-01
-6.403996712732681375e-03 6.682936569548623140e-01 7.438700000000000312e-01
-8.979012859042485584e-01 4.375371393179059987e-01 4.831700000000001965e-02
7.544662947156961508e-01 -6.319722468660853298e-01 1.771770000000001122e-01
6.023001644133134901e-03 8.109972213825363818e-01 5.850189999999999557e-01
1.664710248161797579e-01 9.785101458685295794e-01 1.216770000000000074e-01
6.675844400677157786e-01 -7.795293461746241603e-02 7.404420000000000446e-01
3.447751128435789236e-01 7.451472438838496748e-01 5.708640000000000381e-01
5.120397788398194372e-01 8.216136451286996101e-01 2.505320000000000324e-01
1.298945068486571652e-01 -1.335695211885713496e-01 9.824899999999999745e-01
1.454360099660590711e-01 -9.365280641759499147e-01 3.190040000000001208e-01
2.101377569266661693e-01 -3.055096466068287775e-01 9.287119999999999820e-01
-2.545992114477504693e-03 -2.659371763314655190e-01 9.639870000000000383e-01
-8.030751033618940271e-01 5.592810719837417732e-01 2.056090000000000972e-01
-6.482888301574725176e-01 -1.458689617843897668e-01 7.472910000000000386e-01
2.490999801269605518e-02 -7.387099410661857046e-01 6.735630000000000228e-01
-2.346080146341678885e-01 -8.840430551440433549e-01 4.042609999999999815e-01
4.697887693296772249e-01 -4.443327818287858277e-01 7.628019999999999801e-01
5.108393557310794697e-02 1.991237488657807420e-01 9.786420000000000119e-01
-5.204050005847022931e-01 8.515440009567538659e-01 6.365099999999994373e-02
5.660147336977613408e-01 9.996395296831887822e-02 8.183120000000000394e-01
-6.665806352600772700e-01 -6.166536625791432247e-01 4.188179999999999126e-01
-8.487932771479228533e-01 2.911010950503095107e-01 4.413730000000000708e-01
-5.037099485516636221e-01 -7.120089272762528676e-01 4.892029999999999990e-01
-8.016189868383269967e-01 -4.952349918688039865e-01 3.348869999999999347e-01
1.736709988162815632e-01 7.198549950935640984e-01 6.720469999999999500e-01
7.183682971649855142e-01 1.066840441316279642e-01 6.874339999999999895e-01
-5.709291534109508515e-01 4.542931220703818607e-01 6.838549999999999907e-01
-4.173660863591015513e-01 -8.373081732512150932e-01 3.531580000000000275e-01
-3.350038045433456624e-01 -3.697468879821490528e-01 8.666369999999999907e-01
-7.897250172387444422e-01 3.730070081422930950e-01 -4.870320000000000760e-01
4.996611091539414073e-01 7.444791626359015257e-01 4.428199999999999359e-01
-2.079838862970015967e-01 6.065246684181904158e-01 7.673790000000000333e-01
-5.073410210283578747e-01 -8.603840356613453588e-01 -4.841899999999995513e-02
-9.947894877798516555e-01 -9.686104749433739614e-02 -3.180900000000010108e-02
-9.641366436756071412e-01 2.510819072054683021e-01 8.601399999999990997e-02
3.668671905668959843e-01 -8.439034383604280265e-01 -3.914529999999999954e-01
-9.384975992489839047e-01 1.948001243836710028e-01 2.850880000000000081e-01
-7.873192302471923032e-01 4.761511392477902338e-01 3.916740000000001332e-01
9.498505134769176239e-01 3.100131675891136807e-01 -4.093699999999998729e-02
-6.298878946011423619e-01 -7.714028709215051682e-01 9.043700000000007289e-02
-2.653778876522825958e-01 -9.374186031438742628e-01 2.254349999999999410e-01
-5.494299583330274767e-02 -9.272799296781213396e-01 3.703150000000000608e-01
-8.724485142673229499e-01 9.736405739152780014e-02 4.789089999999999181e-01
3.267819834943898050e-01 -9.155289537570465708e-01 2.345640000000000502e-01
-1.094999811148680974e-01 -8.259718575471222124e-01 5.529739999999999656e-01
1.586470718634208910e-01 9.843934459072564147e-01 -7.616199999999996584e-02
2.205751116262126277e-01 -7.507943799537152296e-01 6.226190000000000335e-01
9.917245261725455840e-01 -1.051149497780404229e-01 7.371099999999988772e-02
-1.907021247629898109e-01 -2.617377987411848572e-01 9.461110000000000353e-01
2.092300875376405106e-02 -9.996314182255827685e-01 -1.729899999999991514e-02
-2.561191747454636958e-01 4.339822960982425148e-01 8.637489999999999890e-01
1.768240029904974975e-01 -9.778150165370833591e-01 1.122990000000000793e-01
3.471702192225122885e-01 8.564425408052736000e-01 3.820719999999999672e-01
6.245972254550593572e-01 -7.339522649279324185e-01 2.668189999999998618e-01
5.999244249374209303e-01 2.886667232960961060e-01 7.461649999999999672e-01
-6.184569690366733541e-01 2.698239864911405328e-01 7.380419999999999758e-01
3.919685580616433240e-01 8.325190613479109547e-02 9.162040000000000184e-01
6.788097523397336186e-01 -5.325108057161560549e-01 5.056180000000000119e-01
1.040099705583273498e-01 3.870468904402358801e-01 9.161749999999999616e-01
-5.397508639254713914e-02 5.054978091000169593e-01 8.611379999999999590e-01
-5.214571536296951360e-01 5.820631714852062544e-01 -6.239269999999998983e-01
-3.063076686864518172e-01 2.475035403138123313e-01 9.191939999999999555e-01
-1.890359361949016381e-01 -6.999107637598646070e-01 6.887600000000000389e-01
-3.196952047401837582e-01 -7.749204962769612459e-01 5.452460000000000084e-01
-7.570171954434181671e-01 -2.392570617703510816e-01 6.080140000000000544e-01
-2.009620387921095541e-01 9.744331880968128967e-01 1.004699999999999621e-01
7.938769725333061356e-01 -6.078959789679089232e-01 -1.489400000000004262e-02
-1.970820364137184366e-01 9.331341724098533019e-01 3.006980000000001318e-01
7.634457266570442435e-01 5.164478150918037080e-01 3.878559999999999230e-01
-4.615588134248944652e-01 -8.723706473631511749e-01 1.610370000000000135e-01
9.181995597667955700e-01 2.038469022650642171e-01 3.396410000000000817e-01
-3.932107678638340764e-01 -6.359686245491471546e-01 6.640249999999999764e-01
8.849490927539368501e-01 4.603070482460418500e-01 7.058699999999998309e-02
-7.622629232362808649e-01 1.865029812182096014e-01 6.198160000000000336e-01
-9.772505378316317382e-01 -1.459289309862382700e-01 1.539029999999999287e-01
-4.939539757139440046e-01 6.226049693886070990e-01 6.069369999999999488e-01
6.307027859172665840e-01 6.025727954655757390e-01 4.889990000000000170e-01
3.439339223671964985e-01 -6.145998612724504762e-01 7.099130000000000162e-01
9.151848925752926744e-01 -5.479999356755850710e-03 4.029970000000000496e-01
8.778990186459433298e-01 4.012610085224950218e-01 2.613099999999999867e-01
7.873586617363775852e-01 5.854067484985978620e-01 1.933010000000000561e-01
-1.384600558533531298e-02 -9.806483955834174315e-01 1.952869999999999884e-01
-6.582119694850647740e-01 -7.439069655122150238e-01 -1.155830000000001023e-01
-9.484888895309387946e-01 4.459999480550492709e-03 3.167789999999998662e-01
-3.707590622986644546e-01 9.086371526783476593e-01 1.921359999999999735e-01
4.854201324046484300e-01 4.532011236164951162e-01 7.476469999999999505e-01
5.001139935041142293e-01 -8.530469889199345790e-01 1.489859999999999240e-01
8.672668258938922570e-01 -4.746969047033415823e-01 1.500369999999999482e-01
6.408404611936918682e-01 -4.048536596068462168e-01 6.522400000000000420e-01
-6.534621064131290735e-01 5.589480910219807308e-01 5.104549999999999921e-01
1.509660275374590244e-01 -6.128251117843972473e-01 7.756640000000000201e-01
-6.766867246464435270e-01 7.221827061334744613e-01 1.433430000000000537e-01
3.570829508152738030e-01 -9.337778713811207831e-01 2.346600000000001809e-02
2.024798436112058564e-01 5.914066223996486404e-02 9.774990000000000068e-01
-7.714122304098448568e-01 -6.363101900567900149e-01 5.702000000000036900e-03
-8.355779877043124637e-01 -3.248119952203301075e-01 4.430649999999999311e-01
-5.205392309174688287e-02 -5.983061160190145111e-01 7.995750000000000357e-01
-4.461645567250749345e-01 3.634346389191837612e-01 8.178339999999999499e-01
-5.706701742752420259e-01 -5.570171701057919922e-01 6.033800000000000274e-01
-8.612386160328244777e-01 -1.045890748112102281e-01 4.973219999999999308e-01
-1.877691182275425252e-01 8.548725382646532589e-01 4.836690000000000711e-01
4.032893609981950123e-01 -2.859012559200597159e-01 8.692630000000000079e-01
1.709350520813768814e-01 9.337382844962163198e-01 3.145059999999998968e-01
-2.648900416702764660e-01 -5.460020858924619080e-01 7.948049999999999837e-01
6.564949225386297327e-01 6.886989187388047329e-01 3.077470000000000483e-01
-9.553250914560503793e-01 -2.550760244191700998e-01 -1.492989999999999595e-01
-7.676445884215491455e-01 -1.753001343725692218e-02 6.406359999999999832e-01
-3.392991402136821266e-01 -9.405293886690921923e-01 1.675000000000001835e-02
-6.770290026832098684e-01 6.558800025993918315e-01 3.338459999999999761e-01
-7.176344599794529655e-01 -4.492832879754142250e-01 5.321139999999998649e-01
5.027181567589057432e-01 -9.103102838553613074e-02 8.596439999999999637e-01
3.263149850962833720e-01 5.976139727053011441e-01 7.323769999999999447e-01
-9.066695333853548311e-01 -3.517578189689364865e-01 2.328449999999999687e-01
8.695027239441015521e-01 -1.957549378503324333e-01 4.534810000000000230e-01
-8.921071220086281839e-01 3.803600520197708001e-01 2.438670000000000837e-01
-9.232467358771576649e-01 -1.881039461871384655e-01 3.350110000000000587e-01
-4.842067562352755372e-01 1.636129176321740319e-01 8.595199999999999507e-01
-3.362072354702636545e-01 4.277790272375124603e-02 9.408159999999999856e-01
5.800904964855827517e-01 -2.594452220529607778e-01 7.721289999999999543e-01
3.479378311617539188e-01 9.187785541589741367e-01 1.865079999999999238e-01
-0.000000000000000000e+00 0.000000000000000000e+00 1.000000000000000000e+00
9.742121039689667361e-01 4.490300479209711343e-02 2.211210000000001230e-01
9.479012387479716084e-01 -2.980030750580617838e-01 1.125940000000001107e-01
-4.641635905349051905e-01 -4.662375887053132884e-01 7.531099999999999461e-01
1.464298007630199239e-01 5.588402396244407377e-01 8.162449999999999983e-01
-7.538002325781519193e-03 9.121572814377665317e-01 4.097709999999998853e-01
-5.331261674700226161e-01 8.046032527486608465e-01 2.615149999999998864e-01
3.230228006519278994e-01 -1.134382811707976418e-01 9.395679999999999588e-01
-5.219760840129720192e-01 7.282171172078301113e-01 4.441180000000000683e-01
-1.690652516083241408e-01 -7.813319198403469168e-02 9.825030000000000152e-01
-1.717699736841617891e-02 9.757638505091307257e-01 2.181509999999999838e-01
-3.467807542126856157e-01 7.379234769830005369e-01 5.789750000000000174e-01
6.501709114349953911e-01 4.560279378807699513e-01 6.077139999999999764e-01
8.208733166040796947e-01 3.489761345972219320e-01 4.520870000000000721e-01
7.426875304612547968e-01 -2.323948530763164100e-01 6.280189999999999939e-01
4.373910126369234819e-01 2.736940079074561272e-01 8.566099999999999826e-01
2.830525303326902886e-01 -4.670402250430485958e-01 8.377080000000000082e-01
8.646800825926924394e-02 -8.575500819116483875e-01 5.070810000000000040e-01
2.792501318918003683e-01 -8.517884023056501164e-01 4.432560000000000944e-01
8.438819270582428311e-01 1.422389877054344165e-01 5.173309999999999853e-01
7.384831955677555460e-01 2.882620763385919105e-01 6.095469999999999500e-01
-1.710361659776485355e-01 7.440047220002480310e-01 6.459129999999999594e-01
4.096697329220285178e-01 -7.325255224410912591e-01 5.436699999999999866e-01
-9.907636771704378953e-01 5.634998163897152190e-02 1.233370000000000577e-01
6.520610983647660008e-01 -7.562511140820455946e-01 5.385700000000000209e-02
7.757587942756145882e-02 -4.521852971902563523e-01 8.885440000000000005e-01
-3.606345963347997730e-01 -1.589698220620381353e-01 9.190599999999999881e-01
8.822974325919069605e-01 -3.545921738571359838e-01 3.095410000000000106e-01
-6.428309203372791769e-01 7.205099107109237677e-02 7.626119999999999566e-01
8.557132118587233993e-01 5.024371243941151421e-01 -1.237410000000000454e-01
-1.021691128936612070e-01 3.254883596544157487e-01 9.400100000000000122e-01
1.810780464594695660e-01 8.469402173007384294e-01 4.999030000000000418e-01
8.102665925373726541e-01 -4.807903515957023810e-02 5.840859999999999941e-01
5.836798212161693478e-01 -6.811097913729186049e-01 4.420490000000000252e-01
-1.527966724715998370e-01 1.326694521644177227e-01 9.793119999999999603e-01
3.045743323620080933e-01 4.303390566811673978e-01 8.497310000000000141e-01
-7.247582733143234091e-01 3.778091424759869033e-01 5.761819999999999720e-01
9.498875185594756188e-01 -1.617839180015182843e-01 2.674689999999999013e-01
-5.049415547292146478e-01 -2.632252891795230365e-01 8.220380000000000464e-01
-3.843432416914059346e-01 5.496583456485869545e-01 7.417249999999999677e-01
-5.106298018110712045e-01 -4.462198268102846727e-02 8.586420000000000163e-01
2.524860487342569515e-01 2.495560597732752461e-01 9.348649999999999460e-01
7.712658540758096093e-01 -5.378578982368038552e-01 3.403790000000000981e-01
-1.223779113445827432e-01 -4.370946833512590612e-01 8.910510000000000375e-01
4.897151540589603225e-01 6.100611919184900644e-01 6.229000000000000092e-01
-6.248935720217574374e-01 -3.618393312243548543e-01 6.917950000000000488e-01
-5.866129496383398756e-01 -7.555909351313094824e-01 2.914919999999998623e-01
