-9.949670560438195199e-01 1.281300072172192155e-02 9.938000000000005163e-02
7.161048958812292475e-02 2.849389690652181506e-01 -9.558670000000000222e-01
-6.529461621118117787e-01 -7.256341801586082552e-01 2.170629999999999227e-01
-6.429524007785121231e-01 7.658844774071006389e-01 5.759999999999930106e-03
-9.583195099908582426e-01 -2.828001504983357339e-01 -4.059300000000001796e-02
-2.148460763268926765e-01 8.746053107150326689e-01 -4.346340000000001869e-01
-3.934488715686429439e-01 -5.730138129542441394e-01 7.189250000000000362e-01
-1.224646799147353207e-16 1.499759782661857608e-32 -1.000000000000000000e+00
-8.473508613799969336e-01 -4.699069231268862556e-01 -2.473540000000000461e-01
4.630812251262360069e-01 -3.598941749620078734e-01 8.099579999999999558e-01
-8.506172786768640970e-01 5.200601703806648768e-01 -7.737999999999993495e-02
4.562748846128128477e-01 8.888547752178441730e-01 -4.183799999999989611e-02
2.486885636691965884e-01 -1.814379520832175019e-01 9.514380000000000059e-01
9.793275234474230206e-01 3.758802009067629263e-02 1.987579999999999625e-01
5.356890100608047156e-01 -5.728510801312181044e-02 8.424700000000000522e-01
-7.501917593393864214e-01 1.078709653951240716e-01 6.523619999999999974e-01
8.103391707301419444e-01 1.838010387249913724e-01 -5.563879999999999937e-01
-3.514810979664467205e-01 4.960811382700425765e-01 7.939549999999999663e-01
-3.136354816050929140e-01 -1.192468029019708026e-01 -9.420260000000000300e-01
-1.698811240408861778e-01 -6.922535054577948488e-01 -7.013739999999999419e-01
6.924259873678415556e-01 -6.627709879088475864e-01 2.850979999999999071e-01
-9.378943480508745711e-01 3.067321138277255832e-01 1.620790000000000286e-01
9.572188047319837301e-01 -2.505539488882036481e-01 1.447579999999999978e-01
2.491559758826895343e-01 -8.878609140585841386e-01 -3.868129999999999624e-01
6.599432377102185665e-01 -5.845942105696514401e-01 -4.719370000000001064e-01
-3.029758417843834151e-01 -4.386897709138383450e-02 9.519879999999999454e-01
-1.149799329172180029e-01 -5.600076732745293828e-01 8.204700000000000326e-01
3.568311087267564963e-01 -9.298052833124974548e-01 -9.018700000000001715e-02
-9.198658291453630786e-01 5.329899010031748097e-02 3.885949999999999682e-01
-8.295510932650914659e-01 3.350540376695849698e-01 4.467480000000000895e-01
5.491159053334526696e-01 6.762928834083814511e-01 -4.910190000000001498e-01
-3.715821468181303433e-01 -8.693053434766344623e-01 3.259369999999998657e-01
-5.391715180580468614e-01 -2.707702601671407305e-01 -7.974820000000001352e-01
7.892392410060133923e-01 -5.777891764365717941e-01 -2.079929999999999279e-01
2.348071449761063856e-01 9.491565860342380256e-01 2.096839999999999260e-01
5.354509690442912362e-01 -7.928959541607772943e-01 -2.908749999999999947e-01
7.173030308799445143e-01 6.916910297773460892e-01 8.390400000000008962e-02
6.118755838196561214e-01 -3.920963741178375983e-01 -6.869269999999998433e-01
6.889701014392583811e-02 9.245271361210701810e-01 -3.748369999999998647e-01
-6.525562728531603129e-01 -6.348562654522612592e-01 -4.136759999999999327e-01
8.526178422890813291e-01 5.100449056556798366e-01 -1.135649999999999715e-01
-4.800608232504439132e-01 -5.738767887091325015e-01 -6.634809999999998764e-01
-6.569197087323844220e-02 7.469446688167667991e-01 -6.616330000000001377e-01
7.473190428780546180e-01 8.259500473895743655e-02 6.593120000000000092e-01
7.170247178904581853e-01 3.910218461545451052e-01 5.770420000000000549e-01
1.452330548277011302e-01 -9.790833696189584767e-01 1.424890000000000323e-01
-4.401157876268173563e-01 8.765805770153856091e-01 -1.946910000000000862e-01
-5.063070375130852563e-01 -8.276850613244891575e-01 -2.420549999999998814e-01
5.914402128111841822e-02 -9.856253546463273896e-01 -1.582549999999999235e-01
-5.645899728382471061e-02 -8.895579572044225447e-01 -4.533199999999998897e-01
-2.273220649419482875e-01 -7.788582225062071762e-01 5.845550000000000468e-01
-5.330299471233848618e-02 5.325269471732829718e-01 8.447329999999999561e-01
5.919746052404275538e-01 1.198941225808833194e-01 -7.969890000000000585e-01
9.305070682471772159e-01 2.433960178516549888e-01 -2.737059999999998938e-01
1.663697623040128193e-01 -4.662113339140375179e-01 8.688890000000000224e-01
4.145151067112919363e-01 -6.993371800348713307e-01 -5.823270000000001501e-01
-2.861471239795539412e-01 -4.454611930058888780e-01 -8.483420000000000405e-01
3.675885769455260466e-01 3.226676286446520936e-01 -8.722180000000000488e-01
1.626650303453010538e-01 9.827841833392325643e-01 -8.760899999999995080e-02
-8.861613114982220818e-01 -2.194600771433180553e-01 -4.081119999999999193e-01
-5.032919112479322665e-01 1.704636312425715505e-01 8.471360000000000001e-01
6.297237334008773946e-01 3.967068320506474954e-01 -6.678859999999999797e-01
-3.400479231602339669e-01 6.307048574812245123e-01 -6.975519999999999499e-01
8.300580079089387997e-01 -4.013900038245146740e-01 3.871560000000000556e-01
2.303925653388710360e-01 -2.568425154381063780e-01 -9.385900000000000354e-01
-7.762502770751007475e-01 -4.788761709302618574e-01 4.100159999999999361e-01
8.874387940233757766e-01 -1.072009751184024168e-01 4.482859999999999623e-01
-6.266872883203536970e-01 5.131272360747202166e-01 -5.864840000000001163e-01
3.516549574281786494e-01 7.970189035118212528e-01 4.910190000000000388e-01
4.758703163704707806e-01 -7.461724960741101809e-01 4.655900000000000594e-01
7.140100684624621774e-01 -2.339970224366756113e-01 6.598749999999999893e-01
-1.324330951218101737e-01 7.478015371182767934e-01 6.505800000000000471e-01
-6.448077618516746823e-02 -2.842480133660715835e-01 -9.565799999999999859e-01
