3.742792824160223186e-01 -4.241233200263190839e-01 8.246419999999999861e-01
-7.915028902886263040e-01 4.511499374654461686e-02 6.094979999999999842e-01
5.256123108761201479e-01 -6.920644093250749584e-01 4.947510000000001074e-01
8.449511905381216215e-01 -4.879531100343666439e-01 2.189959999999998852e-01
-3.164394595730246618e-02 6.121309545801872920e-01 7.901230000000000198e-01
2.829334070604694329e-01 -2.242623226495141786e-01 9.325529999999999653e-01
-2.322266772661441547e-01 1.838097445529152454e-02 9.724880000000000191e-01
7.160042937466731816e-01 5.861292404643602127e-01 3.791969999999999508e-01
-8.265456993023438947e-01 -3.990988548076770948e-01 -3.969159999999999910e-01
-3.943867071449236317e-01 3.937547060117303488e-01 8.303110000000000213e-01
4.699567670088856119e-01 -2.342358838725528691e-01 8.510429999999999939e-01
5.720091821881088112e-01 -7.624282428376397691e-01 3.025039999999999396e-01
5.232503258987253325e-01 5.028733521502980475e-01 6.879880000000000440e-01
-1.301490499993447070e-01 -5.439652089750482977e-01 8.289530000000000509e-01
-7.540868765991151079e-01 -5.321129129235550037e-01 3.849790000000000711e-01
-9.842893036642874627e-02 1.857588685848423349e-01 9.776529999999999943e-01
-4.950408109913739807e-01 -5.177478023217508829e-01 6.977619999999999933e-01
-5.309113291332920870e-01 2.245191391884470422e-01 8.171439999999999815e-01
-8.525101283219103931e-02 -7.120471071790724915e-01 6.969370000000000287e-01
5.307819067523804613e-01 1.592769720182652948e-01 8.324070000000000080e-01
-2.114661635707029697e-01 5.318234113694965126e-01 8.200279999999999792e-01
-5.555911900567593875e-01 -1.451100496392784822e-01 8.186949999999999505e-01
-6.211934355318780021e-01 -3.446652416521028828e-01 7.037930000000000019e-01
3.262070620697772871e-01 -7.381141404463164024e-01 5.905730000000000146e-01
-3.262818106816721686e-01 -4.867077175978304360e-01 8.103430000000000355e-01
-9.728873424154544924e-01 5.816902047305059359e-02 2.238450000000000717e-01
-8.014526691031392813e-01 5.618217680398773783e-01 2.050119999999999720e-01
7.053844052112147045e-01 -6.080033492702330289e-01 3.643689999999999429e-01
2.100018633242715649e-01 -1.550713759318799942e-02 9.775779999999999470e-01
9.762002090905889107e-01 -1.507840322961640500e-01 1.558759999999999313e-01
-2.482180612826703492e-01 -7.953071963537563516e-01 5.530589999999999673e-01
-5.591889115240988861e-01 -6.396768987891413571e-01 -5.273720000000000629e-01
9.117737712432762986e-01 -2.875679278515141934e-01 2.932120000000000837e-01
3.294998946451855454e-02 8.442517300576222183e-01 -5.349329999999998808e-01
-2.636120051463510805e-01 -9.634480188088613284e-01 4.771400000000007580e-02
-5.961851557432176207e-01 -6.966261819817249901e-01 3.990929999999999200e-01
-1.164819774609554687e-01 -9.735278116241905533e-01 1.966610000000000302e-01
2.300708906474351056e-01 -9.332605564217828498e-01 2.758480000000000931e-01
2.547169855612467781e-01 9.549319458692288043e-01 1.523950000000000859e-01
-2.938308889354615538e-01 -6.551867523472956201e-01 6.959840000000000471e-01
9.056123523844952228e-01 1.867590726701677528e-01 3.807719999999999438e-01
-8.315496340927843733e-01 2.392918947042637079e-01 5.012629999999999031e-01
-6.984624099188206925e-01 2.356131382783931139e-01 6.757490000000000441e-01
9.721119076328798014e-01 2.308089780692321180e-01 4.154099999999993215e-02
-1.854888932019494729e-01 8.372985179126473110e-01 5.143199999999999994e-01
-3.964208744925395989e-01 5.762478175590516338e-01 7.146949999999999692e-01
-9.762400696164919012e-01 2.054870146534499564e-01 6.877800000000001968e-02
-2.053269658765602690e-01 7.004578835903881862e-01 6.835200000000000164e-01
2.397061329832431975e-01 3.477331929140785594e-01 9.064339999999999620e-01
-7.004047783016432716e-01 5.773208172612745992e-01 4.196829999999998617e-01
7.357549965851570839e-01 -6.584919969437559306e-01 1.582809999999999773e-01
-2.841000705204332899e-02 9.372832326561181260e-01 -3.474089999999999678e-01
-5.680843926105972885e-01 4.158162873761064859e-01 7.101950000000000207e-01
-9.998937092120001591e-01 6.904997991896223535e-03 -1.284099999999993406e-02
4.570415983939235538e-01 -5.861444849501933341e-01 6.689899999999999736e-01
5.715262624906579658e-01 7.452123422612239034e-01 3.435350000000000903e-01
4.042987902382690901e-01 8.773075448278512267e-01 2.585999999999999410e-01
6.913860121010030335e-01 4.599690080506204093e-01 5.571479999999999766e-01
3.342964989197970138e-01 5.266317859700134774e-01 7.816039999999999655e-01
9.297494332359675928e-01 3.270391523906533982e-01 -1.691489999999999660e-01
3.962090474362272574e-01 7.948370951620699065e-01 4.596220000000000860e-01
1.351070049901931525e-01 5.158450190527964496e-01 8.459609999999999630e-01
-8.323148086382514688e-01 4.178859039217174831e-01 3.641749999999999154e-01
-7.157903939374128388e-01 -1.533780844120937181e-01 6.812629999999999519e-01
3.540759167112229600e-01 -8.556397987290603746e-01 -3.775060000000000637e-01
6.611302811339503371e-01 -7.045792996098764194e-01 -2.578269999999998618e-01
-6.405999366898621483e-01 -7.668169242159074139e-01 4.029300000000003712e-02
-2.797550535536699190e-01 9.588911835610876011e-01 -4.759000000000002811e-02
1.795660645858446758e-01 -8.577093084986033844e-01 4.817579999999999640e-01
-1.903080450592772588e-01 -9.030662138191840604e-01 3.850379999999998804e-01
-6.376189232608663326e-01 -5.366029354184093103e-01 5.527199999999999891e-01
8.360786838469703719e-01 -5.485987925540100063e-01 3.434999999999999686e-03
7.884758658938422204e-01 2.601969557449815285e-01 5.573179999999999801e-01
-4.604220435228022490e-01 -6.846270647164679479e-01 5.650640000000000107e-01
-4.546002788614260104e-01 3.088301894429692010e-02 8.901599999999999513e-01
1.729781213821227348e-01 6.786674762342097544e-01 7.137850000000000028e-01
3.755227664708236102e-01 6.762755794394023079e-01 6.337460000000000315e-01
8.312120390726874808e-01 5.170800243063206070e-01 2.042419999999999791e-01
4.129985948684741781e-01 -3.441996623568793073e-02 9.100810000000000288e-01
9.363150118008485290e-01 -5.321300067067018941e-02 3.471059999999999701e-01
-5.328597073747123325e-01 -8.173585511393002268e-01 2.190560000000000007e-01
-1.949866702943798824e-01 3.580493945693956070e-01 9.131160000000000387e-01
-4.489090948452714724e-01 -8.933921887554194807e-01 1.819400000000009204e-02
-4.088798798902617548e-01 -8.165947601227460106e-01 4.074190000000000311e-01
1.162660700708561257e-01 1.899357480999267489e-01 9.748879999999999768e-01
-9.024115996686751240e-01 4.935503279730332066e-02 4.280389999999999473e-01
6.473619636657922394e-01 -5.249529705361895005e-01 5.525820000000000176e-01
-5.608850966372576075e-01 5.887641014406486129e-01 5.820349999999999691e-01
5.972405262561820694e-01 -3.246197425047540885e-02 8.014050000000000340e-01
6.756801932964946744e-02 9.973022853051467518e-01 2.868300000000007996e-02
-7.053048207398809888e-01 -6.742298286378942684e-01 2.189959999999998852e-01
9.003281387941408642e-01 4.348240670322632284e-01 1.836499999999994734e-02
6.393810830551581725e-01 -2.233250290097660296e-01 7.357430000000000359e-01
4.415952011094424479e-01 3.469411580024933661e-01 8.274209999999999621e-01
4.204821081118013670e-01 -8.862042278554392860e-01 1.945170000000000232e-01
-9.817292477218684255e-01 -1.296690327196678427e-01 1.392610000000000237e-01
-9.228204725319981705e-01 2.423371240891904199e-01 2.994579999999998909e-01
-3.331486086247983924e-01 1.991803638799792830e-01 9.215959999999999708e-01
8.395251917884462289e-02 -2.060382741810988516e-01 9.749360000000000248e-01
-1.261459745399042265e-01 -1.701079656670368700e-01 9.773180000000000200e-01
1.225798893339356960e-01 -7.400283318967457724e-01 6.613109999999999822e-01
7.884410773799319649e-01 6.150610603639059537e-01 -7.782000000000018937e-03
-5.112780935057937848e-01 8.314731520651047481e-01 2.173639999999999739e-01
8.385157288912813422e-01 5.105108349417505353e-01 -1.904470000000000052e-01
-4.682618571372338945e-01 8.830857305779483690e-01 2.984000000000004357e-02
-9.209306219060162668e-01 -3.221378677442287564e-01 -2.193489999999999607e-01
1.794678070983728169e-01 -4.124635566620415417e-01 8.931210000000000537e-01
8.569413776599443811e-01 -1.940040854989314723e-01 4.775079999999999325e-01
-4.511014501490701045e-01 -3.225273218463918234e-01 8.321560000000000068e-01
-3.774428981199292599e-01 7.335988019856826137e-01 5.651279999999999637e-01
6.877196453391216935e-02 -5.805347006149988998e-01 8.113259999999999916e-01
-3.430670625600626966e-01 -9.103701660107331728e-01 2.313679999999999903e-01
7.378522949509136453e-01 -3.296791317867570070e-01 5.889699999999999935e-01
-5.949159810251687386e-01 7.980239745470439905e-01 -9.608700000000006125e-02
-3.170211324669569564e-01 9.316103892724512114e-01 1.777630000000000599e-01
8.041029589919218568e-01 -4.230269784262410404e-01 4.176920000000001187e-01
-9.299210229056908972e-01 -1.472410036268208822e-01 3.369970000000001020e-01
7.118206080381602741e-01 1.152689365275128136e-01 6.928379999999999539e-01
1.998580250040976614e-01 8.087731011850366469e-01 5.531209999999999738e-01
-5.302046936331124005e-01 7.346635754911341465e-01 4.232640000000000291e-01
-8.617817212979518304e-01 -3.480658874347490883e-01 3.690289999999999404e-01
-2.391704200908486774e-02 -3.833076732607054171e-01 9.233109999999999928e-01
3.350842915207313810e-01 1.618596577750289200e-01 9.281810000000000338e-01
8.540101717210955845e-02 -9.883351987306578934e-01 1.260960000000000969e-01
2.174958552815244583e-01 9.050063978223349404e-01 3.655939999999999190e-01
4.585999362334738927e-03 3.848829464835361591e-01 9.229540000000000521e-01
6.933690319001886149e-01 -7.180290330347340877e-01 -6.061100000000006760e-02
8.525063590562488303e-01 4.715001985851376143e-02 5.205859999999999932e-01
9.751664650226371522e-01 8.953304269516346170e-02 2.025689999999999158e-01
9.086959928284944477e-01 -3.924929969024120724e-01 -1.421999999999999098e-01
-0.000000000000000000e+00 -0.000000000000000000e+00 1.000000000000000000e+00
5.597329194689011356e-01 -4.139759404395627618e-01 7.178600000000000536e-01
-1.520950447078874557e-01 9.347622747705994772e-01 3.210709999999999398e-01
5.522278477725084400e-01 8.219397734235417419e-01 1.394969999999999266e-01
-3.498576386465912513e-01 -1.534182800569453275e-01 9.241549999999999487e-01
2.655031416042767933e-01 -5.964633181196135059e-01 7.574560000000000182e-01
3.824620975900089870e-01 -8.319232122756585746e-01 4.020279999999999965e-01
1.753300648437770837e-02 8.915123297154217141e-01 4.526570000000000316e-01
-1.262769410058249553e-01 9.864605391444765115e-01 1.046409999999999563e-01
-2.304563944805418652e-01 -3.358195748345068066e-01 9.132989999999999720e-01
-8.404669245712723669e-01 -1.555379860410540382e-01 5.190600000000000769e-01
9.309361116898011712e-01 -3.570950428427620560e-01 7.642699999999988392e-02
7.629635410133320805e-01 -9.039594561924439720e-02 6.400900000000000478e-01
6.306444325705892195e-01 3.142357172628843509e-01 7.096080000000000165e-01
-7.574629672146764303e-01 -3.541229846724696095e-01 5.484949999999999548e-01
-7.179769610321173889e-01 4.168609773750542868e-01 5.574369999999999603e-01
-7.117001640451655654e-03 7.732871782408201611e-01 6.340160000000000240e-01
7.073814321348410594e-01 6.843484180641182801e-01 1.768579999999999042e-01
-6.423370267460242200e-01 4.454007119524355102e-02 7.651270000000000016e-01
-4.910099107289143255e-02 -9.684068239328241789e-01 -2.444940000000000724e-01
