6.805721206637675991e-01 4.305950763434508444e-01 5.927980000000000471e-01
-3.695730706568153834e-01 -1.966475055023390317e-01 9.081550000000000455e-01
-7.176970211503315156e-01 -6.958870205075967652e-01 -2.553900000000004430e-02
-2.084979120464739710e-01 9.268386090189923987e-01 3.122480000000000255e-01
8.136950958886411955e-01 4.300950506838866483e-01 3.910480000000000067e-01
-9.541798772922515104e-01 5.135999339509306205e-02 2.947929999999999717e-01
-2.025428009315504152e-01 -6.275733831918002270e-01 7.517500000000000293e-01
-6.258027834249002552e-01 5.493778098737220894e-01 5.536739999999999995e-01
6.242104954322412469e-02 4.896283886152051346e-01 -8.696939999999999671e-01
2.477208844759887507e-01 8.772735908856676978e-01 -4.111270000000001312e-01
9.124711386467001528e-01 3.765450572146640251e-01 1.600320000000000908e-01
3.387151200142032303e-01 7.205552553085460277e-01 6.050389999999999935e-01
-7.114301177322210346e-02 7.508421242543835694e-01 6.566389999999999727e-01
-1.912245167961585182e-02 1.188755913413717669e-01 9.927249999999999686e-01
5.244537316065382981e-01 5.904716978213072620e-01 6.134260000000000268e-01
-5.831592325649125330e-01 7.844873128549002539e-01 -2.109620000000000384e-01
5.298328241622602963e-01 -2.734529092480886825e-01 8.028079999999999661e-01
-9.155423800773782039e-01 -2.322940964343466475e-01 -3.283620000000000982e-01
-9.402508979339413431e-01 -1.864409797614700603e-01 2.848999999999999311e-01
7.957057143629292506e-01 2.480989109391261715e-01 5.525390000000000024e-01
4.725647695708590224e-01 1.465896183208107162e-01 8.690189999999999859e-01
2.633970162127295400e-01 -6.708690412936277880e-01 6.932220000000000049e-01
6.818603022934780489e-01 -5.616974252489026487e-01 4.685749999999999638e-01
-6.169104245562576638e-01 6.937814774587298672e-01 3.716029999999999056e-01
5.256037386270144829e-01 3.847408086755355616e-01 7.587589999999999613e-01
-7.340329588088468915e-01 6.291339646953816311e-01 -2.557070000000000176e-01
8.826846402422076077e-01 5.841704237193496435e-02 4.663210000000000410e-01
9.911841973135755435e-01 -1.105510220072288274e-01 7.302300000000000457e-02
-4.512815825475466891e-01 5.248725144731640757e-01 7.217019999999999547e-01
7.724144258911957994e-01 6.064993344095063188e-01 -1.885060000000000069e-01
1.716499195354376922e-02 9.670395466795733697e-01 2.540470000000000783e-01
-6.407812936958042771e-01 -6.818133125024263830e-01 3.528879999999999240e-01
1.756549319085029537e-01 9.633806265517380618e-01 -2.025909999999999378e-01
3.331059798107684489e-01 -7.954089517910317708e-01 5.063250000000000250e-01
-6.015356871476484901e-01 3.652824172702626160e-01 7.104390000000000427e-01
-7.911127906932353682e-01 -5.739008481615627266e-01 -2.116089999999999360e-01
3.979128917115866935e-03 -9.833918602500772710e-02 9.951449999999999463e-01
3.172274198365710451e-01 -3.171004200688354313e-01 8.937640000000000029e-01
-3.336327881733034961e-01 -7.335955342330727769e-01 5.920530000000000515e-01
-3.019098196873630166e-02 -9.177924518575882873e-01 3.959110000000000129e-01
6.270479849601557909e-01 7.416889822104735241e-01 2.381350000000000966e-01
-6.069437549046478031e-01 3.928998413396229961e-02 -7.937729999999998398e-01
-9.549819759860374013e-01 -2.886819927408069142e-01 6.835299999999999709e-02
-5.271780690103402556e-01 -8.487961111118080826e-01 -4.035399999999996629e-02
-2.924441428677811983e-01 -4.213672058505844586e-01 8.584439999999999849e-01
2.559429117015477040e-01 8.763736976574169057e-01 4.079980000000000273e-01
-1.482911596458757475e-01 -2.713092920835581401e-01 9.509999999999999565e-01
-5.971342910287114059e-01 -7.860543831037635210e-01 1.598410000000000941e-01
4.209026702007334642e-01 -8.630293237713654309e-02 9.029909999999999881e-01
-1.120419399362123786e-01 -7.955105735402453471e-01 5.954909999999999926e-01
-2.708080503505599368e-01 9.570941779497608159e-01 -1.031200000000000727e-01
7.131917242152145953e-01 -2.211179144957035603e-01 6.651799999999999935e-01
9.366256821501182106e-01 -3.432968835000194119e-01 6.985399999999995779e-02
7.625742799700074848e-01 1.071000393204958601e-02 6.468120000000000536e-01
2.242459301698176977e-01 9.532477031586665817e-01 2.025650000000000228e-01
-6.173307351371444263e-01 4.348268134395956719e-01 -6.556129999999998903e-01
-2.705961932101093592e-01 6.555154680487693675e-01 7.050370000000000248e-01
3.411113134868697383e-01 3.285263388151130615e-01 8.807460000000000289e-01
6.684859967578871132e-01 6.100899970411037820e-01 4.253430000000000266e-01
-9.942542535095522105e-01 -4.829001231272498501e-02 9.553300000000002068e-02
-9.689204712660655083e-01 2.116368845110553065e-01 1.280739999999999101e-01
-7.424407150755262252e-01 -2.688698968165227285e-02 6.693719999999999670e-01
7.905612643540694817e-01 -3.704231238649863811e-01 4.876470000000000526e-01
4.823749699715987327e-01 7.600029526889346965e-01 4.355570000000000830e-01
-1.358449810011876369e-01 9.876668618683057677e-01 7.784799999999995890e-02
-8.278735364085426651e-01 -3.043871972232299883e-01 4.711410000000000875e-01
3.987431605190834283e-01 8.951033603351360446e-01 -1.994839999999999669e-01
1.405179332049037721e-01 4.744147744872858619e-01 8.690139999999999532e-01
-7.337019268036825137e-01 1.933669807091268344e-01 6.513759999999999550e-01
-7.500041391486809150e-01 -5.047330936434087922e-01 4.274790000000001089e-01
-5.427727842599591179e-01 -6.336717481296542109e-01 5.512329999999999730e-01
3.485310936793279413e-01 5.401021451704219878e-01 7.660390000000000255e-01
1.408209840095849263e-01 6.567109254295775411e-01 7.408780000000000365e-01
-7.300608130750570191e-02 5.735156387293391944e-01 8.159349999999999659e-01
-8.773871908825560118e-01 -4.084590888635206141e-01 2.516999999999999793e-01
8.223580600289205622e-02 -3.256942316760534917e-01 9.418919999999999515e-01
-7.788075070008873002e-01 5.184433375047489134e-01 3.530939999999999634e-01
1.131819960326244934e-01 -8.162389713883251297e-01 5.665189999999999948e-01
-5.847898513208708016e-01 1.231651793004571588e-01 8.017800000000000482e-01
3.905511135483707985e-01 -8.762092547480468951e-01 2.823600000000000554e-01
-7.101502067957832232e-01 -2.424190705924478828e-01 6.609990000000000032e-01
-5.672189124841140462e-01 8.051968757666283505e-01 1.729759999999999631e-01
-7.498689961670497173e-01 6.392539967324577521e-01 1.704429999999999279e-01
-4.084820089323244474e-01 4.852410106108226984e-01 -7.730999999999998984e-01
6.841701922612767328e-01 -7.290472048723372067e-01 2.003300000000007505e-02
-1.355170881048395060e-01 -8.086865257580251320e-01 -5.724170000000000647e-01
-2.713114230518377523e-01 4.512010405136349656e-01 8.501809999999999645e-01
-8.652629606009553109e-01 1.387389936826327330e-01 4.817379999999999995e-01
-4.318300220455604799e-01 2.925600149356208934e-01 8.531889999999999752e-01
-8.513330939725434199e-01 4.449390491136246406e-01 -2.779589999999999561e-01
5.144450720355563389e-01 3.377840472984640074e-01 -7.881930000000001435e-01
-5.378050292319992431e-01 7.301070396844344668e-01 -4.215559999999999863e-01
5.537202678599855571e-02 -9.837414758810418824e-01 1.708410000000001039e-01
2.562970105767301554e-01 8.945300369149947195e-02 9.624500000000000277e-01
4.824287377448378544e-01 -6.253856600314100511e-01 6.133150000000000546e-01
-4.504800073365250457e-01 7.018350114300968556e-01 5.518110000000000515e-01
-5.700780988988937148e-01 -1.130180196067119558e-01 8.137799999999999478e-01
3.218468381792595201e-01 9.467905239650498128e-01 1.521999999999987122e-03
-4.233812530579827427e-01 8.328224977839230325e-01 3.565879999999999050e-01
-8.584801955304285914e-02 -9.962202269025761669e-01 -1.324299999999999783e-02
1.787456876250356763e-01 -5.123561046093363380e-01 8.399649999999999617e-01
8.592300015611828989e-01 -1.618310002940397674e-01 4.853190000000000559e-01
1.342626303493200113e-01 2.671212541069726276e-01 9.542640000000000011e-01
6.521204194045273628e-01 2.008808211519041431e-01 7.310170000000000279e-01
-4.249876536242377933e-01 -5.445675561635717754e-01 7.230710000000000193e-01
4.304320307351202080e-01 8.695770620923947147e-01 2.420000000000000207e-01
-9.826182465685371348e-01 -1.477630370782000435e-01 -1.123719999999999303e-01
-3.538410905421016661e-01 9.245672365815132965e-01 1.413220000000000864e-01
-6.418601571915102388e-01 -4.468051094225420350e-01 6.232020000000000337e-01
-2.381935727668066660e-01 2.081605005484563897e-01 9.486480000000000468e-01
-8.322232422270575691e-01 5.517271605858138361e-01 -5.478700000000003012e-02
9.618651278345612399e-01 -1.312700174461518647e-02 2.732089999999999796e-01
8.638883813014559543e-01 5.034582222154588838e-01 -1.505599999999997739e-02
2.116800159339498888e-01 -1.254908237808752547e-01 9.692490000000000272e-01
4.788248600039555214e-01 -8.771947435308720120e-01 3.544200000000010536e-02
-2.500000219437721605e-02 8.908220781919817810e-01 4.536639999999999007e-01
9.295558365618683538e-01 -2.380029581533918415e-01 2.815679999999999850e-01
8.685906080976284471e-01 8.787206151896154172e-02 -4.876769999999998606e-01
-8.852958170147899875e-01 4.426639085040880994e-01 1.424779999999999103e-01
-7.377182244504870701e-02 3.634531252364410769e-01 9.286870000000000402e-01
-1.868768897022661801e-01 9.166124590006438089e-01 -3.534100000000000019e-01
-7.697141513064187368e-01 3.714800730236273441e-01 5.191750000000000531e-01
-2.114131009849182785e-01 -3.244916898690528018e-02 9.768580000000000041e-01
-4.548208841211978659e-01 -7.982657966186526011e-01 3.948539999999999273e-01
-8.952514216437563732e-01 3.038838036829753508e-01 3.258520000000000305e-01
-4.092795154210718267e-01 4.547694615618658176e-02 9.112749999999999462e-01
-2.484599047065893240e-01 8.175216864506975600e-01 5.195439999999998948e-01
3.086702996559694337e-02 -6.709796513845283084e-01 7.408329999999999638e-01
