5.154372486095557537e-01 3.533421704266430652e-01 7.806880000000000486e-01
-3.705610578218407891e-01 -8.438331316705681706e-01 3.881109999999998728e-01
-7.773721451073308808e-01 5.184920967837665096e-01 3.561720000000000441e-01
4.459168044633635697e-01 -1.247239453079576482e-01 8.863419999999999632e-01
8.557147443499912853e-01 -2.099389372794596420e-01 4.729459999999999775e-01
3.970101764532487088e-01 9.166004073878432079e-01 -4.718699999999990263e-02
-9.013350434346778517e-02 8.370353970272732813e-02 9.924060000000000104e-01
-3.563263357014672117e-01 -3.532013327573457206e-01 8.650320000000000231e-01
-4.942881589287994037e-01 7.881852534257272058e-01 3.666650000000001297e-01
1.226724489933623541e-01 -1.845991708377123508e-01 9.751279999999999948e-01
-4.382270103066716604e-01 8.790260206738343962e-01 1.878040000000001097e-01
-7.030324992913618010e-01 -6.159094374168505581e-01 3.555289999999999284e-01
-1.903499196954848427e-01 9.296206078131672434e-01 -3.155510000000000259e-01
-5.552821772582707816e-01 -8.296322648368458230e-01 5.806899999999994705e-02
7.450532050341484025e-01 -1.958360538929009020e-01 6.376079999999999526e-01
-4.761220527347969633e-01 -5.872090650386821986e-01 6.545940000000000092e-01
3.644279549591798451e-01 8.083269000962852724e-01 4.623850000000000460e-01
-2.358812955190305385e-02 -3.123597155576284257e-01 9.496710000000000429e-01
1.044601338222947949e-02 -6.434058242574576258e-01 7.654539999999999678e-01
7.561801357813249247e-01 -6.428661154344167405e-01 1.221260000000000678e-01
9.206816745246300115e-01 -3.158798883315195455e-02 3.890339999999999909e-01
9.342965217040083425e-01 -1.947911087698603883e-01 2.985740000000000616e-01
3.001730972259413210e-01 9.292323009779555054e-01 -2.154609999999999581e-01
-9.282810828232387346e-01 -3.217710287091045673e-01 1.864340000000000164e-01
6.309483153629122931e-01 -5.070842534527203460e-01 5.871709999999999985e-01
-7.751040369195526525e-01 -1.311280062458546891e-01 6.180769999999999875e-01
-1.593299282182209647e-02 5.486047528410047391e-01 8.359299999999999509e-01
6.044730933370151549e-01 5.698710879941009111e-01 5.566499999999999782e-01
-1.164399640520943774e-01 -9.748166990499018691e-01 1.901950000000000307e-01
-1.945916139209356299e-01 -2.459487759486629066e-01 9.495489999999999764e-01
-4.558104430729779111e-01 2.097817436804627345e-01 8.650020000000000486e-01
-5.513294502989526946e-02 -1.172320094655485700e-01 9.915730000000000377e-01
6.598441092485379800e-01 7.437751231447603528e-01 1.067909999999999554e-01
5.435191579754796720e-01 -7.803672268160840586e-01 3.092149999999999621e-01
9.828304114361491317e-02 -8.750853663315153463e-01 4.738839999999999164e-01
6.436709200997247082e-01 4.033529499309184696e-01 6.503799999999999581e-01
-9.805279491617526766e-01 -1.612829916378268613e-01 -1.120389999999999442e-01
-9.462380811867744379e-01 -3.230380277165080249e-01 -1.673100000000010343e-02
-8.702930162834634498e-01 -3.135190058660418666e-01 3.798629999999999507e-01
-2.649190515660927447e-01 -9.148191780681699248e-01 -3.048339999999999939e-01
5.327279340722098633e-01 7.201699108753123468e-01 4.444729999999999515e-01
-5.135298474784789902e-02 6.869657959669369651e-01 7.248729999999999896e-01
6.018920070401685418e-01 -6.523770076306779631e-01 4.605759999999999299e-01
1.363328909077417828e-01 6.541244765759326452e-01 7.439989999999999659e-01
-3.565284346337153076e-01 -1.712216889784487772e-01 9.184609999999999719e-01
7.987931251406659161e-01 6.008670941331439863e-01 2.980399999999996594e-02
-1.275461944965154137e-01 2.781664241788666114e-01 9.520269999999999566e-01
2.716441233020439050e-01 7.408183362650144765e-01 6.143269999999999564e-01
2.299070461944628108e-01 1.350770271405805634e-01 9.637930000000000108e-01
-3.298391605114885938e-01 8.823064293617475240e-01 3.357700000000000129e-01
3.361269556135156322e-01 9.322348768958333975e-01 1.340029999999999832e-01
6.574059386588099185e-01 2.147699799602568460e-01 7.222819999999999796e-01
-1.306969986238308568e-01 9.389539901133187039e-01 3.182510000000000061e-01
5.372354746506521200e-02 2.055162688542415406e-01 9.771779999999999911e-01
1.723390008320058175e-01 5.010720024190393751e-01 8.480720000000000480e-01
7.562500287628947104e-01 -3.646590138692871741e-01 5.432399999999999451e-01
-4.715057438918865973e-01 -8.516505374083660485e-01 2.288530000000000564e-01
9.774964991103974876e-01 -1.792230915114361167e-01 1.112640000000000851e-01
3.477400511097357150e-01 -5.777320849132393521e-01 7.384460000000000468e-01
-7.997112292225801999e-01 5.977491713338547452e-01 5.619500000000009904e-02
8.305606996310856971e-01 -4.462998385974704246e-02 5.551369999999999916e-01
8.718297992869946667e-01 1.374019683672638437e-01 4.701420000000000043e-01
-9.459589125257038544e-01 1.682729844395344510e-01 2.772109999999999852e-01
-6.430837189193523429e-01 -4.610727984731427531e-01 6.114370000000000083e-01
8.826814125832906088e-02 9.854792478767790409e-03 9.960480000000000445e-01
-5.961730555126564246e-01 7.750010721642280886e-01 2.096449999999999425e-01
-1.853967648835901372e-01 -4.266014589926983569e-01 8.852339999999999653e-01
8.513031762220365506e-01 -3.686230763059635818e-01 3.733630000000000559e-01
2.227389350612438146e-01 9.742947159477891583e-01 -3.372200000000010606e-02
1.983702343168602944e-02 3.892914598348784505e-01 9.209009999999999696e-01
3.737401515836522026e-01 -8.714623534526483306e-01 3.176030000000000242e-01
-4.284098926003529484e-01 -7.246768183281109277e-01 5.397300000000000431e-01
-6.603884799891347468e-01 3.851616967114461776e-01 6.446220000000000283e-01
-5.095546098561496429e-01 -4.313886697044177487e-01 7.444849999999999524e-01
4.783440695860011749e-01 -3.042480442597830792e-01 8.237839999999999607e-01
-1.653289810860706643e-01 -5.906679324265383668e-01 7.897960000000000536e-01
2.658839973665019785e-01 -6.312552453968169053e-02 9.619360000000000133e-01
1.554149761942219543e-01 -3.646099441506627792e-01 9.180989999999999984e-01
-6.193382590587708236e-01 7.728403232661005262e-01 -1.383400000000000740e-01
-8.370499032908476633e-02 8.038889071221271276e-01 5.888600000000000501e-01
-3.202660184035271418e-01 3.337030191756609754e-01 8.866070000000000340e-01
3.160349892043977094e-01 5.968639796114154628e-01 7.374789999999999957e-01
9.415668497998209707e-01 -3.367839462757115099e-01 5.332999999999959301e-03
-7.217420752079891644e-01 5.530600576307453248e-02 6.899490000000000345e-01
3.129539690420269915e-01 -7.290899278771049152e-01 6.086770000000000236e-01
-6.522111595811050933e-01 -1.128580276137698402e-01 7.495889999999999498e-01
-5.269299838959069504e-01 6.637549797142461294e-01 5.308240000000000736e-01
-9.823870890623321861e-01 -1.656380150165937815e-01 8.648500000000003407e-02
-6.284371654534313123e-01 2.318630610443512263e-01 7.425000000000000488e-01
-1.133298708295811530e-01 -7.401571563882567428e-01 6.628150000000000430e-01
-5.303381104855604544e-01 8.473971765386084654e-01 2.568099999999996080e-02
8.096404533310548601e-02 -7.788824361091337689e-01 6.219219999999999748e-01
4.876844365562418293e-01 5.185604008838518020e-01 7.023239999999999483e-01
-1.860760319875328084e-01 -8.656831488158787113e-01 -4.647240000000000260e-01
7.402618428582119492e-01 -5.196998896788067590e-01 4.265259999999999607e-01
-5.071021013599247285e-01 -8.908201780577648665e-02 8.572699999999999765e-01
8.240599935118824160e-01 4.737919962696670040e-01 3.105580000000000562e-01
-8.750342014142638014e-01 -4.674891076060506689e-01 -1.255750000000000755e-01
4.469232019132653444e-01 -7.614893440295765759e-01 4.694609999999999617e-01
6.335056626780334321e-01 -3.437838169458616866e-01 6.931690000000000351e-01
-8.202190663386241809e-01 5.144610416091734972e-01 -2.501409999999998912e-01
-3.914671671296379718e-01 6.335382704774006335e-01 6.673700000000000188e-01
1.721759230392048978e-01 -5.275977641694454823e-01 8.318630000000000191e-01
-7.807738626053994935e-01 3.768349336874766142e-01 4.983850000000000779e-01
-9.344999817149608062e-03 -9.413769815803960661e-01 3.372270000000000545e-01
-3.761561780083108042e-01 7.729263657717856395e-01 5.109709999999998420e-01
9.234430379337777994e-01 3.162260129901324213e-01 2.173799999999999066e-01
6.031167898971253605e-01 7.476987395302914230e-01 2.778430000000000621e-01
-2.060000822450132069e-03 8.916833560023488259e-01 4.526550000000000296e-01
5.239217729813606672e-01 1.775819230526222703e-01 8.330490000000000395e-01
4.582757495979987716e-01 -8.761595212661861254e-01 1.494249999999999468e-01
5.053609332426246548e-01 8.540218871850671079e-01 1.235189999999999760e-01
-6.765717590434112694e-01 7.351297381883719062e-01 4.283599999999995744e-02
-8.591994369894085937e-01 4.807612445154904046e-01 1.750570000000000459e-01
2.792779791997945238e-01 -9.479669293968431276e-01 1.528479999999999561e-01
-8.791017728151865329e-01 -4.694998786679249192e-01 8.215799999999992553e-02
1.853070784972774554e-01 -6.719912846598561362e-01 7.169999999999999707e-01
7.537594171770279905e-01 4.708616359196691192e-01 -4.584059999999999802e-01
4.990260051422862331e-01 -4.694390048374026403e-01 7.284230000000000427e-01
6.063215665154136902e-01 -1.751148748030694202e-01 7.756990000000000274e-01
6.914726842628782233e-01 -6.589266991238782456e-01 2.961099999999999288e-01
-6.017059727623915721e-01 -6.121239722907967362e-01 5.130829999999999558e-01
6.887940563693133456e-01 6.121880501000547259e-01 3.883150000000000213e-01
-1.736692881714541892e-01 4.476247427489018493e-01 8.771949999999999470e-01
-6.281058985923470006e-01 -7.415938802697203958e-01 2.356300000000000339e-01
1.986645895642818183e-01 3.276733230356956850e-01 9.236680000000000446e-01
7.035332810511778501e-01 -1.805200721151084889e-02 7.104329999999999812e-01
3.669980207259541105e-01 2.570360145159274468e-01 8.940050000000000496e-01
9.630507985051017794e-02 7.858596515886198119e-01 6.108599999999999586e-01
-2.561439822324236837e-01 -8.038199442425622010e-01 5.369019999999999904e-01
7.714831254189012943e-01 1.209180196574683869e-01 6.246540000000000425e-01
8.137703240658351878e-02 -9.824153912249634635e-01 1.680409999999999127e-01
-6.688403486611744775e-01 5.336682781970449874e-01 5.175429999999999753e-01
-7.939204010142410228e-02 -8.536124311650656882e-01 5.148230000000000306e-01
-8.714206674692958066e-01 3.548642718101767124e-01 3.386699999999999711e-01
9.156421992396905907e-01 -3.511260764034803694e-01 1.957290000000000696e-01
-5.173358032272902252e-01 -2.651228991584363981e-01 8.136790000000000411e-01
-3.591560753895461922e-01 9.331231958695370698e-01 1.697100000000007283e-02
-5.022401482203361911e-02 9.865052911359147858e-01 1.558359999999999745e-01
8.709919113379588351e-01 -4.873439503911473625e-01 6.220100000000009649e-02
-5.766741082863529044e-01 7.361401382304659513e-02 8.136510000000000131e-01
-8.739523538343978437e-01 -1.461100591551296735e-01 4.635290000000000243e-01
-8.387577340533696191e-01 3.681198832794763814e-02 5.432590000000000474e-01
4.410978674819637235e-01 8.463817457234436015e-01 2.984470000000000178e-01
-3.408188040859188028e-01 -5.206557007096378475e-01 7.827899999999999858e-01
-1.932840775339453310e-01 -9.083103643594803156e-01 3.709629999999998762e-01
5.383992564650325052e-01 7.455103551218453806e-01 -3.928620000000000445e-01
-1.681919795470073198e-01 9.857498801278440359e-01 2.937999999999983160e-03
-7.656149028730497852e-01 2.181119723300180557e-01 6.051950000000000385e-01
-2.276035165606933031e-01 -4.213172540029929553e-02 9.728419999999999845e-01
-7.779986516509632688e-01 -3.091958615574971203e-01 5.469150000000000400e-01
7.706439947006308300e-01 2.946649979737224756e-01 5.650490000000000235e-01
3.012301491826401348e-02 9.994354949651498288e-01 -1.487600000000001248e-02
-2.418438488647704221e-01 7.300335437808828098e-01 6.391890000000000072e-01
-3.638681327190750880e-01 4.911861791576934144e-01 7.914139999999999509e-01
-8.711436420341024389e-01 1.984739184441109694e-01 4.491289999999999449e-01
-9.427603363019991800e-01 -1.468950524004860592e-01 -2.993739999999999180e-01
4.818871820804327410e-01 -6.286262375255903256e-01 6.104209999999999914e-01
6.962003798986986514e-01 7.145463899096460292e-01 -6.876399999999992241e-02
-2.506249966100049242e-01 9.525459871157061498e-01 1.727520000000000722e-01
3.493710752528862984e-01 4.349340936827579829e-01 8.299229999999999663e-01
-6.409959670517338948e-01 6.668359657235147786e-01 3.800709999999999367e-01
-7.338381712059102169e-01 6.420831497992803838e-01 2.218350000000000322e-01
7.559957245658920355e-01 6.187067745847719680e-01 2.137110000000000121e-01
7.597500883795187121e-02 9.503001105456492237e-01 3.019229999999999969e-01
3.333897172294477129e-01 -4.208556430436319329e-01 8.436420000000000030e-01
-2.119529722884095913e-01 5.978359218365090211e-01 7.730900000000000549e-01
7.451901928222511851e-01 4.590141187725449989e-01 4.837330000000000796e-01
2.696689251729710302e-01 -8.367047678333466854e-01 4.766590000000000549e-01
3.982807374153468083e-01 5.941911001426757044e-02 9.153369999999999562e-01
-8.378705440078991762e-01 -4.651923020374551521e-01 2.856030000000000513e-01
-3.932843051441797799e-01 3.822402965752779574e-02 9.186220000000000496e-01
3.064411309896962199e-01 -2.468323000293030645e-01 9.193299999999999805e-01
-9.267478412226503037e-01 1.276599781283412928e-02 3.754669999999999397e-01
8.627262669593668276e-01 3.122140966105713122e-01 3.977760000000000185e-01
-6.604855373560335474e-01 -2.933542386663463564e-01 6.911599999999999966e-01
-7.793226532234420745e-01 -5.996267331830484881e-01 1.819449999999998846e-01
9.998731335484071225e-01 5.780000772007838064e-04 1.591799999999993567e-02
9.782379574745797557e-01 -1.696999926228956457e-02 2.067910000000000303e-01
-2.658991959106097869e-01 1.607061184059001557e-01 9.505109999999999948e-01
5.700230365001063282e-01 8.475000542677052495e-03 8.215850000000000097e-01
-5.033597721169145167e-01 3.702308323875901364e-01 7.807420000000000471e-01
-5.347125041548149715e-01 5.197065180700419784e-01 6.663240000000000274e-01
-2.111319938260695916e-01 8.569939749397474937e-01 4.700900000000001189e-01
1.510360163209212847e-01 9.786881057568372899e-01 1.391320000000000612e-01
-9.458190533394544852e-01 -1.598790090163747235e-01 2.826040000000001329e-01
4.411802310350468881e-01 6.695663506351424710e-01 5.975289999999999768e-01
9.324286866722094613e-01 -3.192888927080593797e-01 -1.692080000000000528e-01
-2.967219046942323746e-01 -6.749317832148866714e-01 6.755910000000000526e-01
-7.858008526457307963e-03 -4.862525276160506449e-01 8.737829999999999764e-01
9.827747276189620074e-01 9.729997303281524455e-04 -1.848049999999999415e-01
9.841298982141750695e-01 -1.584449836124749433e-01 -7.989700000000005131e-02
