-1.775121220565150371e-01 -7.536765182244917760e-01 6.328200000000000491e-01
6.039380844296295958e-01 6.525830912301279207e-01 4.575959999999999472e-01
-4.165391517320354287e-01 8.813393210440325642e-01 2.230159999999999643e-01
3.526539209373811823e-01 5.568118751665515065e-01 7.520609999999999795e-01
8.291979840109103828e-01 5.024949903105921933e-01 2.448049999999999116e-01
1.303299113296053358e-01 7.663304786244752309e-01 6.290879999999999805e-01
8.501415222078040346e-01 4.503997468686348447e-03 5.265349999999998643e-01
6.478481535997285823e-01 5.004181186452207886e-01 5.743470000000000519e-01
-3.201940327355580207e-01 -5.009880512193284341e-01 8.040439999999999809e-01
9.813484417362628998e-01 -1.797630809171016086e-01 6.812099999999993161e-02
6.151469499572765898e-01 -6.203429495345776923e-01 4.865890000000000493e-01
1.754489807286404579e-01 9.301028978372667400e-01 3.226860000000000284e-01
-2.368729776383313168e-01 8.010969243735432954e-01 5.496680000000000454e-01
-4.553112009119445469e-01 6.035492663239041544e-01 6.545379999999999532e-01
-9.499018490106589385e-02 3.772257342804986591e-01 9.212369999999999726e-01
-4.038169965117717197e-01 7.348309936524259900e-01 5.449359999999999760e-01
-8.529970197479024296e-01 5.068980117352960280e-01 1.243000000000000910e-01
4.829398598132220721e-01 -8.746537461073298214e-01 -4.183200000000001501e-02
9.502677925023261807e-01 1.652059639261127255e-01 2.640040000000000719e-01
-9.991976889094804637e-01 2.101699345656288243e-02 3.409200000000004588e-02
9.342774575658325809e-01 -7.629995570084389294e-04 3.565459999999999186e-01
9.867149010957158017e-01 -2.573999741992746317e-03 1.624409999999998910e-01
-9.206502677211710894e-01 1.910130555457819901e-01 3.404659999999999354e-01
-7.356257386944208276e-01 6.582937661639275406e-01 1.597000000000000086e-01
6.871598967591190377e-01 -7.079348936378236923e-01 1.632160000000000555e-01
3.001008601653168961e-01 -8.354396107194325127e-01 4.604129999999999612e-01
-3.418929534826845029e-01 -6.509519114327010358e-01 6.777689999999999548e-01
3.370759386026411231e-01 -7.029228719647329093e-01 6.263220000000000454e-01
-7.338056085119329941e-01 -1.892101569034592701e-01 6.524790000000000312e-01
2.070137801204110228e-01 -4.779724923217424926e-01 8.536319999999999464e-01
-1.907079722897836449e-01 -8.589778751889475261e-01 4.751709999999999545e-01
4.406798842475000838e-02 5.094788661762097437e-01 8.593539999999999512e-01
-1.384273019454193010e-01 5.465441921529418101e-01 8.259100000000000330e-01
6.728430745186445572e-01 3.278350363083510355e-01 6.631789999999999630e-01
-4.651355374617531235e-01 4.362205662152647823e-01 7.702989999999999560e-01
-3.080911263425190616e-01 -8.876513640095405888e-01 3.422789999999999999e-01
-1.405591952840231917e-01 -4.701426531863576730e-01 8.713260000000000449e-01
9.484227280806019067e-01 -1.702879511772590337e-01 2.673880000000000701e-01
-1.572200068036051085e-02 6.702830290061108087e-01 7.419390000000000152e-01
-8.332612850685151562e-01 1.833590627292983888e-01 5.215890000000000803e-01
1.289699377041260975e-01 9.695155316984838123e-01 -2.083419999999999439e-01
8.687565281639477721e-01 -3.469578115614688207e-01 3.533870000000000622e-01
4.627157097045152545e-01 -7.411815350024896221e-01 4.863580000000000125e-01
-7.188808055976385614e-01 5.061978631121334393e-01 4.764180000000000081e-01
-1.913719814882225978e-01 6.137167337030404596e-02 9.795970000000000510e-01
-8.471731647701944423e-01 -1.671520325100865345e-01 5.043389999999999818e-01
9.842156674007319639e-01 1.663289437919078517e-01 6.045000000000005924e-02
7.690508632135296674e-01 -1.588789717411489832e-01 6.191269999999999829e-01
8.763889347462598955e-01 1.792679866521516285e-01 4.469959999999999489e-01
-4.648299643793594726e-01 -8.620669339384752217e-01 2.019249999999999656e-01
-6.136262070424884918e-01 -7.551722548012798075e-01 2.306030000000000579e-01
-6.444460010404557959e-01 -5.238110008456912103e-01 5.570559999999999956e-01
1.728950222217643384e-01 6.252390803604135350e-01 7.610409999999999675e-01
3.123130189713310689e-01 7.087950430554752490e-01 6.325110000000000454e-01
8.947096927226241836e-02 9.856146615023956281e-01 1.433829999999999827e-01
2.866051467439129641e-01 9.437164831896812656e-01 1.650959999999999095e-01
6.512224017187997482e-01 -2.928401806439790422e-01 7.001100000000000101e-01
-2.051400950457904840e-02 9.565964432115802163e-01 2.906930000000000347e-01
5.141566905164374202e-01 -4.241807446751730826e-01 7.454619999999999580e-01
7.128381878675230654e-01 -6.237061643769009622e-01 3.207059999999999356e-01
7.504240590542673450e-01 5.150000405276853321e-01 4.142929999999999668e-01
2.708604823016325797e-02 -5.654860069199532102e-01 8.243129999999999624e-01
1.410938643971357542e-01 1.281116928523024501e-01 9.816719999999999891e-01
-6.028055892475772115e-01 3.089837894580900746e-01 7.356319999999999526e-01
5.509163388597663191e-01 2.837751745455390773e-01 7.848330000000000028e-01
1.870469881823137726e-01 -9.792379381314457731e-01 7.814399999999989410e-02
-4.645156541830971347e-02 1.948121774176049537e-01 9.797400000000000553e-01
-3.011519197099029599e-01 -9.389787496589261373e-01 1.662119999999998876e-01
1.883180212002167897e-01 -6.448960726002560540e-01 7.407059999999999755e-01
8.260303952106262670e-01 5.574132666919371371e-01 -8.345200000000009555e-02
4.428608394474696230e-01 1.675595608966630734e-01 8.807939999999999658e-01
7.680920418397528815e-01 6.320460344290116383e-01 1.027250000000000385e-01
-9.263479752526330158e-01 3.346219910605802705e-01 -1.729380000000000639e-01
2.732364127892263350e-01 2.541643839763461643e-01 9.277619999999999756e-01
-5.789643379558433445e-01 6.390323730190453633e-01 5.063969999999998750e-01
3.924111318951429839e-01 3.754411261912748432e-01 8.396770000000000067e-01
9.004996977395915425e-03 9.987616647571316841e-01 -4.892900000000004884e-02
3.651743673131094270e-01 -3.635583656876432146e-01 8.570140000000000535e-01
3.688938877016144646e-01 -9.222687192436858084e-01 1.154889999999999944e-01
-3.809755616034923853e-01 9.614114172352868082e-02 9.195729999999999738e-01
-7.593457491114202762e-01 4.829118404454547098e-01 -4.361079999999998846e-01
-6.698159482938230713e-01 6.603179490270173480e-01 3.395979999999999555e-01
-8.998824659333651832e-01 2.154501115538975942e-02 4.355999999999999872e-01
-6.164202519883626996e-02 -9.267683788565436176e-01 3.705409999999999537e-01
-6.061289363188571144e-01 4.807699494893278302e-01 6.336150000000000393e-01
-3.937877638843217398e-01 -9.192004488461620326e-01 1.316000000000036758e-03
-7.444757529599542734e-01 -6.193527944796157758e-01 2.493150000000000088e-01
-5.088483171205131494e-01 -3.566702222812574707e-02 8.601170000000000204e-01
8.787092130018033798e-01 4.729271146389804614e-01 6.488499999999990109e-02
-9.304770814881462293e-01 -2.913150255124194454e-01 2.221440000000000914e-01
-6.333637950725973242e-01 -6.585237869319808812e-01 4.064440000000000275e-01
6.849099721398077545e-02 -9.704249605258690181e-01 2.314829999999999388e-01
-7.555459167883546989e-01 -3.554419608535897002e-01 5.502829999999999666e-01
-4.355457242266523865e-01 -2.122813529820294087e-01 8.747779999999999445e-01
6.318109924941707201e-01 7.638349909257436954e-01 1.317990000000000272e-01
-4.722601230666843564e-01 -8.663452257616706120e-01 -1.625309999999999810e-01
-2.847707265005510746e-01 4.078276083142830521e-01 8.675150000000000361e-01
-9.328891360557236556e-01 -3.227760470747564336e-01 -1.597920000000000729e-01
-4.306625360075052034e-01 2.710957079235750133e-01 8.608350000000000168e-01
2.488708566146895229e-01 -9.293614645544922004e-01 2.726730000000000542e-01
-1.163831331408952396e-01 -3.019123453840679150e-01 9.462049999999999628e-01
-4.668864911352322844e-01 -3.797923995177242551e-01 7.986079999999999846e-01
-2.417333762608767367e-01 2.397103731120482917e-01 9.402679999999999927e-01
5.584160096660679695e-01 8.288540143472949984e-01 -3.424299999999998873e-02
-3.172597714885430631e-01 5.644885934180047249e-01 7.620360000000000467e-01
-9.046874193841820677e-01 3.544841643275324361e-01 2.363930000000000753e-01
8.261367573920181950e-01 -5.117618497131275479e-01 2.357920000000000849e-01
9.722390475904780782e-01 -1.840250090079062206e-01 -1.445199999999998985e-01
8.557001046369519179e-03 -7.140660873176183365e-01 7.000260000000000371e-01
6.168197446176321153e-01 1.125429534037517831e-01 7.790169999999999595e-01
0.000000000000000000e+00 -0.000000000000000000e+00 1.000000000000000000e+00
3.192717662649485755e-01 4.641196602235333341e-02 9.465259999999999785e-01
-2.907026956021159236e-01 -3.210606638139644753e-01 9.013390000000000013e-01
7.771785657848290230e-01 -3.265938175297202206e-01 5.378939999999998722e-01
-9.876996435455177858e-03 -8.359786983006289862e-01 5.486729999999999663e-01
-5.051239674295011639e-01 -6.660439570533467357e-01 5.488490000000000313e-01
-8.575069778768827922e-01 -3.296899914942146292e-01 3.949509999999999965e-01
3.585437445434317971e-01 -5.452376115270977097e-01 7.577350000000000474e-01
-3.321220403188540615e-01 8.580581041662862507e-01 3.917030000000000234e-01
-7.342850598788950300e-01 3.386170276132723367e-01 5.883570000000000189e-01
-4.941930307669310518e-01 -5.317810331070441654e-01 6.877370000000000427e-01
8.745390989893705447e-01 3.442110389613616261e-01 3.416140000000000287e-01
2.130062803821065609e-01 -2.817680480781654118e-01 9.355400000000000382e-01
-5.642747641206153908e-01 1.389681881857283974e-01 8.138069999999999471e-01
7.683242277607317261e-01 1.812730537362767791e-01 6.138550000000000395e-01
-2.127450032964433024e-01 6.910570107077971258e-01 6.907820000000000071e-01
3.660739191948432225e-01 8.696858080303065952e-01 3.311139999999999639e-01
6.480512086338404698e-01 -4.639971493794100010e-01 6.039339999999999709e-01
-6.989639782006105140e-01 -6.557709795477201231e-01 -2.853310000000000013e-01
6.286929282871082103e-01 -1.083321599562249715e-01 7.700709999999999500e-01
8.760845283986995469e-01 -1.761081062172556166e-01 4.488450000000000495e-01
2.230150054675675286e-01 4.524200110917960260e-01 8.634699999999999598e-01
-6.416440505669632755e-01 7.667590604270810850e-01 1.932500000000002965e-02
-9.407201046722993842e-01 3.366470374581336800e-01 4.140599999999999142e-02
-5.074941860460738807e-01 7.740352837593600377e-01 3.785749999999998838e-01
-5.956548785173435556e-01 -2.046449582630578690e-01 7.767340000000000355e-01
-1.483503845536653376e-01 -1.282083323414649201e-01 9.805890000000000439e-01
1.679150016904242537e-01 -7.857290079100458513e-01 5.953439999999999843e-01
4.865503366151531783e-01 6.240624317515686137e-01 6.114039999999999475e-01
-7.160823281928175854e-01 1.597820732308657121e-01 6.794820000000000304e-01
2.511951049057814522e-01 8.361333491916068672e-01 4.876289999999999236e-01
-1.984109840697706184e-01 -9.800709213110371243e-01 9.698999999999909083e-03
5.208797436215787391e-01 4.653517709525972768e-01 7.156339999999999923e-01
-1.069379810240175532e-01 9.885088245906087367e-01 1.068390000000001006e-01
-5.368116811279088907e-01 8.312245062434264753e-01 -1.445650000000000268e-01
-6.246190803767043276e-01 -3.734830480602300273e-01 6.858290000000000219e-01
-7.635509874546302367e-01 -5.021799917490332721e-01 4.059619999999999895e-01
7.335527343132153266e-01 1.659099399087803767e-02 6.794299999999999784e-01
4.319395730851472576e-02 -1.972808050141477421e-01 9.793950000000000156e-01
-3.204781090408682642e-01 -9.117331551276083856e-02 9.428579999999999739e-01
1.854864391164120774e-01 -7.683859616048129004e-02 9.796380000000000088e-01
-1.300670053333899401e-01 8.948340366926170741e-01 4.270300000000000762e-01
-8.356008922958454432e-01 3.546819542835337180e-01 4.194900000000000850e-01
7.028704486367213233e-01 7.085074522347766246e-01 -6.316900000000007231e-02
5.446840780369045509e-01 7.761811112034917581e-01 3.175880000000000924e-01
5.855458742682231321e-01 -7.849388314534211375e-01 -2.025020000000000153e-01
7.857029074696484372e-01 3.518039585688895188e-01 5.088270000000001403e-01
4.974167831164422737e-01 -5.924147416954530510e-01 6.337359999999999660e-01
-4.819830972793435198e-01 -7.883221591081979174e-01 3.824139999999999207e-01
-9.318810782807469550e-01 -1.398170117450393823e-01 3.347369999999999512e-01
7.782536458572379967e-01 -6.271567146135936799e-01 3.155500000000005523e-02
-2.216400578498931573e-01 9.413252456936953561e-01 2.545240000000000280e-01
-3.528361336076296095e-01 -7.755112936610394359e-01 5.235350000000000836e-01
5.052240777118655046e-01 -2.374965664492749706e-01 8.296649999999999858e-01
-1.608068898612540210e-01 -6.230605732576492972e-01 7.654649999999999510e-01
-6.677401750323762597e-01 -2.061200540295227146e-02 7.441090000000000204e-01
-7.997072596023148128e-01 5.172081678969850937e-01 3.048999999999999488e-01
5.055283406619286851e-02 -3.936997077264294265e-01 9.178479999999999972e-01
-9.700326891685994157e-01 2.291999265565619961e-02 2.418910000000000504e-01
4.933178074009452185e-01 -2.318899094665209659e-02 8.695399999999999796e-01
9.348501091347984071e-02 3.262370380850503349e-01 9.406539999999999901e-01
5.712919599904650036e-01 -7.525759472945258155e-01 3.274980000000000668e-01
-8.756362819614543769e-01 4.787021541456863427e-01 -6.407300000000010209e-02
4.341018552838809552e-01 7.614687461498945709e-01 4.813740000000000241e-01
1.252329281952331841e-01 -8.984474848574330874e-01 4.208430000000000226e-01
3.030659541982368976e-01 -9.500138564262692320e-01 -7.499800000000006461e-02
9.393977809486759867e-01 3.395849208146665688e-01 -4.705199999999990640e-02
6.165199586109436358e-02 8.808269408671284273e-01 4.694069999999999077e-01
-9.818761457858302677e-01 -1.402820208286260639e-01 1.274370000000001057e-01
3.584619979590379923e-01 -1.550579991171519290e-01 9.205769999999999786e-01
-8.584870533890018862e-01 -4.575800284567378973e-01 2.315610000000000168e-01
4.173409986272784145e-01 -8.557309971853220842e-01 3.058610000000001050e-01
-5.446600454059923740e-02 7.972070664597645795e-01 6.012440000000000007e-01
-7.990863054443972935e-01 -1.265000483536515580e-03 6.012150000000000549e-01
