2.719980627377215354e-01 5.954491373433389301e-01 7.559479999999999533e-01
-9.649727767331730544e-01 2.607169396776311543e-01 2.922699999999999257e-02
-6.665134330178605904e-01 5.651355192568821018e-01 4.861909999999999843e-01
-1.353169667858538094e-01 4.731088838733384372e-01 8.705500000000000460e-01
6.111026308092046833e-01 -2.068508750333655777e-01 7.640460000000000029e-01
-2.584539872307128894e-01 -8.864839562019982688e-01 3.838590000000000613e-01
-5.308092736417487911e-01 7.543443888781298234e-01 3.862719999999999487e-01
-1.389879148326636227e-01 9.217724351674160266e-01 3.619640000000001190e-01
-9.360401943437006711e-01 2.173740451319042255e-01 2.767260000000000275e-01
-7.275041876043553124e-01 6.314691628394273337e-01 2.682989999999999542e-01
8.981240243978083626e-01 3.935190106900618434e-01 1.962549999999999573e-01
-3.571436549217483214e-01 4.861695302547611730e-01 7.975510000000000099e-01
2.561110999243135788e-01 9.571903734574216394e-01 1.348840000000000872e-01
-2.607130668020077313e-01 -9.558332449113140505e-01 1.356890000000000873e-01
8.360897678328950144e-01 -2.996279167987114245e-01 4.595400000000000595e-01
8.400166010693947971e-01 1.217629421738044559e-01 5.287209999999999965e-01
1.842729181030625385e-01 -9.017625992270814628e-01 3.909829999999999139e-01
4.742305557006451511e-01 -4.283185019011638839e-01 7.691869999999999541e-01
-5.027032905063227863e-01 -3.801992197126600748e-01 7.763619999999999965e-01
5.733618490850661553e-01 5.566478534843675163e-01 -6.011649999999998384e-01
-2.146850094727173475e-01 6.727710296852110750e-01 7.080180000000000362e-01
-3.685112340986666513e-01 8.931895674032908072e-01 2.577050000000000729e-01
-8.000100226695378014e-01 -5.982470169522665637e-01 -4.565600000000006459e-02
-9.316187074172678217e-01 -2.125699332406148431e-02 3.628149999999999986e-01
-8.221971134145096283e-01 3.940970543620542776e-01 4.107059999999999600e-01
-5.744818444984235439e-01 8.056497819255517001e-01 1.445649999999999158e-01
-9.025639018486841803e-02 2.439170544709755306e-01 9.655869999999999731e-01
7.849638238275729041e-01 -1.232269723437002806e-01 6.071630000000000082e-01
-6.057830457469859375e-01 -1.473780111295616146e-01 7.818610000000000282e-01
-5.515597164631648452e-02 8.142245814366886325e-01 5.779239999999999933e-01
-4.628940532886947623e-01 -8.447810972518046135e-01 2.684659999999999269e-01
3.341783162753997893e-01 3.898403689554724716e-01 8.581079999999999819e-01
-6.405992862416584055e-01 -7.596833394524838967e-01 1.118649999999999783e-01
-7.467530673476724390e-01 6.643020599116357117e-01 3.259800000000009912e-02
1.131293296167328183e-01 -2.332116794919770753e-01 9.658229999999999871e-01
7.105551127815206147e-01 3.136040497762114798e-01 6.298920000000000075e-01
-4.205982196598601619e-01 -7.468283900354591998e-01 5.151159999999999073e-01
-6.784811551622239589e-01 9.067702073697714305e-02 7.289999999999999813e-01
9.183933434849211874e-01 -7.034602630985893612e-02 3.893650000000000166e-01
-3.913801371402706591e-02 -9.774033424838083350e-01 -2.077279999999999127e-01
9.430528224281271577e-01 -2.533489522957284024e-01 2.155590000000000839e-01
-4.430125918358960857e-01 6.616623903856421185e-01 6.049320000000000253e-01
-3.853136171098099916e-01 -1.882498129341828030e-01 9.033799999999999608e-01
9.894241782684406461e-01 -3.497600630176444375e-02 1.407709999999998962e-01
6.900855595653998531e-01 6.290295985332602924e-02 7.209889999999999910e-01
4.385018606795528240e-01 6.804507838077418214e-01 5.871140000000000247e-01
3.478947100630150890e-01 -7.813663488058406603e-01 5.181080000000001240e-01
-6.440781447952146355e-01 -7.523581691376484137e-01 -1.382769999999999277e-01
9.884297249619496128e-02 4.422008769542596918e-01 8.914530000000000509e-01
3.934041994430522160e-01 -9.193654660881988017e-01 5.249999999999100872e-04
1.405149549680800303e-01 2.101534370556866482e-01 9.675179999999999891e-01
5.508613165178888327e-01 -7.451254281395705004e-01 3.759520000000000639e-01
-1.861309164402905891e-01 9.717595637482029369e-01 -1.450469999999999537e-01
-4.713530749524872943e-01 4.229200672508844072e-02 8.809299999999999908e-01
8.771382151688349449e-01 -4.774851171308175934e-01 5.134699999999993436e-02
-8.430085370749585971e-01 4.578577485745306541e-01 -2.823169999999999846e-01
-7.453639834636008876e-01 -4.882529891677805378e-01 4.539179999999999326e-01
-2.741125542469976528e-01 -4.093668277269016942e-01 8.702189999999999648e-01
2.315100325326238315e-02 6.469710909147080580e-01 7.621630000000000349e-01
-3.628701284514490588e-02 -8.721953087461409293e-01 4.878100000000001324e-01
-1.373839625724526947e-01 -6.104308337001752571e-01 7.800639999999999796e-01
-3.692961190557222384e-01 -5.929441911566230017e-01 7.155679999999999819e-01
-2.433767828583596193e-01 2.760197537341839077e-02 9.695390000000000397e-01
2.470796677786241125e-01 -3.887610506988369019e-02 9.682150000000000478e-01
-1.846680356188480365e-01 9.769771884397689954e-01 1.068329999999999280e-01
-9.635112030403324423e-01 -1.877140395569046882e-01 1.908129999999999549e-01
-7.615349297138847007e-01 -5.773179467162513623e-01 -2.945649999999999658e-01
-8.766396010131810579e-01 -3.920878215482478391e-01 2.788730000000000375e-01
5.237292239586619491e-01 -6.085392602253840710e-01 5.961440000000000072e-01
7.016530229336239710e-01 -5.530040180750112055e-01 4.492990000000000039e-01
3.899379975937520837e-01 -8.830339945509317889e-01 2.611499999999998822e-01
3.173190572335767845e-01 -6.242021125848534746e-01 7.139189999999999703e-01
-7.897037344748752963e-01 -7.797397378251084976e-02 6.085129999999999706e-01
-3.881398961148870008e-02 -9.634377421372068984e-01 2.651059999999998973e-01
1.201489779823830817e-01 9.041708343083119104e-01 4.099259999999999571e-01
-7.002343601813242335e-01 -3.244121668687093840e-01 6.359470000000000400e-01
6.770656833159390819e-01 -3.878458185928015944e-01 6.254260000000000375e-01
-7.228749242235664729e-01 3.099659675073586640e-01 6.175540000000000473e-01
-1.915990571812203058e-01 -7.630152277158480656e-01 6.173309999999999631e-01
8.292556782529220127e-01 3.620068595431393810e-01 4.257769999999999611e-01
6.626590820019232497e-01 5.360130663298874332e-01 5.230420000000001179e-01
3.404880339974116210e-01 8.402520838983843499e-01 4.219529999999999670e-01
9.388537449140259561e-01 1.642289553790957646e-01 3.026260000000000616e-01
3.658646264809352622e-01 1.609332755708579032e-01 9.166480000000000183e-01
3.816717384086681930e-01 -2.325398406211398594e-01 8.945680000000000298e-01
5.516300693253495258e-01 2.510870315550170484e-01 7.953989999999999672e-01
-4.494367461762482918e-01 -8.649215115272058663e-01 -2.234220000000000650e-01
2.393943622962421691e-01 -4.284936484765853870e-01 8.712539999999999729e-01
5.134974803641555452e-01 4.827885114402203914e-01 7.093909999999999938e-01
5.063683947688506493e-01 -1.979597633908112414e-02 8.620900000000000230e-01
1.886200462872069938e-01 7.688391886725154389e-01 6.109900000000000331e-01
9.017699240974519359e-02 -6.060739489863697926e-01 7.902799999999999825e-01
-1.452110976025025313e-01 -2.042721372999180551e-01 9.680839999999999446e-01
-9.125999939993766352e-01 -4.064649973273685712e-01 4.413000000000003725e-02
-9.935327909603881569e-01 3.493399264987701730e-02 1.080379999999999674e-01
-8.578933640215663514e-01 -2.384461011775203532e-01 4.551509999999999168e-01
1.126520275671283738e-01 -7.699341884109413003e-01 6.281010000000000204e-01
-4.584119374526109958e-01 -8.885598787616642014e-01 1.788399999999989304e-02
-8.484759757545562442e-01 1.439739958859018176e-01 5.092740000000000045e-01
-0.000000000000000000e+00 0.000000000000000000e+00 1.000000000000000000e+00
-7.771239774277308721e-01 -5.948139827230893850e-01 2.056079999999999020e-01
5.763619262060278858e-01 7.204749077546539482e-01 3.856460000000000998e-01
-4.238400641838933197e-02 -9.986891512357215506e-01 2.869800000000010190e-02
-5.633565237985842522e-01 4.711714380865791862e-01 6.786950000000000482e-01
-6.185579078252350094e-01 -6.898868971961041874e-01 3.760880000000000334e-01
-2.999688601896677298e-01 8.138386206838008619e-01 4.976800000000000113e-01
-8.725959811094283758e-01 4.522679902089844495e-01 1.844719999999999416e-01
7.239813907998994269e-01 -6.561313541749422829e-01 2.129379999999999051e-01
5.762571564835615723e-01 -8.096902198726868560e-01 1.110379999999999284e-01
-3.169451772266779765e-01 2.638443150737754817e-01 9.110059999999999825e-01
-5.298096921133625958e-01 2.689558437025378890e-01 8.043409999999999727e-01
-2.786691580222659670e-02 -4.182877361753170042e-01 9.078869999999999996e-01
9.804489316747250216e-01 1.885529868601675541e-01 5.628200000000010278e-02
