5.540770265463831334e-01 4.860080232851292092e-01 6.758659999999999668e-01
-4.950107866977702109e-01 4.558258035827443821e-01 7.397209999999999619e-01
9.444506140505234404e-01 2.243509083190647069e-01 2.401659999999999073e-01
-8.184979231475182360e-01 -4.619789566227007760e-01 3.415210000000001300e-01
6.292910583172500738e-01 -1.443310133753494262e-01 7.636500000000000510e-01
-3.022980018144004188e-01 -7.877450047280659673e-01 5.367250000000000076e-01
1.191399801081413981e-02 8.141338640705214624e-01 5.805550000000000432e-01
3.066300755438378448e-02 -9.990312461293289203e-01 3.156499999999998196e-02
5.892019982449108184e-01 -7.835689976659387934e-01 -1.971310000000000839e-01
5.628908720869432170e-01 8.167148144072081672e-01 1.270070000000000920e-01
5.295115720322014080e-02 2.201756536650675278e-01 9.740220000000000544e-01
6.716802672777774652e-02 -4.169461659129348186e-01 9.064459999999999740e-01
8.789611068002418648e-01 -4.131430501999204252e-01 2.382019999999999138e-01
-5.228013419452011146e-01 -1.774767766083688303e-01 8.337750000000000439e-01
4.097348855066739737e-01 -7.672597856025250573e-01 4.933859999999999357e-01
-9.196741253062720167e-01 1.707200232607280765e-01 3.536299999999999444e-01
