-7.493006396555997872e-01 1.766989150241423112e-01 6.382210000000000383e-01
4.981200556408416080e-01 -7.606640849674479732e-01 4.162530000000000396e-01
9.726323254924643669e-01 -7.518202515974639621e-02 -2.198500000000000176e-01
-8.079274690925731806e-01 -2.915381692706279781e-01 5.121120000000000116e-01
3.077123525884010724e-01 -1.635426559143256242e-01 9.373190000000000133e-01
-6.446150821682810061e-01 3.044440388071021353e-01 7.012739999999999529e-01
7.297620058901731488e-01 -5.692050045942594894e-01 3.787519999999998666e-01
-4.161225863976212858e-01 -3.716355237067013872e-01 8.298969999999999958e-01
4.064333316067981761e-01 -2.919655198529415019e-01 8.657759999999999900e-01
4.557256277023893909e-01 -1.020419166385222870e-01 8.842520000000000380e-01
6.098002088710650220e-02 -9.193353148941946218e-01 3.887210000000000942e-01
-8.237938347306236198e-01 -5.550478886463887651e-01 1.152629999999999072e-01
6.041397195577733470e-01 -6.297927076496321330e-01 4.882380000000000608e-01
-9.694954052168728298e-01 -2.445931022317915926e-01 -1.590199999999989539e-02
-1.455073084772117997e-01 -2.685657236426819416e-01 9.522080000000000544e-01
-2.594467198598367497e-01 5.562153994209180219e-01 7.895010000000000083e-01
-5.214710178592638634e-01 4.202290143919423238e-01 7.426139999999999963e-01
4.893694966960531745e-01 -4.156504218732990918e-01 7.666500000000000536e-01
-5.703769540432720442e-01 -3.271289736423831362e-01 7.534300000000000441e-01
8.266259213486187862e-01 2.774199736041859654e-01 4.896199999999999442e-01
4.863237470707971744e-01 8.026575825506286899e-01 3.452970000000000206e-01
-9.148500635050110796e-01 -3.786290262828211906e-01 -1.403190000000000548e-01
2.891899009604223178e-02 9.422646773002928411e-01 3.336180000000000812e-01
-8.802643132633536371e-01 -1.187750422689727164e-01 4.593770000000000353e-01
-6.573480967382415718e-01 -6.486570954592353333e-01 3.835849999999999538e-01
5.645088479098561152e-01 4.791188709156495307e-01 6.721420000000000172e-01
-6.123120525011229720e-01 6.101880523190059691e-01 5.027370000000001005e-01
3.292263671120383428e-01 2.952693292473998476e-01 8.968979999999999730e-01
5.854936826729207899e-01 6.811696308182723092e-01 4.395509999999999140e-01
-9.956344496514673015e-01 8.296503746892310016e-02 4.276499999999990725e-02
6.009351869931084389e-01 7.932132468243062728e-01 -9.843599999999996797e-02
1.016149561646704641e-01 -7.012856974747538885e-01 7.056010000000000337e-01
7.701446102374633895e-01 -3.009298477023934493e-01 5.624219999999999775e-01
1.834859503400118330e-01 9.589187404711739804e-01 2.163509999999999045e-01
5.002021468237584090e-01 6.286191845178631388e-01 5.955129999999999590e-01
1.504909226895510266e-01 7.484456155072642947e-01 6.458960000000000257e-01
4.518173831184010836e-01 4.012593402477253046e-01 7.967760000000000398e-01
-5.104570148865907875e-01 8.282830241554337558e-01 -2.310430000000000539e-01
-2.158692076195179999e-01 -9.150666411098921926e-02 9.721250000000000169e-01
2.824267668126204667e-01 -6.970984244364418769e-01 6.590059999999999807e-01
9.070685306031959216e-01 -3.249501900844352364e-02 4.197270000000000167e-01
7.418134282650604705e-01 1.194100689380354560e-02 6.704999999999999849e-01
-7.401783233835700360e-01 6.723902937670109825e-01 -5.228999999999925548e-03
-1.142319360725367883e-01 -9.459864705988769717e-01 3.034150000000000458e-01
-1.021900239778971917e-02 -9.878022317782005901e-01 -1.553780000000000161e-01
3.120130136977660729e-01 -4.449890195355810651e-01 8.394239999999999480e-01
2.776380423698328603e-01 4.613380704039574676e-01 8.426649999999999974e-01
7.854887612559771082e-01 4.475888639583769923e-01 4.274010000000000309e-01
7.454365275256082946e-01 -6.376895958180304191e-01 1.941040000000000265e-01
3.477310377121427543e-01 -7.863200852780223293e-01 5.106699999999999573e-01
-3.021319072905501169e-01 9.305537144587485709e-01 2.068480000000000041e-01
-9.615424585685104775e-02 5.957491317408956238e-02 9.935819999999999652e-01
3.566810308756174774e-01 -9.212000797424557685e-01 1.554639999999999356e-01
-6.221237598772911825e-01 -7.786546994606419192e-01 -8.160199999999999398e-02
-3.865466283950177440e-01 -6.083909890394545439e-02 9.202609999999999957e-01
-1.712171407433038250e-01 -5.621774621191137911e-01 8.090990000000000126e-01
-7.489087821051427785e-01 3.507638979453155392e-01 5.622279999999999500e-01
-8.422023872271201528e-01 -5.351782460638135897e-01 -6.541699999999996129e-02
-7.371154034712197323e-01 4.966132718287552539e-01 4.582969999999998989e-01
-4.506150176106746286e-01 -8.748560341906154170e-01 1.776880000000000126e-01
6.260599765166003916e-01 7.356659724052987404e-01 2.585430000000000783e-01
-7.072441314545045987e-01 1.383600257167887267e-02 7.068339999999999623e-01
-2.595939821813466608e-01 8.821099394515575787e-01 3.930560000000001275e-01
-2.707394327543639068e-01 8.546882092813298804e-02 9.588510000000000089e-01
-8.496207386417701235e-01 2.100611826226182199e-01 4.837550000000000461e-01
8.854882770740023501e-01 3.355741050029263373e-01 3.214039999999999120e-01
3.442398069579104547e-01 8.865605028364282880e-01 3.090459999999999319e-01
3.378808010369708376e-02 -2.959747016873338077e-01 9.545979999999999466e-01
-5.798107701880687026e-01 7.778776916829011068e-01 2.423340000000001049e-01
9.556627851630957737e-01 2.132369520634607163e-01 2.030730000000000313e-01
-3.342421157057711145e-01 -9.345863235290413629e-01 -1.217810000000000836e-01
7.199746936077754400e-01 -6.721867139444143158e-01 -1.726310000000000067e-01
-8.325911930686976659e-01 5.418671256529988822e-01 1.147689999999999821e-01
-2.397294884501914927e-02 3.791051910415816906e-01 9.250429999999999486e-01
9.538977632844726218e-01 9.076897747512657766e-02 -2.860770000000000812e-01
-8.285489167935225496e-02 5.383692961609185534e-01 8.386259999999999826e-01
-2.697732233430678028e-01 -6.714735559075214466e-01 6.901779999999999582e-01
-4.739230412650415336e-01 -8.805650766718458033e-01 -1.448000000000027607e-03
2.093219269573142194e-01 -5.817047970146687064e-01 7.860049999999999537e-01
-2.014790408180072989e-01 7.987241618149883982e-01 5.669619999999999660e-01
-6.619079047434430763e-01 -4.306949380177867437e-01 6.134979999999999878e-01
-4.901290518792452700e-01 2.686960284409730115e-01 8.292019999999999946e-01
8.175624440253290159e-02 3.087520405103910334e-02 9.961740000000000039e-01
6.388972953174089087e-01 1.323940611964886660e-01 7.578139999999999876e-01
1.327663338601471898e-01 -1.459341686115211700e-01 9.803450000000000220e-01
-9.904987242457307106e-01 -8.633697596383589634e-02 1.070430000000000270e-01
-3.221198958433279524e-01 2.564907133228874203e-01 9.112909999999999622e-01
-5.120968617068597517e-01 -4.919678671427488714e-01 7.040769999999999529e-01
3.708145629761522288e-01 1.156098637478876617e-01 9.214830000000000521e-01
-8.331693909850322599e-02 -8.808203561539982296e-01 4.660620000000000873e-01
8.397405296067390612e-01 8.747795099791284834e-02 5.358950000000001213e-01
-7.040555320277719353e-01 -6.821845465649972740e-01 1.973070000000000934e-01
7.445491384935801760e-01 2.058200382845839504e-01 6.350470000000000281e-01
-8.715203645252599107e-02 -6.963992912784860989e-01 7.123429999999999485e-01
-2.877130665051716996e-01 -9.266822142035482379e-01 2.418289999999999051e-01
9.873196452673885792e-01 -8.653496890897932614e-02 1.330850000000000644e-01
2.162530778558480471e-01 -3.141491131005665349e-01 9.244160000000000155e-01
-1.976759042997645044e-01 4.036818045667532329e-01 8.932889999999999997e-01
2.060829271834553056e-01 -9.443606663232531062e-01 2.563449999999999895e-01
-7.984757941461269048e-01 5.277418639436443071e-01 2.896980000000000666e-01
-4.286287929151670340e-01 5.574667306692719926e-01 7.109910000000000396e-01
1.196299591213554996e-02 -9.995996584277158092e-01 2.563999999999996490e-02
1.615970123503966960e-01 -9.822710750721643791e-01 -9.502600000000009650e-02
6.401657933731843553e-01 -3.608078835417561914e-01 6.782369999999999788e-01
6.575203809412391021e-01 5.416293137985496164e-01 5.237410000000000121e-01
1.651798757895436010e-01 -8.091023915785633402e-01 5.639760000000000328e-01
-3.651970185830871185e-01 4.158710211616388763e-01 8.328759999999999497e-01
-1.644779799983284996e-01 -9.854528801620447975e-01 -4.277400000000000646e-02
-9.055642470492344387e-01 -2.518100686969312885e-01 3.413869999999999960e-01
6.199871740279192522e-01 -6.587101848973135609e-02 7.818420000000000369e-01
-8.419159974291768878e-01 3.671359988789361650e-01 3.954600000000000337e-01
1.457298452319666544e-02 -5.815403823923894766e-01 8.133869999999999711e-01
7.066423821051818210e-01 -1.846560998497321637e-01 6.830509999999999637e-01
-4.928141426330461261e-01 8.687912514504595451e-01 -4.833200000000007629e-02
1.936939843278656925e-01 9.028129269517559674e-01 3.839420000000000610e-01
-9.115791857186827940e-01 3.906410795864450058e-01 -1.281519999999999881e-01
7.623097730496947166e-02 8.561287451184717012e-01 5.111090000000001465e-01
-2.462827548609680672e-01 -4.077615941320274495e-01 8.792470000000000008e-01
5.134063214339955605e-01 5.371292900794925884e-02 8.564629999999999743e-01
8.721490061894243695e-01 -2.217280015735484389e-01 4.361110000000000264e-01
3.270340386426382473e-01 6.951270821368459307e-01 6.401930000000000121e-01
5.610208363537683152e-01 -2.374039307507740393e-01 7.930289999999999839e-01
3.956997162643009491e-01 5.558876014018947487e-01 7.310339999999999616e-01
3.725098477225252114e-01 -8.669016456211979804e-01 3.312370000000000592e-01
3.611399951768948929e-02 -9.777329869421590436e-01 2.067220000000000724e-01
-7.827463489350641179e-01 -1.205840537543288599e-01 6.105469999999999509e-01
-4.871812300776177662e-01 -8.552094038836682843e-01 -1.768369999999999387e-01
-5.123560768130760446e-01 -7.242981085876954994e-01 4.613929999999999421e-01
-9.538528098253289400e-01 -2.505749500415492270e-01 1.654600000000000792e-01
-3.558651630592876147e-01 -7.686923522188747748e-01 5.314809999999999812e-01
-3.204487308679043189e-01 -2.373898006257837978e-01 9.170380000000000198e-01
-6.094263426834822805e-01 1.440218446605754654e-01 7.796520000000000117e-01
-7.088327017210768188e-01 -2.731438850602352364e-01 6.503449999999999509e-01
6.984116048517199360e-01 -4.726804093596908007e-01 5.373960000000000958e-01
-2.544309794696127947e-01 -8.727209295789425392e-01 4.166809999999999681e-01
3.672402601375514275e-02 6.542894634711313717e-01 7.553520000000000234e-01
8.390847130471311699e-01 -5.398778153708611027e-01 6.684899999999992237e-02
1.534406203081473408e-01 3.460521436871195622e-01 9.255830000000000446e-01
4.945183009587844070e-01 2.340631424484365397e-01 8.370579999999999687e-01
-7.251316756438438427e-01 -5.005247761119836492e-01 4.729260000000000130e-01
9.137417947254582451e-01 4.041109092154017701e-01 -4.207499999999994578e-02
-1.413480347023629291e-01 -9.811092408721771019e-01 1.320809999999999762e-01
6.131876406691927350e-01 3.135268162718286011e-01 7.250529999999999475e-01
9.471772653573365952e-01 -1.504940421617997348e-01 2.832079999999999598e-01
8.194915924700243437e-01 -1.069199468291270883e-01 5.630290000000000017e-01
8.339999137842604802e-04 -8.063779166396757292e-01 5.914000000000000368e-01
2.003467315902393853e-01 1.739998983939607113e-01 9.641499999999999515e-01
8.324898495196035864e-01 -4.913149111901934374e-01 2.560670000000000446e-01
-3.081728255596502541e-01 6.879186106056307537e-01 6.571129999999999471e-01
-3.688619799083734385e-01 7.848849572479235093e-01 4.978919999999998902e-01
-8.160130388166273452e-01 4.020090191230210053e-01 -4.153449999999999642e-01
5.589347099610485481e-01 -5.266857266954919625e-01 6.404640000000000333e-01
-8.315026432876233553e-01 4.036998268138711210e-02 5.540519999999999889e-01
8.303412929673593679e-01 4.983171758200734547e-01 2.494259999999999533e-01
-4.166527702997559895e-02 -1.189387908170223829e-01 9.920269999999999921e-01
-3.491307898570654156e-01 -5.306906805755888801e-01 7.723179999999999490e-01
3.913334570447330463e-01 -5.657366607330817088e-01 7.258099999999999552e-01
4.201669404142932551e-01 7.610248920757399782e-01 4.942680000000000407e-01
-3.143719127366583765e-01 -9.472807370538550709e-01 6.188300000000006990e-02
2.157981956207372654e-01 6.124315551682766312e-01 7.604990000000000361e-01
-5.869389918788409100e-01 -5.897489918399605457e-01 5.547060000000000324e-01
-8.303156989809986621e-01 -4.027538539873894985e-01 3.851819999999999689e-01
-8.944356230543897279e-01 3.870278368932983382e-01 2.240410000000000179e-01
-6.189544470011610899e-01 4.846683500214211127e-01 6.180550000000000210e-01
9.643505232957656492e-01 4.101097972717676621e-02 2.614310000000000245e-01
2.636881698086204762e-01 8.173865263765852651e-01 5.121990000000000709e-01
-9.078196313848513332e-01 3.138018725824823774e-01 -2.781939999999999968e-01
-4.155951173596280079e-01 -8.373452364573629181e-01 3.551529999999999410e-01
-7.810968883897710935e-01 -5.515669211871007116e-01 2.926800000000000512e-01
1.860129873763278208e-01 -9.790319335585199179e-01 8.304000000000009984e-02
-4.351002160359225823e-01 -6.414463184908720805e-01 6.318500000000000227e-01
-7.197413280446752770e-01 -6.001352735304659181e-01 -3.490130000000001287e-01
-8.860851585176591216e-01 -4.098250733163293913e-01 2.165560000000000263e-01
-3.328830033793297449e-01 9.426440095694434973e-01 2.472199999999996275e-02
-4.736116021271150056e-01 6.596234458617941110e-01 5.836000000000000076e-01
-9.164104201339262623e-02 8.846144055568503362e-01 4.572299999999999143e-01
9.677285087460584245e-01 -2.423291273952221936e-01 6.912399999999999101e-02
2.477816785876960429e-02 2.083754116314172899e-01 9.777350000000000207e-01
-1.504212342253731238e-01 2.357123670347301969e-01 9.601110000000000477e-01
-9.236743125673775312e-01 2.239950757989610519e-01 3.108890000000000264e-01
-6.133130159753755750e-01 7.872920205071232136e-01 6.339100000000001678e-02
-7.452202166616764822e-01 -6.460371878256884193e-01 -1.651749999999999052e-01
9.642485663585552425e-02 5.072982457507168030e-01 8.563589999999999813e-01
9.173269963581703879e-01 -3.952629984307880484e-01 -4.773199999999989257e-02
4.570252216166356685e-01 -6.681083239731900880e-01 5.871619999999999617e-01
7.114434441138944853e-01 3.833262392888855952e-01 5.889900000000000135e-01
-3.295300542903772251e-02 7.791811283708004465e-01 6.259320000000000439e-01
-4.207980967026410113e-01 8.500861953563502160e-01 3.166739999999999555e-01
-1.416259494228531424e-01 6.772067581574150452e-01 7.220339999999999536e-01
-6.771377238486746553e-01 6.513827343521134683e-01 3.423230000000000994e-01
-6.401775777940625911e-01 -1.469159031069366406e-01 7.540480000000000516e-01
-5.250678120277885164e-01 7.434217338579434120e-01 4.142799999999999261e-01
-6.728179685756724426e-02 -4.354006854043950270e-01 8.977190000000000447e-01
-6.314039979035451777e-01 7.106409976404539641e-01 -3.103520000000000167e-01
9.100587218053532990e-01 1.600599510714853513e-01 3.823270000000000834e-01
-9.166748024797677363e-01 5.620398788946238261e-02 3.956619999999999027e-01
-4.873755428931024203e-01 -1.956338165160968201e-01 8.509949999999999459e-01
1.187122512039131689e-01 -4.542449612159709105e-01 8.829320000000000501e-01
6.334239575274269729e-01 -7.641869487594593613e-01 1.216239999999999127e-01
2.621373797915330650e-01 -3.559991577176363758e-03 9.650239999999999929e-01
-5.684579530069906461e-01 -7.728529361101644790e-01 2.820530000000000537e-01
-9.939091185489007385e-01 -8.090200964961921648e-02 -7.483000000000010477e-02
-1.373139611479358424e-01 9.512477308508352492e-01 2.761749999999999483e-01
2.213250668818674827e-01 -8.796242658122483959e-01 4.210419999999999163e-01
7.350253122224563729e-01 6.778612879404463110e-01 -1.555200000000000506e-02
-1.879879051645961807e-01 -7.897396015952515835e-01 5.839280000000000026e-01
-4.645527520968628643e-01 8.751525329850967649e-01 1.352729999999999766e-01
9.626398674187216509e-01 -2.398169669707840290e-01 -1.257469999999999699e-01
-5.513970956659101086e-01 -1.775297088374792193e-02 8.340539999999999621e-01
-4.407622933259318088e-01 1.108980738023223611e-01 8.907469999999999555e-01
