-7.449797392280234076e-01 -9.725896595556707269e-02 6.599589999999999623e-01
4.148850327123854154e-01 -8.868380699244045040e-01 -2.034420000000000117e-01
-5.574283567021267594e-01 2.259707392194097719e-01 7.988809999999999523e-01
-4.093494376737694673e-01 3.820204084537484057e-01 8.285489999999999799e-01
-9.143642505755358307e-01 2.841860778793338649e-01 2.884030000000000760e-01
-5.121775193391664427e-01 -3.394166814692196055e-01 7.889680000000000026e-01
6.299592873049403297e-01 7.681123503122778695e-01 1.146940000000000320e-01
-8.492102322934892422e-01 -3.823701045937535348e-01 3.641909999999999870e-01
2.635306654300929585e-01 1.998397462899991622e-02 9.644439999999999680e-01
-9.750483272770764653e-01 1.169980392706446853e-01 1.886589999999999379e-01
-1.640700626039150525e-02 -9.340863564176341560e-01 3.566700000000000426e-01
-7.515894299964029357e-02 7.772474105374536091e-01 6.246899999999999675e-01
-8.257972716131639634e-01 2.793970918965594241e-01 4.898939999999999406e-01
5.840721699691090452e-01 1.622130472051374894e-01 7.953280000000000349e-01
1.107500887531568390e-01 -6.853015491885070531e-01 7.197890000000000121e-01
-8.794368706292645665e-01 4.452509345007667485e-01 1.683519999999999461e-01
-4.972958908826015656e-01 -8.675718096361128007e-01 3.993999999999973266e-03
9.613443570731224908e-01 -2.478090920439857403e-01 1.200319999999999859e-01
3.211040079277154846e-01 -6.426460158662445910e-01 6.956280000000000241e-01
-9.020769921424434123e-01 4.292389962611065646e-01 -4.484400000000006437e-02
3.465369513741400342e-01 9.289498696503040165e-01 -1.302470000000000572e-01
-4.102033838321791359e-01 5.551875194955574466e-01 7.235329999999999817e-01
-7.963111147723679339e-01 1.073350154702021886e-01 5.952880000000000393e-01
1.412522609132898233e-01 1.757460804282241495e-01 9.742490000000000316e-01
7.549340319524264764e-01 -5.499200232752510242e-01 3.572990000000000332e-01
2.909899851838395612e-01 7.482719619006907852e-01 5.961659999999999737e-01
5.952270648279429643e-01 -6.644690723692951995e-01 4.518689999999999651e-01
9.772968357680786866e-01 -4.790499194970394142e-02 2.063880000000000436e-01
-9.076767724613773458e-01 1.209869696706919184e-01 4.018520000000000425e-01
-7.851503314983233894e-02 8.926383768808512365e-01 4.438829999999999720e-01
3.170248516334053801e-01 9.460945572308389062e-01 6.633500000000006058e-02
-2.412349642284292717e-01 9.142758644264369350e-01 3.254310000000000258e-01
1.878456493006489536e-01 -2.039477049584468571e-01 9.607909999999999506e-01
8.246282294646929412e-01 2.278500634025648966e-02 5.652160000000000517e-01
-9.880899546131558520e-01 -1.198879944930744262e-01 -9.646299999999993768e-02
1.040900675036116226e-02 -8.131615273446419767e-01 5.819450000000000456e-01
-9.570006887474633572e-01 2.789159092860797884e-01 7.972200000000004283e-02
4.627627113139530790e-01 -2.897098192698322472e-01 8.378060000000000507e-01
-1.773109006592215042e-01 -8.821335057730296247e-01 4.363500000000000711e-01
9.382697844625575989e-02 8.348528082192968602e-01 5.424179999999999557e-01
5.089487391543485728e-01 -5.871916990533830871e-01 6.294260000000000410e-01
2.609991133057751322e-01 8.591053729575895970e-01 4.402469999999999439e-01
-5.695405645650374327e-01 4.112604076676216747e-01 7.116799999999999793e-01
4.304330559973991721e-01 9.488901234463252565e-02 8.976210000000000022e-01
-5.658328841345483529e-01 5.710648830631933626e-01 5.947419999999999929e-01
6.563049717725659704e-01 7.503529677275964094e-01 -7.895700000000006880e-02
6.288750352549035139e-01 5.076300284578759703e-01 5.889210000000000278e-01
-7.687838204127214192e-01 -5.508668713179442067e-01 3.248340000000000116e-01
6.796250242138679454e-01 8.624000307258261958e-03 7.335089999999999666e-01
8.666240327753162997e-01 3.480580131633915220e-01 3.575170000000000847e-01
-6.865878177947305483e-01 7.159538100016438200e-01 1.265199999999998826e-01
-9.333358853023911994e-01 -3.166469610872679752e-01 -1.691709999999998770e-01
8.561450473680073392e-01 -1.837770101678457280e-01 4.829509999999999637e-01
-4.181570707693541000e-01 -5.159790873248578658e-01 7.476030000000000175e-01
7.384978697043760310e-01 1.860009671832336120e-01 6.480930000000000302e-01
-2.378179054540893178e-01 5.219617924910116002e-01 8.191450000000000120e-01
2.863360566842668709e-01 -3.575720707864420977e-01 8.889059999999999739e-01
5.316573334620490199e-01 -6.297603949935014211e-02 8.446150000000000047e-01
-4.833200972398454809e-01 -6.479941303708438571e-01 5.886470000000000313e-01
5.362057503244834766e-01 -8.326116123078981524e-01 1.387130000000000862e-01
-8.630129179896824931e-01 -4.690099554309625635e-02 5.030000000000000027e-01
1.358732595727134007e-01 3.737807140718821253e-01 9.175109999999999655e-01
3.682608413622400212e-01 -1.380713154502955786e-01 9.194130000000000358e-01
-5.081222863479665230e-01 2.253801270110415353e-02 8.609900000000000331e-01
-3.550219934881647110e-01 -7.829769856385879745e-01 5.107899999999999663e-01
7.542838816890514719e-01 -1.419929777281150052e-01 6.410099999999999687e-01
-5.151378673699908983e-01 -7.579848048453858844e-01 4.001149999999999429e-01
-9.579249638132049105e-01 -2.862229891875738841e-01 2.135799999999988749e-02
8.803153518791807519e-01 -4.074831628789515325e-01 2.429039999999999255e-01
4.027762322993149180e-01 -4.815152777116923355e-01 7.784050000000000136e-01
-3.326845059351254408e-01 -1.843397262397789699e-02 9.428579999999999739e-01
8.217711521686680287e-01 -3.757440695771255279e-01 4.283790000000000098e-01
-3.544468932180242504e-01 -8.752947363054860430e-01 3.289779999999999927e-01
-3.558922405133010253e-02 1.031395473687192893e-01 9.940299999999999692e-01
2.021108014952466558e-01 -5.332984762166013137e-01 8.214280000000000470e-01
4.775581448911894178e-01 4.965521506539727903e-01 7.248269999999999991e-01
7.717008781943739404e-01 6.324019001813895313e-01 6.742099999999996707e-02
9.446099220829773380e-02 9.315949231565315847e-01 3.510099999999998777e-01
-8.988933801528445899e-01 -1.989670841455780381e-01 3.903880000000000683e-01
7.620569325714895426e-01 3.552809685639413129e-01 5.413360000000000394e-01
6.883386527376716968e-01 -7.219786357665212151e-01 7.026199999999994950e-02
-6.648125840619164562e-01 6.503295931231586890e-02 7.441740000000000022e-01
3.643608784949776691e-01 -9.080926971743403797e-01 2.064190000000000191e-01
9.447394366066461657e-01 1.550279075494370440e-01 2.888490000000000779e-01
-7.870208531618397840e-01 -6.033978874212352350e-01 1.284880000000000189e-01
9.196545428480964457e-01 -1.330100785123810962e-02 3.925030000000001018e-01
-4.289296165601342858e-01 -1.829152629295220100e-01 8.846249999999999947e-01
-6.691603975965465523e-02 9.684075754009177084e-01 2.402270000000001071e-01
-4.566890213515331642e-01 -8.670290405361166242e-01 -1.992379999999999429e-01
-4.027001868854364064e-01 8.265783835991808992e-01 3.931930000000000147e-01
-2.371811066661667633e-01 9.631094331339571379e-01 1.271430000000001170e-01
3.213791872868638211e-01 -8.573014996008317956e-01 4.021810000000000107e-01
-5.449820698023823962e-01 7.082980907202215404e-01 4.486739999999999062e-01
7.209202469487610010e-01 6.404152193720394903e-01 2.648440000000000794e-01
2.052149293570937616e-01 -9.758846640627993896e-01 7.440400000000002567e-02
-1.418597097431147647e-01 -5.969803620387564153e-02 9.880849999999999911e-01
5.713048482132282446e-01 7.620997975219913068e-01 3.046550000000000091e-01
-2.398549959780933438e-01 6.804719885897940745e-01 6.924069999999999947e-01
-5.474352165650456792e-01 8.344033300894607708e-01 6.391999999999990745e-02
-7.980115927309632262e-01 -2.562391903241799662e-01 5.454529999999999657e-01
-3.867999362383897077e-01 9.221458479898814176e-01 -5.730999999999903706e-03
-6.577291499161620481e-01 -7.022671600677073966e-01 2.724210000000000242e-01
4.357458584525593093e-01 7.890397436887714999e-01 4.330609999999998627e-01
-3.037317440184356676e-01 -6.629704412562594795e-01 6.842639999999999834e-01
1.269900487069883788e-01 9.796323757376522723e-01 1.555439999999999878e-01
1.783010220773197096e-01 -9.463421171765437068e-01 2.695280000000000453e-01
4.212899310628713534e-02 -9.982188366579997085e-01 -4.224099999999991750e-02
8.620940469130397021e-01 1.877660102177648727e-01 4.706779999999999853e-01
-5.816004045401071409e-02 6.354324419837155125e-01 7.699629999999999530e-01
9.964979638451265664e-01 -8.296599698983316007e-02 1.041400000000000312e-02
4.671581157185637490e-01 6.540561620146093658e-01 5.949569999999999581e-01
6.245378379125550161e-01 3.442479106567113423e-01 7.010319999999999885e-01
-5.794919523564103780e-01 7.679039368659049680e-01 2.729700000000000459e-01
-5.217599759794912251e-02 4.720749782668625105e-01 8.800130000000000452e-01
4.672128270535794714e-01 3.168318827195298892e-01 8.254270000000000218e-01
-3.289086773531321728e-01 -3.771296300502167131e-01 8.657899999999999485e-01
8.835714049148202243e-01 4.354491995535769711e-01 -1.722950000000000592e-01
-9.458617705158200994e-01 -2.482459397707808546e-01 2.090919999999999446e-01
5.772375802574851722e-01 -4.123347001678167034e-01 7.048240000000000061e-01
8.005271042141571813e-01 -5.762900750225496971e-01 1.644569999999999643e-01
-6.883767973070566981e-01 5.923728255754813210e-01 4.186069999999998958e-01
-5.884335452045931225e-01 -4.860426243416868242e-01 6.461489999999999734e-01
-4.011477196773206022e-01 7.064515063305376597e-01 5.831009999999999804e-01
6.091653352114690945e-01 6.487163569756033699e-01 4.561630000000000962e-01
7.541363763091917249e-01 5.096362543052065375e-01 4.141850000000000254e-01
-7.010490582131579940e-01 2.650780220113393981e-01 6.620150000000000201e-01
2.291341450247733058e-01 -7.763924913983687448e-01 5.871220000000000327e-01
-3.951174316306514389e-01 1.897162072480826078e-01 8.988270000000000426e-01
-7.634526281471484266e-01 5.964317094975853939e-01 2.478089999999999460e-01
-8.181781095879248067e-01 4.400170589365027807e-01 3.700939999999999785e-01
-2.201437885472375400e-01 1.493915351151767767e-01 9.639600000000000390e-01
-2.337244061883781976e-01 3.439515977516168777e-01 9.094339999999999646e-01
1.176938951931003480e-01 7.077473697480446413e-01 6.965930000000000177e-01
-8.106579611408214481e-01 5.843009719913243583e-01 3.776300000000006041e-02
-9.915379950663010256e-01 -8.392899958238553282e-02 9.903700000000011106e-02
-5.993074752621542212e-01 -1.409078766247733316e-01 7.880200000000000538e-01
8.038854505558495900e-02 -4.971557396677718510e-02 9.955230000000000468e-01
4.210000216675293672e-01 -7.368720379244553254e-01 5.289409999999999945e-01
2.901010093826552616e-01 9.192890297323060844e-01 2.659869999999998624e-01
1.151699679869029255e-02 -9.871207256160408061e-01 1.595619999999999539e-01
8.784988100765517283e-02 -3.827634815482542363e-01 9.196600000000000330e-01
9.258098406006476377e-01 -2.184079623960707428e-01 3.085029999999999162e-01
-1.229487796022812746e-01 -3.898333011856601749e-01 9.126410000000000355e-01
-1.821119189390408288e-01 -9.533885756313321691e-01 2.405939999999999190e-01
6.602058266897566918e-01 -7.031978154039550954e-01 2.638960000000000194e-01
6.188475582388341945e-01 -2.168428452078434987e-01 7.549879999999999924e-01
3.092602445807052236e-01 4.430193503650631248e-01 8.414819999999999522e-01
-1.753589720074202607e-01 -7.835068749286765444e-01 5.961260000000000447e-01
-6.374441239608829024e-01 -6.114851189127521458e-01 4.687760000000000815e-01
4.972598391709694421e-01 -8.000687412333152837e-01 3.355929999999999747e-01
-2.543691341578761117e-02 -2.245522356510342987e-01 9.741300000000000514e-01
-7.320623021403667163e-01 -4.436411831017790242e-01 5.169790000000000774e-01
-9.548959119246294147e-01 -4.193299613228591155e-02 2.939649999999999208e-01
-8.822994569839118784e-01 -4.701552435152607234e-01 -2.239899999999998489e-02
-4.598212653070053724e-02 2.931958067976326299e-01 9.549459999999999615e-01
1.534940059442870819e-01 9.871690382296109956e-01 -4.400999999999991030e-02
1.295928023540306728e-01 5.526681571087928013e-01 8.232639999999999958e-01
3.090769415663031650e-01 2.479799531172227900e-01 9.181380000000000097e-01
-6.685839269726564504e-01 -3.018659670281190754e-01 6.796119999999999939e-01
-2.397059211533383027e-01 -2.214150034754411023e-01 9.452599999999999891e-01
3.063549070473954306e-01 6.087218153048088443e-01 7.318500000000000005e-01
1.326561030410618180e-01 -8.803886838447886332e-01 4.553220000000000045e-01
-2.139298193532248316e-01 -5.388425449901822484e-01 8.147900000000000142e-01
-8.740611678303124299e-02 -6.769259044385219637e-01 7.308430000000000204e-01
-5.019994294550699648e-04 -5.416033844434254840e-01 8.406339999999999923e-01
8.423777188976904196e-01 4.930438354707659121e-01 2.175030000000000296e-01
-7.109496377603932160e-01 4.361417777791593564e-01 5.516619999999999857e-01
6.750809591172629576e-01 -5.057529693717244257e-01 5.371029999999998861e-01
-5.129303194758360052e-01 -8.334315190982499733e-01 2.056559999999999777e-01
7.292047960376122351e-01 -3.301339076598227562e-01 5.993929999999999536e-01
-2.459149072670501202e-01 8.169166919459034393e-01 5.217019999999999991e-01
