-6.087371056879550268e-01 -1.366507992426375939e-01 7.815149999999999597e-01
-9.847479993275742860e-01 5.841599996011118123e-02 1.638869999999999216e-01
5.758512115696714506e-01 2.019700742044843941e-02 8.173049999999999482e-01
-9.029453893477652482e-01 -2.787691202045387007e-01 3.270740000000000869e-01
5.003149033235920751e-01 8.021058450081912650e-01 3.260539999999999550e-01
-8.094680043632582755e-01 -5.771610031110591121e-01 1.079200000000000298e-01
1.707129219885341886e-01 -6.304057119206143422e-01 7.572619999999999907e-01
-1.502758781052140058e-01 7.789223681848576053e-01 6.088489999999999736e-01
-3.680399658598677015e-01 9.161149150193262924e-01 1.589969999999999162e-01
3.267999653405704447e-02 -9.520758990256680265e-01 3.041110000000000202e-01
4.184509622765059111e-01 -8.816349205203173334e-01 2.182169999999998833e-01
8.296379559891611244e-01 -4.001399787732757424e-02 5.568659999999999721e-01
3.045158682955037555e-01 -9.507595887921590494e-01 5.767400000000003774e-02
-5.226759361303405793e-01 -8.253878991397147757e-01 2.134120000000000184e-01
-3.169090149601359041e-01 -9.340590440935714334e-01 1.646280000000000521e-01
-9.304520292207199006e-01 1.525170047897760062e-01 3.331629999999999869e-01
7.272543408127034592e-01 -4.381976028153055092e-01 5.282839999999999758e-01
-8.532326815090324201e-01 5.158504120291248357e-02 5.189730000000000176e-01
2.752052628040158599e-01 -4.697194485530405417e-01 8.388240000000000141e-01
-5.734413511624861792e-01 -7.237124431850969764e-01 3.839339999999999975e-01
-6.627589157236889461e-01 6.869799126437498016e-02 7.456749999999999767e-01
-8.649391368285761494e-01 3.750760593349533045e-01 3.334640000000000937e-01
1.032380372105557720e-01 -9.892123565463138979e-01 1.039270000000000749e-01
-7.156686226839534815e-01 -2.626238615389944187e-01 6.471839999999999815e-01
4.966201238182289535e-01 4.259551061998987365e-01 7.562609999999999610e-01
-4.487564139574003463e-01 -5.122854725600700654e-01 7.322440000000000060e-01
-4.724951186216475030e-01 5.526501387448620184e-01 6.865320000000000311e-01
-4.329090863522867538e-01 -1.824000363832977978e-01 8.827909999999999924e-01
-3.104999926259139828e-02 -8.705789793245601871e-01 4.910480000000000400e-01
4.785850918973289514e-01 -4.161990799180426137e-01 7.731329999999999592e-01
7.974256748765342628e-01 -2.438242063530690618e-01 5.519619999999999527e-01
6.645555826345622696e-01 2.991902623085142543e-01 6.847269999999999746e-01
-7.641265163294704843e-01 5.450556549951460772e-01 -3.449999999999999178e-01
-3.318307630819311016e-01 -6.738005189248991167e-01 6.602130000000000498e-01
3.115061584300262698e-01 8.801824476551252108e-01 3.581099999999999284e-01
5.362786266843307947e-01 2.244198437762760512e-01 8.136590000000000211e-01
-9.726385709305176430e-01 -1.546009317993922438e-01 1.734150000000000691e-01
6.746695442976428925e-02 -7.658074827389531603e-01 6.395210000000000061e-01
-5.571095190049798473e-01 2.353447968089370790e-01 7.963930000000000176e-01
-2.965899979551325782e-01 8.253409943096092771e-01 4.804649999999999754e-01
8.202762728762650335e-01 1.661348527318189938e-01 5.473080000000000167e-01
9.392999454769447309e-01 -2.823939836080233690e-01 1.948570000000001134e-01
6.202306060227336104e-01 4.989186830813942541e-01 6.053049999999999820e-01
4.605059605425599889e-01 -7.016739398786121518e-01 5.436800000000000521e-01
5.654567706100596114e-01 -5.295337851830064224e-01 6.323389999999999844e-01
3.731628823559743346e-01 -2.865869096500767710e-01 8.823929999999999829e-01
-2.759394313714794711e-01 5.313369050737812849e-01 8.009610000000000340e-01
-8.387345673601630525e-01 2.456261661532828378e-01 4.859960000000000946e-01
-6.100950003186006443e-01 7.037350003675011401e-01 3.640619999999999967e-01
-8.239274807497457553e-01 -4.819022811829979380e-01 2.981840000000000601e-01
7.107039168807025575e-01 9.686198867165320137e-02 6.967910000000000492e-01
9.071306466931339241e-01 -1.705959335567430180e-01 3.847219999999998974e-01
-7.295674515650625302e-01 2.208751367104504482e-01 6.472599999999999465e-01
1.574432780877899063e-01 -3.190345635020926385e-01 9.345740000000000158e-01
6.472002236086246141e-01 7.586322621085570539e-01 -7.489299999999998736e-02
9.004162991008777261e-01 2.248500746908455028e-01 3.724149999999999405e-01
6.502000727279907411e-01 -3.279110366784192543e-01 6.853569999999999940e-01
-7.028171289611245820e-01 1.178248539733535577e-01 -7.015449999999999742e-01
-1.085300056705485322e-01 6.469750338035856752e-01 7.547479999999999745e-01
-3.967989768129207701e-02 -2.702043032503410047e-01 9.619849999999999790e-01
-5.008182806826274591e-01 2.928201641104901526e-02 8.650569999999999649e-01
-4.392638290088088371e-01 8.327056758546322879e-01 3.371179999999999732e-01
-3.228542027090483546e-01 -1.148704279197918648e-02 9.463789999999999702e-01
9.244106912734998405e-01 3.345458882713255311e-01 1.831499999999999517e-01
-1.410429946943314305e-01 -4.258289839814275446e-01 8.937429999999999541e-01
5.907594496990513366e-02 -4.791275536857724782e-01 8.757549999999999502e-01
3.051268941229203779e-01 5.276308169154831917e-01 7.927819999999999867e-01
-1.365240647624282877e-01 -7.403793512110831143e-01 6.581789999999999585e-01
-1.333924534386709271e-01 -5.344838374181264118e-02 9.896209999999999729e-01
-1.703400494582867353e-01 -9.292642698121715839e-01 3.277990000000000070e-01
-2.822187228057005878e-02 3.063826134508603194e-01 9.514899999999999469e-01
5.640412278034985238e-01 6.715612712284129149e-01 4.804820000000000202e-01
3.763238077504169055e-01 -5.978976945567086032e-01 7.077419999999999822e-01
7.668904020169140523e-01 3.631461903673725011e-01 5.291540000000000132e-01
-2.332424391358172144e-01 3.542536669689878015e-01 9.055950000000000388e-01
9.603797562625475404e-02 6.134938442996888952e-01 7.838380000000000347e-01
3.936300041590310439e-01 9.037020095483694337e-01 1.684579999999999966e-01
2.311200642982053077e-01 -9.352522601896204879e-01 2.681169999999999387e-01
-4.681199917244734943e-01 7.136939873831632530e-01 5.210609999999999964e-01
8.605543105745075971e-01 -4.768721721034200889e-01 1.789950000000000152e-01
-2.287020338482731452e-01 -8.319251231262723145e-01 5.055650000000001532e-01
3.471460679051062703e-01 3.428340670616375485e-01 8.729000000000000092e-01
5.815671373231806607e-01 8.038911898196924311e-01 1.246539999999999454e-01
-6.407787676050075154e-01 -4.472028378103250490e-01 6.240289999999999448e-01
7.252808861107791216e-01 -6.602798963177379798e-01 1.949310000000000209e-01
-7.530794197794744571e-01 5.473403050969389838e-01 3.650889999999998858e-01
-8.563702193384069572e-01 4.885891251402231794e-01 1.670649999999999080e-01
1.014610134263120439e-01 9.151031210953799455e-01 3.902460000000000373e-01
1.817020137717677841e-01 9.612510728562461138e-01 2.073180000000000855e-01
-3.822899945876801625e-02 9.671339863076788834e-01 2.513769999999999616e-01
-1.063759927567125146e-01 -9.847579329464799525e-01 1.376079999999999248e-01
5.479981027788134451e-01 -2.005960376224344976e-01 8.120709999999999873e-01
-7.617555206589551320e-01 -6.123696146612876701e-02 6.449639999999999818e-01
-7.157878657214549190e-01 -5.546898959427009057e-01 -4.242250000000001298e-01
8.116055138247360023e-01 -5.841173698027529726e-01 1.016799999999995312e-02
-6.104914803577548010e-01 3.993816600516317816e-01 6.839549999999999796e-01
4.201839118563575615e-01 -5.957884570960392950e-02 9.054809999999999803e-01
-6.819305280749315967e-02 4.874783774946274129e-01 8.704680000000000195e-01
-5.404802184434090995e-01 -6.130542477753211372e-01 5.762340000000000240e-01
8.094329476554050773e-01 5.479919645623303470e-01 2.110049999999999426e-01
-7.050321299045452239e-01 -6.634851222493692857e-01 2.504339999999998789e-01
-3.181278102521379880e-01 6.797645945532759804e-01 6.608439999999999870e-01
-7.312980561826493142e-01 6.543090502678980958e-01 1.925690000000000179e-01
-4.267030761431405139e-01 3.924420700294263264e-01 8.148090000000000055e-01
-5.679909838113891274e-01 8.027699771198288925e-01 1.815119999999999234e-01
1.925099901545913317e-01 8.241749578497753470e-01 5.326120000000000854e-01
6.028960960670515234e-02 -9.850072838548500076e-02 9.933089999999999975e-01
8.841310552409880064e-01 4.657630291011267687e-01 3.710899999999993371e-02
9.690083068559640633e-01 2.469350781969576192e-01 6.779999999999984824e-03
1.344705931550792093e-02 1.094984830021183825e-01 9.938960000000000017e-01
4.633719396422185111e-01 8.858118846161459059e-01 -2.497500000000003884e-02
2.693300152800281455e-01 -7.513800426284023004e-01 6.024030000000000218e-01
2.505186862460099251e-01 -1.441883949753697547e-01 9.573139999999999983e-01
1.394933101105800821e-01 4.404599791960598365e-01 8.868690000000000184e-01
-9.349351252138108359e-01 -5.604800750638684603e-02 3.503639999999999532e-01
9.992579041563151021e-01 3.558199658715768127e-02 1.474999999999990381e-02
8.542564692284234651e-01 -3.629341993535294963e-01 3.721889999999999921e-01
-1.878053439244564138e-01 1.569401230546754733e-01 9.695869999999999767e-01
2.164144627011636568e-01 5.547886226092395984e-02 9.747240000000000348e-01
-6.984089517984392037e-01 -5.610159612807869012e-01 4.443939999999999557e-01
6.675718584894144714e-01 6.913958534392501409e-01 2.762600000000000611e-01
3.606100270357574800e-02 9.977280748019535794e-01 5.690600000000005376e-02
4.880761159285924577e-01 -8.727962073079025274e-01 -2.913000000000045761e-03
9.230479949056792366e-01 2.757799984779645691e-02 3.836949999999998973e-01
9.764974109404956915e-01 -7.860495258257330087e-02 2.006840000000000845e-01
-7.910531760754838659e-01 -3.770110839164936833e-01 4.817649999999999988e-01
-9.457629895815743426e-01 2.783729969334724497e-01 1.674539999999999085e-01
4.486361074976153440e-01 6.081701457235368924e-01 6.548699999999999521e-01
-4.174221510213677599e-01 -7.563332736378154397e-01 5.037049999999999583e-01
2.549631507530200625e-01 6.904964082724056595e-01 6.769110000000000404e-01
3.849897924960174467e-01 1.436559225715158261e-01 9.116720000000000379e-01
3.663651779549132459e-01 -8.328044045188909283e-01 4.149860000000000770e-01
9.152673355802808386e-01 3.755001376761047949e-01 -1.458950000000000247e-01
6.322550177652513925e-01 -6.229740175044716777e-01 4.606049999999998756e-01
-3.478457590424883228e-01 -3.806197363395061872e-01 8.568149999999999933e-01
-2.406252992414742442e-01 -2.257843424618964090e-01 9.439920000000000533e-01
-7.560904233457428625e-02 8.842044950786264179e-01 4.609400000000000164e-01
1.784976536469608244e-01 2.523839242137454475e-01 9.510210000000000052e-01
-3.795209414661050995e-01 1.995214435084138593e-01 9.034130000000000216e-01
-1.762389128702928909e-01 9.792265158860320451e-01 1.002760000000000734e-01
2.536589792168472135e-01 9.670669207648802113e-01 2.094500000000003997e-02
-2.297690148227519713e-01 9.219030594733819139e-01 3.119310000000000693e-01
3.890027587840558798e-01 7.621405274058017376e-01 5.175119999999998610e-01
-7.415098761400900074e-01 4.157539305535287721e-01 5.266039999999999610e-01
-6.763068920738120049e-01 7.364468824765715294e-01 1.596799999999993017e-02
-3.724460442572596897e-01 -8.628131025269141219e-01 3.418150000000000355e-01
-8.501880673498545260e-01 -1.744010138156290579e-01 4.967539999999999734e-01
5.559162607204179984e-01 -7.562783546886875374e-01 3.449639999999999929e-01
-6.171297765700402005e-01 5.750597918013503618e-01 5.370819999999999483e-01
9.219508149476232095e-01 -3.872729222672472993e-01 5.136000000000028563e-03
-4.079197175986563201e-02 -6.208075702171667043e-01 7.829009999999999581e-01
-2.400190266878476919e-01 -5.615280624366144613e-01 7.918819999999999748e-01
9.836906618433531868e-01 -1.793319383522795352e-01 1.388300000000008624e-02
9.720784050823197964e-01 1.294800539566359765e-01 1.956999999999999851e-01
4.413497979100598767e-02 7.666596489537241821e-01 6.405349999999999655e-01
1.693709730504460720e-01 -8.705288614853301521e-01 4.620529999999999360e-01
5.877733405526117672e-01 -7.942464601819914094e-01 1.539319999999999022e-01
8.403738444010815378e-01 4.132459234856972752e-01 3.507130000000000525e-01
7.434621753111417819e-01 6.652471568677500446e-01 6.863099999999994205e-02
-5.418419962879734708e-01 -3.321209977247206457e-01 7.720770000000000133e-01
