6.099855061896919395e-01 3.692083063834090684e-01 7.011439999999999895e-01
7.567281991036738376e-01 -2.458780646932757219e-01 6.057280000000000442e-01
2.198861340434553058e-01 -1.307396742784059929e-01 9.667249999999999455e-01
-2.459239866061738167e-01 -7.631179584380952674e-01 5.976390000000000313e-01
6.490970212353246449e-01 7.392640241851543559e-01 1.793370000000000797e-01
5.945270087730071262e-01 -3.742410055224050791e-01 7.116749999999999465e-01
-1.115795395558256096e-02 -2.454619870764616629e-01 9.693420000000000369e-01
-4.906052795554421420e-01 -8.713594965158332206e-01 -6.251999999999955510e-03
-5.666997701033442691e-01 5.829897634948806306e-01 -5.822149999999998160e-01
4.251362983469944568e-01 -2.527775828110856993e-01 8.691159999999999997e-01
-7.271338107739737655e-01 6.765368239411058138e-01 -1.165090000000000292e-01
-7.912509381557397692e-01 1.862969854390070790e-01 5.824219999999999953e-01
9.516359760579474747e-01 -2.816579929138130489e-01 1.227100000000000829e-01
-5.784150900704658760e-01 8.156071270058734557e-01 1.486600000000005625e-02
-2.308610372585930548e-01 3.833060618616493387e-01 8.943039999999999878e-01
3.601450343736263271e-01 -6.813720650327687034e-01 6.372029999999999639e-01
-9.047469951047070191e-01 2.215159988014486769e-01 3.638179999999999747e-01
-8.111801020989304334e-01 -2.521020317307434699e-01 5.276659999999999684e-01
-6.764206869859973326e-01 -7.344946601122376295e-01 5.452199999999999408e-02
9.210216054714791545e-01 3.747868394564290995e-01 1.060849999999999155e-01
-6.754595838406274311e-02 -6.742005846163131588e-01 7.354530000000000234e-01
-8.210099951189130385e-01 -5.701439966103674095e-01 -2.963799999999994911e-02
-4.713041132055165172e-01 -4.383091052802366994e-01 7.653480000000000283e-01
-9.591952444369858943e-01 2.538900647001979816e-01 1.244359999999999494e-01
-4.616851998053521644e-01 -6.383662762683286473e-01 6.159019999999999495e-01
-4.240332210467309126e-01 -2.260805846877041447e-01 8.769740000000000313e-01
7.688620842354564333e-01 2.105200230642797696e-02 6.390679999999999694e-01
3.734497786393086577e-02 7.002685849189170808e-01 7.129020000000000357e-01
-4.075788652438993576e-01 -8.055707336575077537e-01 4.300410000000000621e-01
-6.580184504116339816e-01 -4.779846007790124474e-01 5.818440000000000278e-01
2.157995525452428565e-01 3.425008769583997026e-01 9.143980000000000441e-01
-2.360392993527366812e-01 -3.603139304621306716e-01 9.024739999999999984e-01
1.356018730659084015e-01 -7.519102961524181117e-01 6.451689999999999925e-01
-1.834179638985002914e-01 6.118948795629265414e-01 7.693780000000000063e-01
2.134381101372243295e-01 9.270074783495816373e-01 3.083850000000001312e-01
-1.949330681549728550e-01 -9.116173187312145432e-01 3.618770000000000042e-01
-1.167370019974587197e-01 8.085540138349728290e-01 5.767259999999999609e-01
9.988253339318655666e-01 -4.691801568584614418e-02 1.211000000000007210e-02
-4.106970538594443276e-01 8.864711162531877520e-01 2.132999999999999896e-01
-3.303604419966411215e-02 -4.761616370673280585e-01 8.787369999999999903e-01
-6.191363308413740940e-01 3.773552016433329714e-01 6.886750000000000371e-01
-5.683905474940798008e-01 5.821515365387094354e-01 5.814049999999999496e-01
6.171220880836071343e-01 -1.250830178534582116e-01 7.768620000000000525e-01
4.362948999513298620e-01 -7.314998322566103675e-03 8.997739999999999627e-01
5.200973257860364019e-01 6.000993758988701909e-01 6.077660000000000284e-01
-4.387723719198460270e-01 2.773332350780055577e-01 8.547310000000000185e-01
-1.876359359872414867e-01 9.668066701699941090e-01 1.734289999999999721e-01
2.997522359267459358e-01 6.958695476997944773e-01 6.526210000000000067e-01
-4.506200569552242657e-02 -9.912821252911285796e-01 -1.238109999999999905e-01
4.447762632572388464e-01 8.617325100481746381e-01 2.441129999999999967e-01
-9.793705792541216315e-01 -1.899259184062203898e-01 6.900300000000009204e-02
5.973087370377571093e-01 6.927606950155006382e-01 4.041100000000000247e-01
6.176064543811340402e-01 1.334430981758300272e-01 7.750839999999999952e-01
-7.618000345176373367e-01 -6.053490274287443018e-01 2.306800000000000794e-01
-6.267716324842024234e-01 1.544769094204307136e-01 7.637369999999999992e-01
7.155863820414781751e-01 4.874012602166594710e-01 5.003759999999999319e-01
-8.606646048957302675e-01 4.405217977701857968e-01 2.553369999999999806e-01
-9.249223555427188437e-01 -2.223000854527692471e-01 3.083850000000001312e-01
-1.149909835347109471e-01 -9.855418588825741733e-01 1.244359999999999494e-01
8.692339182335372394e-01 3.523999668506967997e-01 3.467660000000000742e-01
4.575912187781738805e-01 -7.749133704925379451e-01 4.360270000000000534e-01
2.290849754215864564e-01 -8.586829078723362541e-01 4.584579999999999766e-01
4.308014126271909605e-01 2.396566732419874723e-01 8.700430000000000108e-01
5.374897947075039234e-02 -9.513426366377430998e-01 3.034110000000000418e-01
1.263119654091666988e-01 -9.895877289990379078e-01 6.900300000000009204e-02
-7.071992973482476019e-01 5.957662504952296878e-01 3.806990000000000651e-01
-2.786600417701130816e-02 9.310531395614359829e-01 3.638179999999999747e-01
1.950270411766388545e-01 5.553251172474423791e-01 8.084419999999999940e-01
2.028946533350996784e-01 -3.623981669476677991e-01 9.096710000000000074e-01
4.124462802091086733e-01 4.691303187192971125e-01 7.809000000000000385e-01
-3.332200114216013476e-02 -8.542830292817960025e-01 5.187389999999999501e-01
1.741207528357175960e-01 -5.743381847273634211e-01 7.998859999999999859e-01
3.823440673645923105e-01 8.001861409835213657e-01 4.620770000000000710e-01
9.744845739587283395e-01 -1.633900962346396951e-02 -2.238590000000001135e-01
-4.096514336945786261e-01 5.062673001320312505e-01 7.588669999999999582e-01
8.826144523904732031e-01 -4.700972409517685247e-01 5.589999999999323808e-04
-8.993740945630651629e-01 -4.110120432151189718e-01 1.489809999999999746e-01
-2.660150313304942560e-01 8.736501028960256265e-01 4.073960000000000359e-01
9.657077358203196571e-01 -7.494697949745213195e-02 2.485789999999999389e-01
9.017520163481921314e-01 1.288490023359506742e-01 4.126030000000000530e-01
8.303511096244321488e-01 -5.029400663990433173e-01 2.399339999999999251e-01
-0.000000000000000000e+00 -0.000000000000000000e+00 1.000000000000000000e+00
7.833217944217345519e-01 5.594878531656551912e-01 2.708879999999999622e-01
3.041479854040260444e-01 -9.199849558501880242e-01 2.472279999999999200e-01
-4.118998815106419964e-01 4.085008742363965828e-02 9.103130000000000388e-01
-7.700008381221546960e-01 4.031389152478080384e-01 4.945479999999999876e-01
8.819745784754712270e-01 -3.062152008425037542e-01 3.582639999999999714e-01
-1.680007497977388075e-04 2.468841018590463565e-01 9.690450000000000452e-01
-2.741458186522383600e-01 -5.688916236775629631e-01 7.753750000000000364e-01
-4.819100266486417428e-01 7.582270419284090623e-01 4.391519999999999868e-01
-6.245784882854665820e-01 -6.538734642842154443e-01 4.270259999999999612e-01
-1.524600652493775764e-02 4.763012038458873110e-01 8.791499999999999870e-01
-6.635525672043753875e-01 6.572325713265303460e-01 -3.574119999999999520e-01
-6.086630529889089924e-01 7.560410658193247313e-01 2.406889999999999030e-01
-3.632600202301666803e-01 9.314700518741216850e-01 -2.014199999999995161e-02
-8.943942367709424301e-01 -1.517500401724421362e-02 4.470219999999999749e-01
-5.525919753978871807e-01 -7.966439645323755148e-01 2.449500000000000566e-01
3.979334262902687880e-01 -4.833863030908998604e-01 7.797349999999999559e-01
7.664089979679252762e-01 -6.309719983270261068e-01 -1.203810000000000019e-01
5.284840059440985005e-01 -8.212650092371389654e-01 2.150080000000000047e-01
-2.751819953791089235e-01 -9.590469838955608672e-01 -6.711000000000001686e-02
-3.387529625126715072e-01 7.084549216004421002e-01 6.191429999999999989e-01
-9.715647635244920588e-01 -1.567409618497913604e-01 -1.774659999999999849e-01
8.776232708970591601e-01 -9.848891817837758522e-02 4.691240000000000410e-01
7.437760687561729700e-01 -4.586820424015011777e-01 4.862179999999999835e-01
1.351369763516412636e-01 8.390348531727008785e-01 5.270280000000000520e-01
7.623355328890089044e-01 4.597397183005826060e-02 -6.455469999999998709e-01
-3.475308897289735022e-01 -9.195527082273142749e-01 1.834259999999999224e-01
2.242947156803723474e-01 1.083973793126984109e-01 9.684739999999999460e-01
-5.876547136735751353e-01 -7.392108977300299033e-02 8.057279999999999998e-01
-2.199808059705209429e-01 -1.110473972480221228e-01 9.691629999999999967e-01
-8.084078780842062217e-01 -4.417449333805550937e-01 3.890220000000000899e-01
-2.129610327506446799e-01 1.473690226634442879e-01 9.658830000000000471e-01
7.763078752743285404e-01 2.569599587154731135e-01 5.756019999999999470e-01
-6.465488722051019321e-01 -2.805869445400316908e-01 7.093979999999999730e-01
