-9.105285399008161695e-01 3.157218404625944386e-01 2.669409999999999838e-01
8.173227842202325233e-01 6.790198207333236757e-02 5.721650000000000347e-01
8.999351700791901054e-01 2.888360545872678542e-01 -3.266349999999999532e-01
-3.117930569584539957e-01 -6.511751189568764087e-01 6.919220000000000370e-01
6.595383641777350370e-01 3.600831988273782147e-01 6.598100000000000076e-01
-5.133891695578153280e-01 -8.035792653993361068e-01 3.011510000000000575e-01
-9.657877508041127212e-01 1.545319601271306909e-01 2.082640000000000047e-01
-6.157238985024620082e-01 -4.207489306426456244e-01 6.662240000000000384e-01
-2.176404125392492894e-01 2.371383599098747519e-01 9.467830000000000412e-01
-4.923579927399886480e-01 8.330329877166026131e-01 2.522690000000000765e-01
-5.979410307001629260e-02 -3.569416152776981321e-01 9.322110000000000118e-01
1.548500413924227062e-02 7.793142083157522659e-01 6.264420000000000543e-01
9.809388962656176991e-01 -1.107849882844768596e-01 1.596420000000000894e-01
-8.274488735826248664e-01 4.700699281828664144e-01 3.071849999999999858e-01
9.379979102115174605e-01 -8.730299164304840265e-02 3.354670000000000707e-01
7.879063445186655912e-01 -2.311241010609540181e-01 5.707759999999999501e-01
3.199879154502958678e-01 9.259807553301387939e-01 2.004179999999999851e-01
-8.475093542331922636e-02 -9.112183056896258071e-01 4.031109999999998861e-01
-5.605820381751058790e-01 -9.094300619313262779e-02 8.230899999999999883e-01
-4.054729981678784762e-02 2.425187932440854566e-01 9.692990000000000217e-01
-1.391196042555781776e-01 8.158652726260164079e-02 -9.869090000000000362e-01
3.577239486587947548e-01 7.155408973042420850e-01 6.000290000000000346e-01
-6.158433240582246171e-01 3.303051738073694565e-01 7.152870000000000061e-01
-6.565963233572160718e-01 4.551122241313523276e-01 6.014599999999999946e-01
8.260614451939031211e-01 -5.396562908399755720e-01 1.624609999999999110e-01
-9.012930453604016678e-01 -1.368460068872047464e-01 4.110280000000001155e-01
9.075865942481385895e-01 6.793796962718730292e-02 4.143319999999999226e-01
6.286571958272908489e-01 -7.317042279265354443e-01 2.634369999999999212e-01
-7.537090815020273116e-01 4.702090508458660612e-01 4.591580000000000661e-01
-9.620980217790910949e-01 2.628400059499307329e-01 -7.268100000000005112e-02
-1.489700625352301244e-01 -9.836894129369542217e-01 1.008120000000000405e-01
3.134925691958496685e-01 -1.011878609467823237e-01 9.441840000000000233e-01
-4.176355350216957862e-02 -6.638011147076630647e-02 9.969200000000000284e-01
4.916550840233167574e-01 -6.736081151188910709e-01 5.518399999999999972e-01
-3.101489358966554866e-01 -9.431638050615450686e-01 1.193719999999999920e-01
4.122228332340000523e-01 5.850127633313086939e-01 6.984500000000000153e-01
1.161820002190812468e-01 8.599700016216225151e-01 4.969439999999999413e-01
6.209623293597148486e-01 2.124761126977734171e-01 7.544929999999999692e-01
5.241062881636163739e-01 6.324003477057523748e-01 5.704230000000000134e-01
5.716650929844507845e-01 -4.128180671471141649e-01 7.090699999999999781e-01
-3.234897974041573976e-01 7.543105275888817296e-01 5.712880000000000180e-01
8.719350188243180089e-01 4.800860103646389931e-01 9.615999999999989833e-02
-1.308005119438409858e-01 9.003466405351429058e-02 9.873119999999999674e-01
4.839258563460901996e-01 -7.088187895863815591e-01 -5.132170000000001453e-01
1.723779529989474257e-01 -9.751447341143224534e-01 1.392070000000000807e-01
4.851857503175969755e-01 8.547815601191631751e-01 1.842370000000000674e-01
-4.619618913746696420e-01 -8.766637938620129855e-01 1.343570000000000320e-01
9.258730414485035753e-01 2.113110094597474564e-01 3.132200000000000539e-01
2.928781512388901054e-01 8.241124255621254946e-01 4.848310000000000120e-01
-8.441403081129345010e-01 3.233781180336727790e-01 4.276139999999999386e-01
6.570682001617155210e-01 5.110601556835004944e-01 5.541469999999999452e-01
9.605661938601357530e-01 1.434590289527020446e-01 -2.381850000000000078e-01
9.474348581525116053e-01 3.181649523651689515e-01 3.373800000000010818e-02
-6.982736097184423230e-01 -1.136529364766984268e-01 7.067510000000000181e-01
-1.745111002412813861e-01 -5.798403330672828870e-01 7.958210000000000006e-01
9.327349129489389545e-01 -2.517059765085749024e-01 2.581659999999998956e-01
-7.246371979354848669e-01 -6.718281835106419964e-01 1.534530000000000893e-01
-3.472998097187640631e-01 5.099047206295606038e-01 7.870070000000000121e-01
4.649198968316111125e-01 7.545018325717202101e-01 4.632239999999999691e-01
1.351272586440905865e-01 2.292687421506323375e-01 9.639379999999999615e-01
-3.938316887659661369e-01 -7.954773515158733432e-02 9.157340000000000479e-01
-6.503836803383898912e-01 -6.946696585719654982e-01 3.073029999999999373e-01
3.089038066070285971e-01 -5.537896532932765625e-01 7.732369999999999521e-01
8.143225260166423451e-01 -5.803933749086689353e-01 -4.727999999999892879e-03
2.912371185380964178e-01 -9.566493893713761132e-01 1.699000000000088894e-03
-9.980524702837115791e-01 -2.574401213061447424e-02 -5.682000000000010653e-02
-2.374449645486500227e-01 -9.699728551797159870e-01 -5.265499999999993103e-02
-2.282900445149558394e-02 -9.705681892539821387e-01 2.397419999999999829e-01
5.410103151493275142e-01 4.886062846229317636e-01 6.845229999999999926e-01
2.259541715513813942e-01 6.071504609673705061e-02 9.722439999999999971e-01
-6.996909876225302360e-01 -5.743049898405969689e-01 4.249780000000000779e-01
-3.108673094574039286e-01 7.874133167984093129e-02 9.471859999999999724e-01
-5.607690788007075877e-01 8.230281156540193432e-01 9.034799999999997000e-02
-6.050742804175085476e-01 -2.573486939489573189e-01 7.534300000000000441e-01
-7.993802926180994251e-02 6.680712445516107101e-01 7.397909999999999764e-01
-3.218271561606860232e-01 8.987704361117611063e-01 2.977230000000000154e-01
3.647639952110559025e-01 -7.810759897453440903e-01 5.068209999999999660e-01
9.502273512965295765e-01 -2.953051091735149902e-01 -9.931199999999988648e-02
5.341789924798916456e-01 -2.636835026640228508e-01 8.031960000000000210e-01
4.780996914053192159e-01 -1.089019297080570381e-01 8.715279999999999694e-01
-3.997831083598116786e-01 6.275421700931077540e-01 6.681049999999999489e-01
8.642803667285310631e-02 6.604232802285788795e-01 7.459029999999999827e-01
6.916699335156319961e-01 7.221739305835411793e-01 7.583999999999916329e-03
8.044117933785644992e-01 -3.696899050413489096e-01 4.650280000000000524e-01
-1.215072552084301843e-01 3.926848247777262046e-01 9.116109999999999491e-01
-7.817422725645734038e-01 -5.654271971435191890e-01 2.630039999999999045e-01
-1.459440406800218415e-01 -7.143401991131314022e-01 6.844109999999999916e-01
7.719507849597254667e-01 6.233928263431203209e-01 1.243920000000000997e-01
-7.252918126137557486e-01 6.763378252614978825e-01 -1.285260000000000846e-01
9.726743288783813446e-01 1.868960631928621163e-01 1.377480000000000926e-01
-1.350437830792032001e-01 -2.171936511218896526e-01 9.667419999999999902e-01
2.246129997167958803e-01 -8.649939989093695658e-01 4.487030000000001295e-01
-4.915298515130290258e-01 -3.970098800667050676e-01 7.751010000000000399e-01
9.908429282980864006e-01 7.114999485126185207e-03 -1.348320000000000074e-01
4.017022167258941234e-01 9.150584936912518064e-01 3.610099999999998727e-02
-4.567137318386965128e-01 3.476297958877679894e-01 8.188809999999999700e-01
2.520418813913427036e-01 6.324827023592917152e-01 7.324209999999999887e-01
3.961457953689411782e-01 8.534295591567642170e-01 3.387130000000000418e-01
5.177493217955401184e-01 3.584282227730654635e-01 7.768300000000000205e-01
3.807153628787219302e-01 3.356664382674012792e-01 8.616169999999999662e-01
-4.440241086330577458e-01 -6.832291671559539425e-01 5.796900000000000386e-01
-8.257797837085358861e-01 1.715009550798005378e-01 5.372850000000000126e-01
-7.728575592408108985e-01 2.995798291501966179e-02 6.338719999999999910e-01
-7.513480292959742179e-01 3.186880124260337288e-01 5.778529999999999500e-01
-2.508380252345687178e-01 -8.688010874023016639e-01 4.269250000000000544e-01
-5.966998070626869932e-01 -5.688198160774219359e-01 5.660330000000000084e-01
2.211701365312945533e-01 9.083485607357609792e-01 3.549459999999999837e-01
8.529194044153418641e-01 3.683781746680690472e-01 3.699000000000000621e-01
-3.910535613388101961e-01 2.158407578823644812e-01 8.947009999999999685e-01
4.010703960961750081e-01 4.599093075006465553e-02 9.148920000000000385e-01
3.424583444682719469e-01 4.836704865092043004e-01 8.054719999999999658e-01
-5.057172504951633618e-01 4.715132335530067831e-01 7.224439999999999751e-01
-3.969240546984225682e-01 9.086331252148821536e-01 1.297580000000000122e-01
9.860226218744450044e-01 1.597989387193954336e-01 -4.715599999999997571e-02
4.639708302704839693e-01 -5.564127964534223425e-01 6.893010000000000526e-01
-1.982509838438361871e-01 -9.428049231675399433e-01 2.679840000000001110e-01
-7.219738478756906330e-01 6.116198711279492439e-01 3.235350000000000725e-01
-5.582056700294343310e-01 1.977882374105960073e-01 8.057830000000000270e-01
3.391431870142375127e-01 -6.790713744613491309e-01 6.510329999999999728e-01
6.708477803974598475e-01 -2.533089170791299471e-01 6.969919999999999449e-01
8.708634162684938396e-01 4.342442075666272938e-01 -2.302800000000000680e-01
4.993071815570509497e-01 -8.390033050766571021e-01 2.162539999999999740e-01
2.000159713102165893e-01 -7.783098883612045160e-01 5.951699999999999768e-01
-1.815389049501096863e-01 5.322887213050030430e-01 8.268689999999999651e-01
3.819866406481474130e-01 -2.615387539588410748e-01 8.863879999999999537e-01
6.008100049184406100e-01 7.859190064338075210e-01 -1.461460000000000259e-01
9.025837864117511877e-01 -4.302788981784098632e-01 1.423299999999989331e-02
-5.470932133980985768e-01 5.812592267248259947e-01 6.023509999999999698e-01
-9.694703695662535425e-01 -5.157601966099947116e-02 -2.397229999999999361e-01
-8.125230302379348180e-01 -1.284980047820358795e-01 5.685900000000000398e-01
9.489853421809797407e-01 -1.175500423856796171e-02 -3.151010000000000200e-01
-2.010440952708395512e-01 -4.205921993103647893e-01 8.846939999999999804e-01
-6.298399188860301368e-02 -9.957768717588174612e-01 -6.679399999999996451e-02
4.872983702957312674e-02 8.260841896000219176e-02 9.953899999999999970e-01
2.748700995755208598e-02 -7.613892758238675063e-01 6.477119999999999544e-01
8.390940226462972884e-01 -4.388220118433613925e-01 3.214910000000000267e-01
-3.368543509601755748e-01 -5.139600097188484762e-01 7.889070000000000249e-01
-6.839994065240091389e-04 -6.433284418124322057e-01 7.655899999999999928e-01
2.060400430497464838e-02 -9.962072081462775008e-01 8.453799999999991877e-02
6.361667931343684135e-01 7.534147550082447298e-01 1.663070000000000381e-01
9.034542735408689351e-01 -3.899501180660685518e-01 1.780710000000000903e-01
-5.579498383120281568e-01 -6.968857980498538440e-01 4.506019999999999470e-01
-6.496965728059350687e-01 7.306755195599633490e-01 2.097799999999999943e-01
8.804362151565788830e-01 -2.371560579550059666e-01 4.105960000000000720e-01
-9.099913039503452206e-01 1.690140564531555645e-01 3.786160000000000636e-01
8.616698498895154490e-01 -8.357498544050072364e-02 5.005399999999999849e-01
-8.251372426572400887e-01 -2.853950839292904162e-01 4.875430000000001152e-01
-2.838407730858811817e-01 -7.709873836406204717e-01 5.700990000000000224e-01
5.041403407502818151e-02 3.901502637039758747e-01 9.193700000000000205e-01
-1.172609785716179076e-01 -8.251068492191945269e-01 5.526739999999999986e-01
6.270685871439474202e-01 -1.039649315504681260e-01 7.719949999999999868e-01
5.539966779926901452e-01 8.322385162662585545e-01 2.160399999999993229e-02
-3.518844877858937070e-01 -3.616684735440169884e-01 8.633499999999999508e-01
-4.253199058211680483e-02 9.776457835193290702e-01 2.059120000000001227e-01
5.490402904971283804e-02 -8.583924541753079618e-01 5.100470000000000281e-01
6.031531388641501179e-01 -7.931151825991752391e-01 8.470299999999991725e-02
4.607719891590545402e-01 -8.868169791351585562e-01 3.528200000000009801e-02
7.087720954611265167e-01 6.453590869203313929e-01 2.848750000000000449e-01
-5.756528042378082910e-01 7.318157511314904440e-01 3.647870000000000834e-01
7.499483583826119792e-01 2.169561036781990082e-01 6.249059999999999615e-01
4.833345727765017696e-01 -6.088394618416737014e-02 -8.733159999999999812e-01
7.508902591112536218e-01 5.168821783616014409e-01 4.110919999999999574e-01
6.255098987364157148e-01 6.483668950361043404e-01 4.340020000000000544e-01
1.642907350194319771e-01 5.207801600462279579e-01 8.377329999999999499e-01
-4.083798621545469132e-01 8.150157248977673019e-01 4.110660000000000425e-01
8.771672111280685025e-01 -4.567381099336975669e-01 -1.482159999999999311e-01
3.531560987061063139e-01 -9.212912574982370373e-01 1.627980000000000815e-01
-7.066718410725163491e-01 1.848539584271331193e-01 6.829669999999999908e-01
-7.229248573364154273e-01 -4.334149144689455335e-01 5.380809999999999205e-01
-7.256179064364453035e-01 -2.762909643741359722e-01 6.301919999999999744e-01
9.140001517624626315e-01 3.493450580059709876e-01 2.063050000000000717e-01
1.440019884107172909e-01 9.660849222494674038e-01 2.143440000000000900e-01
-8.098800821475554690e-01 -4.358650442105548306e-01 3.925760000000000360e-01
-2.382190397376044433e-01 8.553911426888248792e-01 4.599540000000000295e-01
-4.650003809467977423e-01 -2.288971875216754825e-01 8.552079999999999682e-01
6.986525775566027052e-01 6.414296121567239495e-02 7.125799999999999912e-01
2.733091370123880703e-01 -4.080302045493002239e-01 8.710989999999999567e-01
-2.919686635587775414e-01 -2.259545135280579542e-01 9.293540000000000134e-01
3.067227933410681673e-01 2.004128649689247144e-01 9.304599999999999538e-01
7.421420469456988522e-01 -5.995070379230322821e-01 2.996940000000000159e-01
3.756700368194224038e-01 -8.613860844244547454e-01 3.418859999999999677e-01
2.192926819379492909e-01 3.707784622230117511e-01 9.024600000000000399e-01
6.421566962277907020e-01 -4.761805162760285315e-02 -7.650929999999999120e-01
1.879110047499002734e-01 7.590030191856176334e-01 6.233809999999999629e-01
-6.225399613815400801e-02 8.701229460230495150e-01 4.888870000000000160e-01
-2.917792074362484667e-01 3.776102684566120526e-01 8.787920000000000176e-01
6.235303040379607253e-01 -6.531453184784595800e-01 4.296640000000000459e-01
8.232550464656901434e-01 5.058310285498254233e-01 2.576549999999999674e-01
-7.796942161630836532e-01 6.032531672464178651e-01 1.678170000000000772e-01
3.887499585403544899e-02 9.334289004510996079e-01 3.566499999999999115e-01
-1.257119916287748884e-01 9.909459340124096016e-01 4.714500000000010349e-02
-6.994637878469308623e-01 7.133307836409582547e-01 4.369899999999993234e-02
5.627504922544238619e-01 4.558395887155359399e-02 8.253690000000000193e-01
4.699401780774260101e-02 -2.232750846070505613e-01 9.736219999999999875e-01
4.793669310263916072e-01 1.920119723723983929e-01 8.563520000000000021e-01
7.675052594121358762e-01 3.719141257047252069e-01 5.221259999999999790e-01
-1.561439767093418807e-01 7.774688840316327232e-01 6.092300000000000493e-01
-4.099997397417688427e-01 -7.970204940700594820e-01 4.434620000000001339e-01
1.727259575017167648e-01 -6.682948355696870513e-01 7.235660000000000425e-01
8.424104930678015524e-02 -9.318595454228564279e-01 3.529039999999999400e-01
2.305129917904285841e-01 -9.309389668452093813e-01 2.832250000000000045e-01
5.066657986188142226e-01 -7.681906946722012464e-01 3.913730000000000819e-01
-2.992497577787914601e-02 -5.074065892907710928e-01 8.611870000000000358e-01
2.182397784578752331e-01 -2.478276128474336260e-01 9.439030000000000475e-01
-2.432029850783924141e-01 6.567629597046100720e-01 7.138029999999999653e-01
7.543247168369365818e-01 -8.458996824609613108e-02 6.510289999999999688e-01
6.981283584489712535e-01 -3.964882035740089905e-01 5.961659999999999737e-01
-1.030999592968232480e-02 5.363447882546542589e-01 8.439360000000000195e-01
-9.449869792438876370e-01 -2.909039936104558244e-01 1.495810000000001028e-01
-6.432962234592162210e-01 6.057132104041565990e-01 4.682750000000000523e-01
3.622821031058833796e-01 8.867242523626936990e-01 -2.871790000000000176e-01
-8.762869690353617402e-01 1.811099936002633776e-02 4.814490000000000158e-01
-4.749449073731012438e-01 -5.495558928219734796e-01 6.873249999999999638e-01
-2.211018806512389245e-01 -6.350354014923398349e-02 9.731809999999999627e-01
4.287753908207220799e-01 -4.164843796176960766e-01 8.016809999999999770e-01
-9.912111658127947811e-01 1.288090215475618805e-01 3.014400000000009433e-02
8.504264354907231649e-01 2.220838525817286635e-01 4.769209999999999838e-01
-2.268589902696965255e-01 9.580169589092949467e-01 1.753240000000000631e-01
8.932007504860872693e-01 4.440438759571967986e-01 -7.083399999999988317e-02
-1.438730235660546364e-01 9.303411523876397027e-01 3.372919999999999252e-01
1.427521756233172678e-01 -5.374056611525501737e-01 8.311539999999999484e-01
6.040806993937000158e-01 -5.448277288795224660e-01 5.815919999999999979e-01
7.250001477712323394e-01 -5.189341057703679150e-01 4.528599999999999293e-01
5.601119727367613876e-01 7.644079627927311549e-01 3.193039999999999767e-01
-8.114659246222106770e-01 -5.822969459099202050e-01 4.953100000000009578e-02
1.092791591944885510e-01 -3.878205649649663078e-01 9.152339999999999920e-01
