-5.178508814901819912e-01 3.653029164006789675e-01 7.735530000000000461e-01
5.615133890347181467e-01 4.766003302041923462e-01 6.764280000000000292e-01
8.402532426402168353e-01 -3.116320899901053876e-01 4.436889999999998890e-01
-1.146047873689309965e-01 3.396103699066360115e-01 9.335579999999999989e-01
-1.235110312020949314e-01 8.128132053377301602e-01 5.692800000000000082e-01
-5.758087339003339356e-01 -8.175326221919798630e-01 9.203999999999906700e-03
3.991318837626178784e-01 7.401457844506742489e-01 5.411820000000000519e-01
-6.269228846830896540e-01 -5.753928941615750192e-01 5.252529999999999699e-01
4.686742629596576393e-01 3.930232205140322121e-01 7.911240000000000494e-01
-1.347741694517406164e-01 6.077517641270927529e-01 7.826070000000000526e-01
3.062039446232748818e-01 9.495198282801398104e-01 6.819999999999991347e-02
-8.035163799673274987e-01 -4.979062354502114540e-01 3.262680000000000025e-01
9.592386202851453936e-01 -8.889696481011361007e-02 2.682509999999999617e-01
3.776264700032950783e-01 -3.905214860527526644e-01 8.395780000000000465e-01
8.154790296048771703e-01 3.092020112251661623e-01 4.892730000000000690e-01
-4.598299947074985239e-02 4.976259942724786112e-01 8.661720000000000530e-01
1.367300795503562649e-01 8.759675096429965224e-01 4.625859999999999417e-01
5.302302218776187154e-02 9.484683968915760266e-01 3.124040000000000705e-01
-7.517670849744243489e-01 -6.229870704180437979e-01 2.161789999999998990e-01
-4.467660044756928683e-01 8.585280869502824597e-02 8.905220000000000358e-01
6.999671746933245897e-01 3.982740993986991218e-01 5.928099999999999481e-01
9.182894482624113230e-01 3.402397955730791096e-02 3.944449999999999901e-01
-6.181640781238290083e-01 -3.093740390988174993e-01 7.226069999999999993e-01
3.887193579737476257e-01 -2.214352039208703493e-01 8.943510000000000071e-01
-3.711009518230113935e-01 -9.046048825625776502e-01 2.096999999999999698e-01
1.867459920382265604e-01 -8.492329637935981390e-01 4.938919999999999422e-01
7.094703313735475914e-02 -6.801583176827340482e-01 7.296240000000000503e-01
4.088341666846752598e-01 -8.798343587148931277e-01 2.423759999999999526e-01
-8.901926098346560901e-01 -3.669808391548034510e-01 2.699669999999999570e-01
-7.228618386158074394e-01 5.856648692460341143e-01 3.666979999999999129e-01
7.107619726229968959e-01 7.012919729877608033e-01 5.483600000000000974e-02
8.419417822274274377e-01 1.478309617627613926e-01 5.189220000000001054e-01
-4.941304683576071555e-01 -6.686016337287038480e-01 5.557039999999999758e-01
-2.475380885012452570e-01 -8.316682973428468628e-01 4.970439999999999303e-01
9.053423975427628001e-01 2.029190891033221811e-01 3.730669999999999265e-01
3.641953223438129106e-01 2.948104514478517291e-01 8.834300000000000486e-01
2.164388542461028464e-01 -7.445234986242101893e-01 6.315370000000000150e-01
9.831860388533408823e-02 -2.351894445633959108e-01 9.669640000000000457e-01
-4.219690154131131021e-01 -9.048700330518676394e-01 5.614600000000007779e-02
9.168401173002128646e-01 -2.634900337108252999e-01 2.999619999999999509e-01
-8.859131930685109069e-01 -3.556000774965053374e-02 4.624860000000001192e-01
-2.192802588172138856e-01 -4.860895737331297206e-01 8.459510000000000085e-01
-2.685861957507452158e-01 -1.640201195409939430e-02 -9.631159999999999721e-01
4.634840378353290991e-01 7.904970645301975241e-01 4.003709999999999214e-01
-2.160910761534658442e-01 7.066332490272708711e-01 6.737760000000000415e-01
5.076973955170268615e-01 -5.841534550794230674e-01 6.332520000000000371e-01
-6.362501968079572467e-01 -4.449941376477174471e-01 6.302109999999999657e-01
-6.058446466583327084e-01 -1.428679166763490160e-01 7.826499999999999568e-01
3.582498955458951473e-01 -9.306587286499574674e-01 7.437300000000007794e-02
-6.596391683098389025e-02 -4.452384386318359311e-01 8.929789999999999672e-01
-9.312437727977325164e-01 1.970079519345473151e-01 3.065499999999999892e-01
7.499979040251762985e-01 -4.480229426679424032e-01 4.865989999999999482e-01
3.900358148716875362e-01 1.268022649181733130e-01 9.120270000000000321e-01
5.116765299508037046e-01 -2.866837366393568676e-01 8.099380000000000468e-01
4.724899790115918985e-02 6.175069725698134615e-01 7.851449999999999818e-01
5.264840932911821758e-01 5.686690206404675790e-02 8.482809999999999517e-01
1.353701388461154564e-01 4.939445066278027041e-01 8.588909999999999600e-01
2.229039302670156875e-01 -6.227458051809882100e-01 7.500010000000000288e-01
2.533936385528707813e-01 -1.512367842720053479e-01 9.554679999999999840e-01
4.076582801821445612e-01 -5.324290598695949339e-02 9.115809999999999746e-01
4.981099142740295221e-02 8.095318606775270265e-01 5.849590000000000067e-01
-3.656832714347087454e-01 -5.279173918557799050e-01 7.665370000000000239e-01
-9.764007216339954942e-01 -7.041797992425537223e-02 2.041639999999999844e-01
6.475964339938587999e-01 -1.504298685227019143e-02 7.618350000000000399e-01
5.368953695276176274e-01 -1.226960844477236190e-01 8.346789999999999488e-01
-5.289718319685431380e-01 -8.313327359215703094e-01 1.705129999999999701e-01
-8.498552494230986465e-01 2.950180865845392630e-01 4.367040000000000366e-01
-5.075854280028899712e-01 -5.462624606158865692e-01 6.662989999999999746e-01
9.000453612194243558e-01 -1.388790557369825318e-01 4.130750000000000810e-01
8.061092643247861345e-01 5.184661700060594347e-01 2.852730000000000543e-01
-6.933542422387913851e-01 -6.143362146320786588e-01 3.766309999999998825e-01
-2.703789406328263589e-01 2.990309343417008048e-01 9.151369999999999783e-01
-2.884710582748961083e-01 7.888841593648343586e-01 5.426290000000000280e-01
4.365190134366163377e-02 3.716951599430414199e-01 9.273280000000000411e-01
-5.258766967823155225e-01 6.071086499444069418e-01 5.957120000000000193e-01
4.547430945425151583e-01 -8.883511846909966092e-01 -6.356799999999993012e-02
-9.799546345327094787e-01 9.954496287539585375e-02 1.725679999999999992e-01
2.345968531583002281e-01 7.903195053136564674e-01 5.660030000000000339e-01
7.668443840166097036e-01 4.622542314854310996e-01 4.452760000000000051e-01
-1.081289511258260727e-01 9.504925703783426716e-01 2.913280000000000314e-01
3.194539585896153944e-01 6.744039125779329735e-01 6.656790000000000207e-01
-4.900496923722478804e-01 -2.588818374874242711e-01 8.323650000000000215e-01
-2.028869951974195396e-01 9.784099768398532015e-01 -3.938000000000008854e-02
-8.200121470571505311e-01 5.671501017100517572e-01 7.694700000000007090e-02
-1.984270012842634656e-01 -9.475970061330580840e-01 2.503730000000000122e-01
1.793739699169484281e-01 9.682488376136754171e-01 1.741239999999999455e-01
1.433250491332094256e-01 7.133542445447164093e-01 6.859910000000000174e-01
-3.509387151719935427e-01 -2.139414359875861371e-01 9.116309999999999691e-01
3.673377609660436471e-01 -5.463126445035423329e-01 7.527319999999999567e-01
8.678675632003018947e-01 3.658038158901160686e-01 3.361449999999999716e-01
-2.119349646729455638e-01 -3.320399446528645715e-01 9.191479999999999650e-01
-4.534125237494504579e-01 5.210164527403658985e-01 7.231589999999999963e-01
8.457347623017638094e-01 -1.817199489266455026e-02 5.332939999999999348e-01
4.889333046472496003e-01 6.166573842302708330e-01 6.169909999999999561e-01
5.646752877964783535e-01 -7.867974010048357503e-01 2.491819999999999591e-01
3.062807881968557799e-01 4.501836886833115448e-01 8.387649999999999828e-01
-4.898136028636486394e-02 -1.219004079381905831e-01 9.913330000000000197e-01
-7.438648854047541503e-01 -4.670289280523979292e-01 4.780679999999999930e-01
-4.298496365533042984e-02 7.211203902778993147e-01 6.914749999999999508e-01
7.745869048297115977e-01 -6.278639228569573572e-01 7.617100000000004423e-02
3.435908881170542384e-01 -7.858067441190194069e-01 5.142499999999998739e-01
-4.206712954008786087e-01 2.530115762208256514e-01 8.712180000000000479e-01
6.233197450382822052e-02 -7.949426748379119223e-01 6.034739999999999549e-01
6.065700368019352196e-01 7.802280473381477677e-01 1.526989999999999459e-01
-7.336191294723450884e-01 3.923490692434971616e-01 5.548560000000000159e-01
4.849141103618016535e-01 8.367761904422367225e-01 2.542909999999999338e-01
-8.371378541896509207e-01 -2.081589637434491935e-01 5.058359999999999523e-01
-3.691615395139420941e-01 -6.602671763935384908e-01 6.540390000000000370e-01
-3.448128947395229793e-01 -9.085067226616161395e-01 -2.360500000000000376e-01
8.547641056686937633e-01 4.938950610568992317e-01 -1.595180000000000764e-01
6.547338395267308098e-01 -1.943019523771834511e-01 7.304589999999999694e-01
-8.436979169325744543e-01 -3.385199666705565602e-01 4.166270000000000251e-01
7.204516926201089966e-01 6.570847196555555936e-01 2.217860000000001219e-01
-3.779700496337556198e-02 9.992411312169843240e-01 -9.410000000000057208e-03
2.558690927310486862e-01 9.621833487106238314e-01 -9.345700000000009555e-02
-2.989358993406652787e-01 5.716328075166676737e-01 7.641160000000000174e-01
8.153524293584184512e-01 -1.877360988604088177e-01 5.476820000000000022e-01
-5.001100721348977762e-01 7.918371142130351537e-01 3.505479999999999707e-01
-1.393020427696716745e-01 1.799243468549947822e-01 9.737670000000000492e-01
7.369741899896198323e-01 -3.145790810974941065e-01 5.982549999999999812e-01
-8.997050315170457280e-01 4.214110147622052716e-01 1.137700000000000655e-01
-5.898271319869609064e-01 8.072271806350652668e-01 2.209600000000010514e-02
5.103163975462013946e-01 2.283901779203021953e-01 8.291049999999999809e-01
-9.532565817917516560e-01 2.648638838001616258e-01 1.454270000000000285e-01
-7.782159612720777053e-01 2.398679880629678574e-01 5.803819999999999535e-01
6.368830616210447992e-01 -4.747710459360431900e-01 6.074310000000000542e-01
9.459464421405351375e-01 -3.237621513281983554e-01 1.906300000000004519e-02
-7.970603961024274042e-01 4.459592216212612259e-01 4.072040000000001214e-01
8.755651208548076436e-01 -4.801810662796963669e-01 5.302699999999997693e-02
-4.765496273294796969e-01 -8.970511808773273810e-02 8.745589999999999753e-01
7.388887523250957656e-01 -5.642518108632554874e-01 3.683250000000001245e-01
6.075310327517292608e-01 -6.981110376348573787e-01 3.788759999999999906e-01
-3.684204831205003527e-01 4.173654144526796617e-01 8.307060000000000555e-01
-4.237591520067245932e-01 8.769013145534345632e-01 2.268749999999999378e-01
-2.242832371559562998e-01 -6.247716606303819198e-01 7.479019999999999557e-01
-3.136079124499476789e-01 -8.791977545539945149e-01 3.586939999999999018e-01
6.403989884676495326e-01 5.445589901935429245e-01 5.416130000000000111e-01
7.492251961432935259e-01 -9.436102470322974001e-02 6.555590000000000028e-01
6.061218301593280788e-01 7.285197958623406134e-01 3.191789999999999350e-01
7.073780072433181187e-01 -6.636400067954554283e-01 2.433069999999999122e-01
-5.739060672752375192e-01 7.989080936507469977e-01 1.799379999999999036e-01
7.945210140165099855e-01 6.051580106758702726e-01 -5.020099999999996787e-02
9.926075419776597686e-01 -3.783298254259567089e-02 1.153209999999999652e-01
5.005690406524702096e-01 -4.536260368401108800e-01 7.373290000000000122e-01
-1.959820346911528843e-01 8.839621564718229685e-01 4.245019999999999349e-01
-7.469069458227376446e-01 -3.334289758145654869e-01 5.752869999999999928e-01
-2.680728928739435357e-01 9.268086296329978158e-01 2.629879999999999440e-01
2.370942605399400382e-01 1.943592135789273534e-01 9.518459999999999699e-01
2.555131039141662064e-01 -9.438653838589211587e-01 2.093589999999999340e-01
-8.911135827064521342e-01 3.570452334747952206e-01 2.800630000000000064e-01
-1.505039412296701462e-01 9.802206172333531864e-01 1.285149999999999626e-01
1.263299713711973048e-02 9.881167760737258332e-01 1.531850000000000434e-01
6.573507877892502682e-01 -7.450807594676243095e-01 1.128920000000000756e-01
-5.870490936159568074e-01 6.714601070768714264e-01 4.522329999999999961e-01
5.610509226794091475e-01 6.759709068418430222e-01 4.777919999999999945e-01
-9.989780897017842554e-01 -1.450300130227603554e-02 4.280700000000001865e-02
-2.983387186361347587e-01 1.335824262638962145e-01 9.450659999999999616e-01
-3.355599663027596380e-01 -4.233686958067222478e-02 9.410669999999999868e-01
-5.612558651009308397e-01 -7.149128281691451425e-01 4.170030000000000681e-01
2.429687456948093904e-01 -3.187426663854262543e-01 9.161709999999999576e-01
8.145966339582791926e-01 5.677587448757097643e-01 1.186689999999999967e-01
2.336048831537387016e-01 -4.778917609644762754e-01 8.467869999999999564e-01
9.418257319076805967e-01 2.548259274633601357e-01 2.191529999999999312e-01
-3.588138047801782138e-01 -3.772747947361074772e-01 8.537660000000000249e-01
7.383119295731198628e-01 2.407649770336554584e-01 6.300219999999999709e-01
8.185403399228909083e-02 -5.445862261554079709e-01 8.347010000000000263e-01
-7.199678305108181409e-01 -1.980382284447778363e-01 6.651519999999999655e-01
-7.385212079298464349e-01 6.431941810906255386e-01 2.022069999999999979e-01
6.965761198719038205e-01 6.032631038139187885e-01 3.884010000000000518e-01
-9.445272511695257389e-01 2.558500680358769333e-02 3.274349999999998651e-01
-1.867000987595503203e-02 -9.555615054674563291e-01 2.941999999999999615e-01
1.085164434141559220e-01 -7.090132960489772818e-02 9.915629999999999722e-01
-7.007503378588336718e-01 -2.091301008297094186e-02 7.130999999999999561e-01
-9.445799435677604272e-02 9.805299414199931674e-01 -1.721590000000000620e-01
-5.820780579238420821e-02 -2.878630395584609869e-01 9.559010000000000007e-01
3.164501853206003884e-02 2.226881304113569882e-01 9.743760000000000199e-01
4.596788017924555159e-01 -8.003266549095141569e-01 3.849319999999998854e-01
3.026281298484092552e-01 -8.774333764796358182e-01 3.721919999999999673e-01
-8.798574154533452818e-01 1.344109107020674543e-01 4.558339999999999614e-01
6.317569817437650448e-01 -5.932099828576792300e-01 4.989840000000000386e-01
-8.004043718856154177e-01 -7.819203632975357809e-02 5.943389999999999507e-01
-8.009776280158189543e-01 8.187796197483475369e-02 5.930689999999999573e-01
1.993913177475384879e-01 3.413045438987009073e-01 9.185609999999999609e-01
5.049199399740500471e-01 -8.561718982164747693e-01 1.096610000000000362e-01
-6.902134088208037310e-01 1.457318751782393507e-01 7.087790000000000479e-01
9.654073598319444782e-01 8.470303157098010849e-02 2.466050000000000464e-01
-7.228711235542051305e-02 -5.902899174840400276e-01 8.039479999999999960e-01
7.054017176379314691e-01 -7.060487173789469217e-01 -6.247900000000006920e-02
-8.268890724427733208e-01 5.059250443234946104e-01 2.455489999999999062e-01
-3.374070696732285601e-02 4.988256677783604182e-02 9.981849999999999890e-01
9.080513935170317907e-01 -3.783861639790447873e-01 1.796289999999999831e-01
-3.759249671921849889e-01 6.655619419149164662e-01 6.447540000000000493e-01
3.177449649979016688e-01 8.489619064801919857e-01 4.222579999999999667e-01
-9.165473565432732395e-01 -1.670250649739077886e-01 3.633779999999999788e-01
9.662124709718713511e-01 -2.117151031986869714e-01 1.470040000000000513e-01
-5.622149067548782853e-01 2.020779664847297541e-01 8.019220000000000237e-01
2.135570402661085554e-01 9.209491736446586696e-01 3.259540000000000770e-01
8.914323098422576308e-01 4.178001452181380748e-01 1.754749999999999366e-01
-8.339492485277344436e-02 -7.193583517856732001e-01 6.896149999999999780e-01
-2.028800004145506763e-01 -1.675990003424600028e-01 9.647540000000000004e-01
-5.995622917887027947e-01 4.614512245742537488e-01 6.539019999999999833e-01
-9.477162393633616899e-01 -2.280430575965152196e-01 2.232270000000000643e-01
-5.821576897464568745e-01 3.432604066984829005e-02 8.123510000000000453e-01
-1.867078564298399190e-01 4.081996861123294261e-03 9.824070000000000302e-01
8.409500387009731792e-01 -4.289430197401885025e-01 3.298649999999999083e-01
-6.346020777438013960e-01 7.135600874167852270e-01 2.968370000000000175e-01
-3.972310096282338221e-01 -7.763880188183830411e-01 4.893149999999999999e-01
-3.531489720166318125e-01 8.492879327028002301e-01 3.924230000000000773e-01
9.865460576582134600e-01 1.345790078654058586e-01 9.281900000000005424e-02
2.911502174560197387e-02 -8.907016652525990841e-01 4.536549999999999749e-01
-9.094903640145771129e-02 -8.261113306429385128e-01 5.561190000000000300e-01
2.303478299765965298e-01 5.924035627374915070e-01 7.720089999999999453e-01
-9.506829056373717890e-01 -3.042079698050070835e-01 -6.049399999999997141e-02
3.664462239501077856e-01 -6.739484118771312815e-01 6.414910000000000334e-01
4.614019434641307704e-01 8.815798919794637367e-01 9.962500000000001910e-02
3.074709034734296464e-01 -9.464677028685304361e-01 -9.828799999999995873e-02
-1.343079745141774750e-01 -9.063678280107358987e-01 4.005730000000000679e-01
9.874325542090146568e-01 -1.575929288523487126e-01 -1.189200000000008479e-02
1.327659793454680770e-01 9.909788458324622074e-01 1.827900000000007991e-02
7.548819006960498790e-01 7.569499004240065609e-02 6.514780000000000015e-01
8.856457451509259782e-01 4.642468664105995901e-01 1.031800000000010487e-02
6.413161125063457924e-01 1.558830273466227101e-01 7.512750000000000261e-01
-4.973442269533185356e-01 -4.144771891385651830e-01 7.621400000000000396e-01
6.126924602912033890e-01 3.214022414565774755e-01 7.220170000000000199e-01
6.752804061003799818e-01 7.296684388082752548e-01 -1.076120000000000132e-01
-6.675090184645540159e-01 5.364920148403772293e-01 5.163410000000001610e-01
4.027719264958231071e-01 5.417289011367616425e-01 7.377700000000000369e-01
-2.387749746013825558e-01 -7.428779209796917415e-01 6.253950000000000342e-01
-7.854400226304857069e-02 -9.871760284430037835e-01 1.389759999999999607e-01
1.221662361963433002e-01 9.298841862091865307e-02 9.881440000000000223e-01
-4.428229765985489119e-01 7.401699608849313661e-01 5.060200000000000253e-01
-9.318545974042231617e-01 -3.485408494174148664e-01 1.008279999999999732e-01
8.988112285557875447e-02 -3.948395396933041535e-01 9.143430000000000168e-01
-6.562528235317962588e-01 3.073989173395786922e-01 6.890849999999999476e-01
6.206269610294430361e-01 -3.468179782225223606e-01 7.032350000000000545e-01
-9.809510881559087014e-01 -1.834490164861580785e-01 6.388600000000006773e-02
-3.186500836966566635e-02 8.930262345623454223e-01 4.488750000000000795e-01
-1.456070351656713890e-01 9.301112246319054311e-01 -3.371820000000000928e-01
8.188463832992293190e-01 -5.353292505858160411e-01 2.071550000000000058e-01
-4.691312837198935992e-01 -8.190164953224841060e-01 3.303450000000001108e-01
-2.113384776087299799e-01 4.622470446428232904e-01 8.611990000000000478e-01
-6.242976927145698074e-01 -7.344556384937518390e-01 2.661339999999999262e-01
4.935647333422514826e-01 -7.007006214331424898e-01 5.151820000000000288e-01
