-3.980813336686104820e-01 7.599786370080545694e-01 5.137739999999999529e-01
-5.527038829983772494e-01 4.362459076513109379e-01 7.100760000000000405e-01
3.374252539004102963e-02 -5.867012980471762035e-02 9.977070000000000105e-01
-8.268459397708171066e-01 2.568689812891278290e-01 5.003440000000000110e-01
-1.092870310612411577e-01 9.493192698127532747e-01 2.947020000000000750e-01
-8.627512293416016442e-01 -1.745680464047039693e-01 4.745380000000000709e-01
8.309175638338940351e-01 1.855701259219099883e-02 5.560859999999999692e-01
1.312609602461313474e-01 -7.086557853755683922e-01 6.932369999999999921e-01
6.361258944395278281e-01 6.383528940699733090e-01 4.334160000000000235e-01
3.492660499758415971e-01 5.895090843517789558e-01 7.283490000000000242e-01
-7.573900816323095309e-02 -9.113510982263915983e-01 4.046019999999999617e-01
9.633239742317711851e-01 2.541169932025517664e-01 -8.620600000000004648e-02
8.077930800433424929e-01 5.882200582860892535e-01 3.830799999999996014e-02
5.385072013796571300e-01 8.403193142450370301e-01 6.223699999999996596e-02
6.692022859287577452e-01 -7.142423051729192007e-01 2.050029999999999353e-01
8.843877925525730488e-01 3.303599225087496261e-01 3.297279999999999656e-01
3.531871719773311824e-01 -8.478514128440518549e-01 3.954830000000000290e-01
8.280458404239789960e-01 -3.878949252472198017e-01 4.048180000000000112e-01
6.330198243548209591e-01 3.238649101366056215e-01 7.031340000000000368e-01
4.717468838390552199e-01 8.200717980690110931e-01 -3.239400000000000057e-01
8.863902771324021490e-01 -4.629361447382819295e-01 1.549999999999920365e-03
1.321930261583265653e-01 3.383360669498656215e-01 9.316940000000000222e-01
-1.862349306945695893e-01 5.393387992905653849e-01 8.212369999999999948e-01
-2.060689387430728881e-01 9.751647101184003352e-01 -8.117499999999996940e-02
6.248027661274524469e-01 -2.199359176748629241e-01 7.491659999999999986e-01
2.888305956341256642e-01 -3.587534977413266990e-01 8.876220000000000221e-01
-3.647031700424008260e-01 -2.047770954770667395e-01 9.083269999999999955e-01
-6.003277800859527780e-01 -4.204158459918843072e-01 6.803360000000000518e-01
7.314509094358094821e-01 -5.970179260805551502e-01 -3.294679999999999276e-01
1.852359848265154041e-01 9.825459195153939396e-01 -1.706300000000004688e-02
4.159467537458933495e-01 7.269195696397974527e-02 9.064790000000000347e-01
1.987999003506432313e-02 7.778326101078597565e-01 6.281569999999999654e-01
3.050688838074180897e-01 8.727046676101234413e-01 3.812079999999999358e-01
5.343773822139572527e-01 -5.814544158858527823e-01 6.134749999999999925e-01
9.739641757182535553e-01 -1.295560233739173617e-01 -1.860349999999999226e-01
-7.553500704760724993e-01 -5.545690517426953292e-01 3.491410000000000347e-01
-6.468274613234967774e-01 1.977298353310220566e-02 7.623799999999999466e-01
9.777934487131544339e-01 -6.838103138031691175e-02 1.981010000000000826e-01
-9.541586233641821679e-02 -4.568763408304238882e-01 8.843980000000000175e-01
-5.142629805604600479e-01 8.483239679326948224e-01 1.260159999999999336e-01
-2.904884653823830432e-01 1.835912941258058539e-01 9.391009999999999636e-01
-3.167249561251194723e-01 -6.859189049818797956e-01 6.551339999999999941e-01
