-3.475249619504892640e-01 -6.195799321639711144e-01 7.038090000000000179e-01
3.022553515464448948e-01 -3.369033918448062770e-01 8.917049999999999699e-01
8.100186537406339760e-01 -4.244408185639205744e-01 4.046230000000000659e-01
-6.005937305773630941e-01 3.327314047428733823e-01 7.270330000000000403e-01
-4.348920262202115028e-01 -3.840480231547597212e-01 8.144789999999999530e-01
-2.567875993103210797e-01 3.042007099666249603e-02 9.659889999999999866e-01
9.135182515308271078e-01 1.622400446716554812e-01 -3.730449999999999600e-01
5.152242838410789894e-01 1.627647737578596099e-01 8.414580000000000393e-01
6.417361976343946006e-01 -7.565022329786933453e-01 1.260120000000001239e-01
8.709801047508985983e-01 4.868100585475958475e-01 6.640500000000007508e-02
-7.079030914020233434e-01 4.665920602447693466e-01 5.302499999999999991e-01
7.507790157838836187e-01 -2.682050056385654746e-01 6.036529999999999951e-01
-8.054544994366491517e-01 -5.858403632609284623e-02 5.897550000000000292e-01
1.084346488767222311e-01 3.572838430757568351e-01 9.276799999999999491e-01
5.457653528624015760e-01 -3.109446312994937345e-01 7.781090000000000506e-01
2.799209914679263722e-01 -9.439149712291955430e-01 1.751250000000000862e-01
-7.570698804336141452e-02 8.384238675851269917e-01 5.397349999999999648e-01
-5.801163501361289443e-01 -5.001523018728759595e-01 6.428939999999999655e-01
2.826534926338618581e-01 1.437147420304522583e-01 9.483949999999999880e-01
-1.297200515862166614e-02 6.873642733465019639e-01 7.261969999999999814e-01
-1.723353352390279147e-01 -4.857019448221840952e-01 8.569679999999999520e-01
-8.479508372511315173e-01 -4.050759222529832781e-01 3.418960000000000332e-01
8.489086402078063198e-01 2.164259082723998528e-01 4.821969999999999312e-01
5.853971286369290539e-01 6.507221429916447697e-01 4.836020000000000874e-01
-6.488361429919726753e-01 6.163301358282267939e-02 7.584279999999999911e-01
-4.651866670346723742e-01 -9.604293125562630984e-02 8.799869999999999637e-01
4.428177427120748577e-01 -9.182694664630096371e-02 8.918970000000000509e-01
-2.551331195326856927e-01 -2.527461184143492967e-01 9.332880000000000065e-01
-9.364161762090497110e-01 3.224320606732866135e-01 -1.384279999999999955e-01
4.771873002186193813e-01 -8.256445194477254335e-01 3.010040000000000493e-01
2.048209268764946134e-01 -9.758726516018644270e-01 -7.563699999999992651e-02
-4.066160265951284658e-01 -8.689070568317360799e-01 2.822479999999998879e-01
-9.206676657278599629e-01 9.100396695866273811e-02 3.795909999999999562e-01
-1.713789975149132006e-01 -9.324289864792832949e-01 3.181280000000001329e-01
-6.191911078653561384e-01 -7.518201309698171464e-01 2.266469999999999319e-01
3.870469953229457305e-01 8.119889901879702165e-01 4.368849999999999678e-01
-1.302859802329518202e-01 9.389368575440730780e-01 3.184699999999998643e-01
-2.525520126928320064e-01 -8.059050405034079434e-01 5.354759999999999520e-01
6.575753173809893992e-01 -6.074393694263600929e-02 7.509360000000000479e-01
-7.879030401117200766e-01 2.105720107201079494e-01 5.786780000000000257e-01
6.633750251353491834e-01 -6.461060244810249431e-01 3.774660000000000237e-01
2.299911867379806837e-02 1.276156584876186051e-01 9.915570000000000217e-01
-8.125597280321406046e-02 -6.823847716023587751e-01 7.264629999999999699e-01
-6.327135098495777488e-01 -2.189341764202844820e-01 7.427930000000000366e-01
-3.818510839388837841e-01 8.855281946576853969e-01 2.646310000000000051e-01
4.027998307439667122e-03 -8.374076481222483270e-01 5.465640000000000498e-01
3.319328707312535487e-01 9.231016405050468387e-01 1.941750000000000420e-01
-1.016919609938560787e-01 4.965598095337800943e-01 8.620250000000000412e-01
4.560070910251088350e-01 -8.899751776509376988e-01 1.309999999999924072e-03
-6.005109141701140407e-01 7.787038887013303379e-01 1.816779999999999784e-01
9.881365281528620148e-01 6.044003230482340033e-02 -1.411849999999999494e-01
-7.571303352836374900e-01 5.774462557132797880e-01 3.054660000000000708e-01
-3.674018897714284582e-01 4.363108690972332671e-01 8.213700000000000445e-01
-9.711346747512943356e-01 1.956379344776925100e-01 1.364669999999999495e-01
2.592219757125447943e-01 9.637869096992782714e-01 -6.259999999999989184e-02
9.924045558146640245e-01 -7.618496590075643504e-02 9.658700000000000618e-02
-7.995737589830134162e-01 -5.782698256910644430e-01 1.621289999999999398e-01
-5.022077827839609432e-01 5.802717490195589134e-01 6.411489999999999689e-01
1.236210286365960892e-01 -5.447191261832375897e-01 8.294569999999999999e-01
-8.706949965481636244e-01 3.433999986386040981e-01 3.520890000000000408e-01
-7.021413770396988108e-01 -7.109273817576556853e-01 -3.974599999999995498e-02
8.886633376001176199e-01 3.615891373664583130e-01 2.820119999999999294e-01
3.930421078497620679e-01 -5.337591464621622706e-01 7.487449999999999939e-01
1.388820459333639790e-01 9.102173010420988586e-01 3.901490000000000236e-01
2.032785819124404703e-01 -1.068253058018893004e-01 9.732760000000000300e-01
-4.458102978223349444e-01 1.852481237544960635e-01 8.757489999999999997e-01
9.397302863059313616e-01 3.190300971983243139e-01 -1.229910000000000725e-01
-5.615253501106146627e-01 7.076844412406928519e-01 4.288030000000001007e-01
4.111468324018004439e-01 6.213887466996532716e-01 6.669589999999999685e-01
2.080821255809402748e-01 -7.144324311715684050e-01 6.680479999999999752e-01
4.959940972278476523e-01 8.681901701880369027e-01 -1.535199999999989871e-02
7.547500926994467341e-02 9.856651210607494384e-01 1.508899999999998853e-01
-6.894194139353333473e-01 -5.866493522310081143e-01 4.249040000000000594e-01
8.317023454006235994e-01 -3.101197559172462134e-02 5.543550000000000422e-01
3.440292283126541312e-02 -3.428472309639762350e-01 9.387609999999999566e-01
-4.935761331636362437e-02 -1.142774200081198427e-01 9.922220000000000484e-01
9.750689193442680924e-01 1.993909835067805281e-01 9.738500000000006873e-02
1.957997600070765509e-01 5.650893073666949373e-01 8.014590000000000325e-01
7.754097771948507967e-02 -9.421577292817304716e-01 3.260769999999999502e-01
-8.975501703164143752e-01 4.302200816372657721e-01 9.651099999999990242e-02
3.710708276951352746e-01 3.823848224415389296e-01 8.462199999999999722e-01
2.000318834454289929e-01 7.701095512725928405e-01 6.057379999999999987e-01
7.499510485748223099e-01 5.995730388347397799e-01 2.794380000000000197e-01
9.117112327718737141e-01 -1.949800497809721644e-01 3.616149999999999087e-01
-3.312409453503735723e-01 7.998738680331985984e-01 5.004810000000000647e-01
5.757451540827812630e-01 4.249721137324124487e-01 6.985099999999999643e-01
-1.875125966905147601e-01 2.760794061975292424e-01 9.426660000000000039e-01
-7.683248786760891180e-01 6.377328992974825583e-01 5.453099999999996839e-02
5.606912179388462425e-01 7.915633076780739241e-01 2.430079999999999463e-01
4.634869390782938581e-01 -6.946099086990005222e-01 5.501789999999999736e-01
-7.608614943480437320e-01 -3.254222114337953498e-01 5.614179999999999726e-01
-4.871430527141014100e-01 -7.222730781576910397e-01 4.909310000000000618e-01
8.188769488916340933e-01 -5.451379659764380436e-01 1.796250000000000902e-01
2.741551231323503535e-01 -8.466963802800185901e-01 4.560090000000001087e-01
7.037288178340729283e-01 1.976269488426571908e-01 6.824289999999999523e-01
9.484330772561586631e-01 5.759500469149476942e-02 3.117009999999999503e-01
7.240002710629121676e-04 -9.958873728562922523e-01 9.059699999999996922e-02
6.251304441486217334e-01 -4.970435580404867770e-01 6.017970000000000264e-01
-2.671718179028104712e-01 6.588355509552497047e-01 7.032460000000000377e-01
7.389498795421775013e-01 4.475239270481540244e-01 5.036620000000000541e-01
