-5.200676078876251829e-01 -3.533027336223755754e-01 7.776290000000000147e-01
-1.664960595262105769e-01 -8.865063169466106396e-01 4.317239999999999966e-01
-3.150847566265703725e-01 2.217328287321813085e-01 9.227980000000000071e-01
-3.831998820873223650e-03 3.526458914889506469e-01 9.357490000000000530e-01
-8.468620230240058167e-01 5.281540143591528791e-01 6.227400000000009317e-02
-3.561281338093643112e-01 -6.571552469154146037e-01 6.643189999999999928e-01
8.162192137361810040e-01 4.118891078577953668e-01 4.051339999999999941e-01
-9.509678553910273502e-01 -2.779799577289650964e-02 3.080380000000000895e-01
-1.826029946264869086e-01 -4.419709869939871805e-01 8.782469999999999999e-01
-9.808659909374792818e-01 1.944599982033244079e-01 -9.338999999999927221e-03
-6.141003422425950035e-03 -7.064973937361450629e-01 7.076890000000000125e-01
4.477298838257641467e-02 9.744047471673635830e-01 2.202969999999999928e-01
-5.760242439650112845e-01 3.527001493799931595e-03 8.174249999999999572e-01
3.085831465657604133e-01 5.443172585308815314e-01 7.800610000000000044e-01
5.072272500711950682e-01 -3.483681717511135645e-01 7.882639999999999647e-01
-4.529189954677614871e-01 8.855779911382588576e-01 -1.030339999999999728e-01
-6.843233704418896224e-01 -6.965103770390304039e-01 -2.158119999999999206e-01
6.643609021731450293e-01 -5.246279227487656849e-01 5.323440000000000394e-01
1.601239518532630579e-01 -8.854727337523691233e-01 4.362319999999998976e-01
-7.137095518974275743e-01 6.708995787756713014e-01 -2.012770000000000392e-01
3.755760058235045884e-01 8.878380137663980376e-01 2.658690000000000775e-01
-4.438448145858976401e-01 7.387186914037102703e-01 5.072440000000000282e-01
-7.954744506188736741e-01 1.459410826724304167e-01 5.881509999999999794e-01
0.000000000000000000e+00 -0.000000000000000000e+00 1.000000000000000000e+00
1.300769677401369118e-01 -9.856437555544759199e-01 1.076399999999999163e-01
-1.153100755007867122e-02 6.502544257626240443e-01 7.596289999999999987e-01
3.224442787450654824e-01 -6.276575425943470288e-01 7.085730000000000084e-01
9.500466527246050896e-01 9.800996417391830487e-03 3.119539999999998980e-01
-7.816587516561342985e-01 -2.043609350716861228e-01 5.892760000000000220e-01
-6.224453714068273191e-01 7.612274542166860281e-01 1.819189999999999696e-01
4.827891703169905901e-01 7.935302799393554318e-01 -3.704380000000000450e-01
2.018640937329996554e-01 9.742904523992599319e-01 -1.000449999999999673e-01
-2.841667817808640750e-01 -1.368223764166768552e-01 9.489619999999999722e-01
8.068962031244408806e-01 1.353130340630979145e-01 5.749859999999999971e-01
-8.856394888940336552e-01 3.644932012089043827e-01 -2.877280000000000393e-01
-8.891778804908001543e-01 -3.610759514698926864e-01 2.810460000000000180e-01
-8.977147730202410525e-01 3.117829211682660029e-01 3.112869999999998694e-01
5.870324353433589160e-01 7.783005771878470820e-03 8.095259999999999678e-01
-7.451216983829355156e-01 -6.462687383975259658e-01 1.647130000000000538e-01
-1.258350428738668203e-01 8.533032907330968531e-01 5.060030000000000916e-01
1.324719056305293241e-01 -3.980147164648766278e-01 9.077640000000000153e-01
5.074522131524713542e-01 8.607713615622087922e-01 -3.955900000000003858e-02
-3.187244623090070283e-01 5.532378024699995400e-01 7.696380000000000443e-01
3.160038707960083348e-01 2.261651918243382797e-01 9.214069999999999760e-01
-7.071470374097604816e-01 5.438450287706957376e-01 4.518579999999999264e-01
2.210709459935671917e-01 8.092468023053963622e-01 5.442860000000000475e-01
-3.084309714677391234e-01 9.266889142740765140e-01 2.147509999999999974e-01
-8.899931398360159118e-01 -4.475930703259710097e-01 -8.702100000000005664e-02
5.468961934543670189e-01 6.532712310825601332e-01 5.235849999999999671e-01
5.943574805655374993e-01 3.648802950226098796e-01 7.166599999999999637e-01
-4.630027777682096390e-01 7.754956277780821194e-01 -4.292260000000001630e-01
-9.880532059302938874e-01 -1.529690318818434369e-01 -1.874399999999998637e-02
7.847923120811512998e-01 -2.072870824299503367e-01 5.840659999999999741e-01
-6.716990359753990392e-01 -5.347380286399309179e-01 5.127139999999998921e-01
2.980888659523573403e-01 -1.202299459337711901e-01 9.469359999999999999e-01
-5.843883755720356010e-01 3.690636056498628470e-01 7.226909999999999723e-01
