8.236480842005978742e-01 -1.202340122913849868e-01 5.542089999999999517e-01
-5.709994153137577626e-04 -4.149215751327804957e-01 9.098570000000000269e-01
-5.250442922867930573e-01 -5.520813073380230751e-01 6.477150000000000407e-01
-6.027840713947294482e-01 3.381080400460682589e-01 7.227270000000000083e-01
-2.300833157483123947e-01 5.282577249395056240e-01 8.173160000000000425e-01
9.939492148896532653e-01 -2.277000492282542365e-03 1.098170000000000396e-01
-5.944200476721993587e-01 -4.088450327891731129e-01 6.924670000000000547e-01
-3.463889741364665764e-01 -7.898559410244924139e-01 5.061050000000000271e-01
-1.574699684875482397e-01 9.809878036874518648e-01 1.134289999999999188e-01
4.957002550415101072e-01 -3.663941885125662212e-01 7.874240000000000128e-01
6.361122818778682797e-01 -6.130802716717864698e-02 7.691569999999999796e-01
9.635485654961315483e-01 -3.896998242682442326e-02 2.646799999999999153e-01
9.072321094607240788e-01 2.621120316247324555e-01 3.289790000000000769e-01
-2.790260035133427241e-01 -5.016510063165149358e-01 8.188349999999999795e-01
4.197900861307600762e-01 -2.476020508019449451e-01 8.731950000000000545e-01
3.985500817879881752e-01 8.326541708721502122e-01 3.845060000000000144e-01
-1.836740453037776499e-01 -3.959140976534504808e-01 8.997309999999999475e-01
2.468265292323749971e-01 3.483413356150825702e-01 9.042869999999999520e-01
-2.502929407618285640e-01 6.636638429271221051e-01 7.049140000000000406e-01
2.753260531840136527e-01 9.146491766803891421e-01 2.959939999999999793e-01
-9.775568390236036853e-01 -1.965779676290816125e-01 7.576099999999989787e-02
-4.692799874178359976e-01 -8.801379764020613727e-01 -7.164800000000003111e-02
9.918745467243832159e-02 -2.848554338793680696e-01 9.534249999999999670e-01
7.511251773469429516e-01 -6.276421481915658296e-01 2.046370000000000688e-01
2.543463767479666182e-01 -2.607633862530962521e-01 9.312949999999999839e-01
9.389314017625194353e-01 2.991291279953698923e-01 1.700870000000000160e-01
-3.478869443316565668e-01 -8.623838620026367252e-01 3.677890000000000326e-01
9.980591457344544226e-01 3.524700514669204532e-02 -5.133799999999997393e-02
1.171109945274421693e-01 -9.919419536468823129e-01 4.833400000000004360e-02
9.830015136693394107e-01 1.650079183638999414e-01 8.050099999999994760e-02
9.575064906092272121e-01 -2.883981477700608420e-01 -2.798000000000071697e-03
3.768139890840568884e-01 -7.397729785694799887e-01 5.574470000000000258e-01
3.505987054916515078e-01 7.749663490162513879e-01 5.258399999999998631e-01
-1.180781029928474335e-01 7.412256465291864327e-01 6.607889999999999597e-01
-0.000000000000000000e+00 0.000000000000000000e+00 1.000000000000000000e+00
6.571493003898724039e-01 2.754377067652525324e-01 7.016329999999999512e-01
-5.117149541164042192e-01 5.869899473667724576e-01 6.273680000000000367e-01
-5.812862462781179795e-01 -6.403742713124063179e-01 5.020229999999998860e-01
1.700846943093554942e-01 -1.010472242898989709e-01 9.802349999999999675e-01
8.695654308377492869e-01 -2.353391166018929670e-01 4.341330000000000466e-01
6.316988897979129991e-01 4.310219248067134745e-01 6.443419999999999703e-01
4.749573733002784293e-01 -7.887389592697914564e-02 8.764669999999999961e-01
4.137179206639845508e-01 9.699898139913139261e-02 9.052229999999999999e-01
-6.130338119055125379e-01 -7.707937635007153787e-01 1.733969999999999123e-01
-4.420498395539741998e-01 -6.797467532797090151e-01 5.852659999999999529e-01
6.866691205563216771e-01 -7.242371271520176013e-01 6.297699999999994969e-02
8.576207927281259691e-01 -4.857418826047232296e-01 1.689420000000000921e-01
-4.453800526913112567e-01 -4.583820542295310996e-01 7.691050000000000386e-01
-4.821477822081645659e-01 8.559186133714749012e-01 1.869140000000000801e-01
-6.213719444415933824e-01 7.535039326273442750e-01 2.147759999999999114e-01
-7.035368034380541369e-01 -7.020378038568612089e-01 -1.103580000000000255e-01
-3.249870363675125828e-01 9.333251044432808730e-01 1.526029999999999609e-01
2.126079748163714478e-02 -1.541095320395364232e-01 9.878249999999999531e-01
4.072628745145894791e-01 -5.116588423482132386e-01 7.565330000000000110e-01
-7.253668902413018538e-01 4.661649294623774198e-01 5.064909999999999135e-01
4.460877843976731039e-01 6.478716868718488175e-01 6.174690000000000456e-01
2.675218784190243615e-01 1.896929137900434104e-01 9.446949999999999514e-01
-5.075196652474505132e-01 -3.082767966651330238e-01 8.046050000000000146e-01
7.704239574259843515e-01 -2.790299845806626378e-01 5.732270000000000421e-01
-3.556045053536061595e-01 4.209515982191030514e-01 8.344730000000000203e-01
-8.620396275459275559e-01 -4.213143067075678094e-01 -2.817479999999999984e-01
-8.683340055037371830e-01 -1.083560006867899939e-01 4.839990000000001236e-01
-5.530869900440038567e-01 -1.490619973167679468e-01 8.196799999999999642e-01
8.943738295630688784e-01 -4.469819148206004011e-01 1.739599999999988725e-02
-2.339698955582021345e-01 8.783716079037868774e-01 4.167990000000000306e-01
-3.789539367672679071e-01 8.037778658806110643e-01 4.586229999999999474e-01
5.242257726236709825e-01 3.655578414438885870e-01 7.691259999999999764e-01
-2.666300111347367705e-02 9.734300406514188042e-01 2.274269999999999348e-01
-2.094892117177027113e-01 3.747143787004915683e-01 9.031630000000000491e-01
6.686221634772143707e-01 1.126368590784088963e-01 7.350219999999999532e-01
-9.386526833952836268e-01 -2.779569062459747442e-01 2.041350000000000386e-01
7.117133359939223913e-01 4.876872302330687581e-01 5.055939999999998768e-01
8.811002404946058908e-01 -3.631870991312159958e-01 3.029150000000000453e-01
-2.785881914527672532e-01 -7.136234904198967000e-01 6.427519999999999900e-01
3.471719159287047218e-01 5.653128631036024032e-01 7.482600000000000362e-01
2.200461177060458184e-01 -7.644634089232114071e-01 6.059499999999999886e-01
-3.875108070103523428e-01 6.948986539238549698e-01 6.057649999999999979e-01
-9.157725083160227486e-01 -1.947148954563570622e-01 3.513499999999999401e-01
7.198808326036569838e-01 -5.232668783229698084e-01 4.560299999999999354e-01
-6.099454198209104394e-01 -7.155534925101639798e-01 3.405139999999999834e-01
7.115411536140542337e-01 -1.723890372169322449e-01 6.811690000000000245e-01
7.550221675420382139e-01 -5.641001251757747116e-03 6.556750000000000078e-01
1.469400231947617583e-02 -9.247941459805176789e-01 3.801840000000001329e-01
5.484871173294709745e-01 5.456101167140382097e-02 8.343770000000000353e-01
9.312249377417471941e-01 -3.310839778649506404e-01 1.523269999999999347e-01
8.504247408663520025e-01 2.178209336275975516e-01 4.788859999999999228e-01
-8.887491006577101782e-01 -4.212740477125446192e-01 1.807019999999999182e-01
-2.958099729967856306e-01 -7.387399325636231917e-02 9.523859999999999548e-01
-4.421748338411938817e-01 8.963236631828440659e-01 3.294399999999998024e-02
-9.339339784233513519e-01 1.507939965162108931e-01 3.240810000000000080e-01
-1.171099736969564119e-02 -9.973717759890776691e-01 -7.150100000000005063e-02
9.111834482804831437e-01 -3.889577644869534612e-01 -1.358550000000000035e-01
9.634789974715026739e-01 1.299919996588566884e-01 2.341159999999999075e-01
7.988213120721261440e-01 -5.122762001287654021e-01 3.153690000000000104e-01
-9.051965859193517039e-01 3.127668569253299613e-01 2.877429999999999710e-01
-6.318708672761534917e-01 6.845338562143449268e-01 3.635280000000000733e-01
2.193859955736502110e-01 4.976849899586669457e-01 8.391539999999999555e-01
-7.610757913983872136e-01 3.242459111281413842e-01 5.618079999999999741e-01
-3.360331543220357320e-01 2.594293471070359125e-01 9.054159999999999986e-01
6.332949450631800703e-01 -7.449009353816274936e-01 2.099050000000000360e-01
7.708799844676117452e-02 -9.736299803824203236e-01 2.147139999999999604e-01
-5.802594601141816133e-01 1.447698653030190380e-02 8.143029999999999990e-01
-8.124397360592369721e-02 -9.646706866033195604e-01 2.506189999999999807e-01
1.085190181830217593e-01 9.361421568563147444e-01 3.344570000000000043e-01
-1.094029580299389903e-01 -7.476127131946723736e-01 6.550620000000000331e-01
2.489173304637362083e-01 -5.395337162873207193e-01 8.043280000000000429e-01
5.487801948825661302e-01 7.672522724662681481e-01 3.319099999999999828e-01
9.359573634489462002e-01 -2.043160793395795427e-01 2.867730000000000556e-01
-3.689601766179314429e-02 -8.489864064021876988e-01 5.271250000000000657e-01
-1.544549499593234620e-01 -9.007717081658720426e-01 4.058990000000000653e-01
-8.088247155436796287e-01 -5.718557988834995776e-01 1.370529999999999249e-01
-2.391141365046471901e-01 -9.302955310838791902e-01 2.781630000000000491e-01
-1.619131380638804407e-01 4.842763948724632117e-02 9.856160000000000476e-01
-7.430037260463125959e-01 5.554337952054198002e-01 3.734149999999998859e-01
-8.395158400223045048e-01 4.787179087757678642e-01 2.569870000000000210e-01
-7.971788725351947047e-01 -2.035399674550034815e-02 6.034000000000000474e-01
-1.070299872281744030e-01 8.486458987315832481e-01 5.180200000000000360e-01
-1.918029194957612538e-01 -6.291327359380551876e-01 7.532619999999999871e-01
-3.151136837262453749e-01 9.287090678719490955e-02 9.444989999999999775e-01
3.789457651768725066e-01 4.228157379917575343e-01 8.231810000000000516e-01
6.370455608089763411e-01 -3.184157804782558610e-01 7.019859999999999989e-01
5.628149862731136599e-01 -7.481279817533862397e-01 3.514880000000000226e-01
-4.707699552197808918e-02 -9.949249053615170091e-01 8.892799999999999316e-02
-8.814112780589412610e-01 6.406402021028560767e-02 4.679849999999999843e-01
-8.313738217882015169e-01 -2.755509409333954940e-01 4.825860000000000705e-01
-5.408434089389593247e-01 -2.122927679957224978e-01 -8.138919999999999488e-01
-1.463309383913546646e-01 -9.716775909016867052e-01 -1.855530000000000790e-01
7.422370305209573527e-01 -6.286300258494111892e-01 -2.321820000000000828e-01
9.188937642602920119e-01 9.282897618497740200e-02 3.834279999999999355e-01
8.035258106542274570e-01 5.939238600456008266e-01 4.000899999999996820e-02
-5.085383781950693072e-01 7.082215266974937196e-01 4.897050000000000569e-01
7.164329119781072119e-01 6.944149146832674369e-01 -6.716999999999993809e-02
-4.748490619415750014e-01 3.019050393819323608e-01 8.266630000000000367e-01
-6.280099208864938776e-01 4.592239421492957940e-01 6.282649999999999624e-01
6.765167464080746873e-01 -6.412137596413794993e-01 3.621740000000001070e-01
-7.236475948863876351e-01 -3.493032871505027392e-01 5.952490000000000281e-01
-8.056024600391493706e-01 -5.111102918694464536e-01 2.996179999999999954e-01
-1.409849773541141660e-01 -1.165189812839949324e-01 9.831309999999999771e-01
-8.690010890047840109e-01 -3.583740367053666054e-01 3.411820000000000963e-01
2.341850608564643998e-01 -9.570862487130687990e-01 1.707140000000000601e-01
-7.750523796099739737e-01 -4.372986499646628888e-01 4.561399999999999344e-01
-7.935053954981006186e-01 -5.733742857805912418e-01 -2.039390000000000092e-01
-7.026386753095633653e-01 -5.842127300343789020e-01 4.061949999999999172e-01
6.909962772631486061e-01 -4.221101693722504877e-01 5.868109999999999715e-01
-3.311701293017140779e-01 8.969393502000488905e-01 -2.929609999999999714e-01
-3.462840976499383938e-01 -9.377862644498308198e-01 2.538199999999991158e-02
-7.029827035730379370e-01 6.962197064247929723e-02 7.077909999999999480e-01
-3.128291640147982111e-01 -9.398694927689708045e-01 -1.370519999999999794e-01
-9.796938649021357248e-01 6.163999149996586546e-02 1.907890000000000696e-01
-8.834433340150882330e-01 -4.509271704879904141e-01 -1.272499999999999465e-01
2.750999850874961128e-01 -8.452019541836491845e-01 4.582069999999999754e-01
1.756121776355894781e-01 -4.172584220660934262e-01 8.916589999999999794e-01
-5.457611557608122999e-01 8.331812377908076606e-01 -8.918399999999995775e-02
1.805529770571814296e-01 7.831359004871306650e-01 5.950619999999999798e-01
3.136719548594520957e-01 -6.494849065325920545e-01 6.926609999999999712e-01
-6.599618607054343888e-01 -5.022748939875659735e-01 5.587220000000000519e-01
1.114706099371159803e-01 2.530153844319499856e-01 9.610189999999999566e-01
-5.118287336543309030e-02 3.223202025285694106e-01 9.452460000000000306e-01
7.507796536379511831e-01 3.302078476630711523e-01 5.720950000000000202e-01
1.516602001289952817e-01 -6.624658741820842467e-01 7.335789999999999811e-01
-4.073051781839041596e-01 -1.962210858408904302e-01 8.919639999999999791e-01
4.360221519878020868e-01 8.693513030368827943e-01 2.326220000000000232e-01
5.268729720669177441e-01 -6.922249633004958769e-01 4.931829999999999270e-01
4.010058149800013183e-01 2.669608768269705612e-01 8.763140000000000374e-01
2.837177483275494239e-01 2.468706511404749476e-02 9.585900000000000531e-01
4.905860475143375421e-01 8.274000801355171353e-01 -2.733760000000001189e-01
1.759810082805927933e-01 -9.233820434487265416e-01 3.411690000000000556e-01
3.609659902137518639e-01 -8.811419761111178861e-01 -3.054379999999999318e-01
-7.788292747375734348e-02 4.750175576535222710e-01 8.765230000000000521e-01
8.828011732359258845e-01 4.687050919760451517e-01 -3.126700000000000312e-02
7.852994175398574084e-02 -5.443335962653008675e-01 8.351849999999999552e-01
-5.045820300960877081e-01 7.934860473279355952e-01 3.402599999999999514e-01
9.765733418324361592e-01 -1.686940590484080627e-01 1.335920000000000163e-01
-8.261600984537800230e-01 3.942490469827929500e-01 4.025260000000000504e-01
9.611893054594917718e-01 -2.242320712594429721e-01 -1.607329999999999037e-01
8.305031893448864277e-01 -5.468291246705608843e-01 -1.060300000000000131e-01
-3.751854251906177606e-01 5.682436439798823624e-01 7.323490000000000277e-01
-9.381503794750897240e-01 -2.091100845835272559e-02 3.455960000000000143e-01
-7.183882660955759336e-01 -6.520422415205872069e-01 2.424030000000000629e-01
-6.061840284261936773e-01 -7.953020372946315586e-01 -5.965999999999950509e-03
-7.021762980033791068e-01 2.319250984289318307e-01 6.731709999999999638e-01
-3.681380030969971795e-01 -5.947110050030647299e-01 7.146980000000000555e-01
-3.896468358797450793e-01 9.125826156178424853e-01 -1.239689999999999959e-01
1.348039576045918508e-01 8.254597403955844792e-02 9.874279999999999724e-01
4.456799340498970169e-02 6.928978974674787628e-01 7.196569999999999911e-01
-1.986621677697868182e-01 -8.224856945874554626e-01 5.329639999999999933e-01
-2.956172250675211388e-01 -6.951675292642620629e-01 -6.552499999999998881e-01
4.952721406347691535e-01 5.111741451502154199e-01 7.024289999999999701e-01
-1.854312437043619810e-01 2.137312808978918122e-01 9.591319999999999846e-01
9.073736527621414361e-01 -7.422697159448636561e-02 4.137190000000000589e-01
5.764601997302592346e-02 -7.658542653509670117e-01 6.404250000000000220e-01
-4.582277926455818884e-01 1.360099384536203326e-01 8.783670000000000089e-01
-2.507831647584874424e-01 -2.406351580914920241e-01 9.376579999999999915e-01
-6.481951170847886079e-01 -2.544090459544178784e-01 7.177179999999999671e-01
9.443381460939731520e-01 3.289750508941340912e-01 -9.389999999999683973e-04
-3.518305022967605500e-01 -3.555344970570495367e-01 8.659160000000000190e-01
5.651680628126072303e-01 -2.044946608976502822e-01 7.992289999999999672e-01
5.861794629639158760e-01 5.785124569085225987e-01 5.672009999999999552e-01
6.812033297537184451e-01 6.795743289651594576e-01 2.722879999999999745e-01
-3.725558806919825883e-01 -9.084497090763038463e-01 1.895289999999999198e-01
8.191380181948527683e-01 3.793160084254408315e-01 4.302700000000000413e-01
-2.616515572304424150e-02 1.622239654828742661e-01 9.864070000000000338e-01
2.495099939054688104e-02 7.965549805433476127e-01 6.040510000000000046e-01
-9.712890251699430877e-01 -1.052770027281439147e-01 2.133410000000000584e-01
4.220617447885798845e-01 -8.099915102160142322e-01 4.071580000000000754e-01
-8.022884280578536087e-01 1.485210792428410531e-01 5.781650000000000400e-01
-5.888974619629496754e-01 1.775508377834253693e-01 7.884640000000000537e-01
8.588312193266527117e-02 4.113065839530155587e-01 9.074419999999999709e-01
-6.611403443748044284e-02 9.240544813215287867e-01 3.765000000000000013e-01
-8.437367502644638195e-02 -2.790969250305915805e-01 9.565489999999999826e-01
-4.918449303975352960e-01 4.575719352476106949e-01 7.407540000000000235e-01
-1.810710216079440549e-01 -9.829711173019558546e-01 -3.132199999999996792e-02
1.214240344246880626e-01 -8.579612432388959986e-01 4.991579999999999906e-01
-4.853730942704359563e-01 -7.616231479244460756e-01 4.293519999999999559e-01
-2.120718929948766651e-01 -9.693415108993164164e-01 1.241069999999999396e-01
-7.698362542163492694e-01 -1.867290616619184385e-01 6.103150000000000519e-01
6.845802828357903935e-02 8.772463624361885870e-01 4.751340000000001118e-01
7.626278372871601041e-01 5.380518852022625476e-01 3.590250000000000385e-01
-4.957129407392818488e-01 -8.632238968046547223e-01 9.546300000000004782e-02
4.817801041076223978e-01 -8.423471820223823459e-01 2.415349999999999164e-01
4.655171405134796991e-01 -6.147661855633841377e-01 6.366760000000000197e-01
6.427509101027264471e-01 6.377389108037213594e-01 4.244529999999999692e-01
-1.786598417691698248e-02 -6.543104205072620694e-01 7.560149999999999926e-01
5.581923425426300600e-01 -4.753282916919325807e-01 6.800620000000000553e-01
-9.917549216287460112e-01 1.256909900675456382e-01 2.497899999999993528e-02
-1.982379771446098338e-01 9.428678912942222157e-01 2.677720000000000100e-01
5.047053522450910545e-01 7.177755009514872331e-01 4.796570000000000000e-01
-4.431878780975717080e-01 -3.019699169407207007e-02 8.959200000000000497e-01
3.338422105822427821e-01 -1.192697179696566717e-01 9.350530000000000230e-01
-8.617738841308503206e-01 2.386079679181476176e-01 4.476740000000000719e-01
7.699324051543667835e-01 1.674110880951794611e-01 6.157740000000000435e-01
-7.232816905886755299e-01 6.852567068553123697e-01 8.536299999999999444e-02
-6.848052791345773382e-01 -9.326703801672672767e-02 7.227329999999999588e-01
8.013869632528185516e-01 -5.961379726644040478e-01 4.897399999999996201e-02
5.800187312966406106e-01 7.957026313774735460e-01 1.744579999999999742e-01
8.061281413311359723e-01 -3.861210676951049581e-01 4.484060000000001378e-01
6.070141629508266634e-01 -5.733681539186732401e-01 5.502569999999999961e-01
2.801120541083416682e-01 -9.599571854318322828e-01 4.409000000000043960e-03
-9.626308130516836314e-02 6.188505226899583267e-01 7.795879999999999477e-01
5.920461222647591670e-01 -8.034301659181474209e-01 -6.309800000000001519e-02
3.367333025579790640e-01 -3.939163539374782030e-01 8.552429999999999755e-01
-5.739500878979049425e-02 -5.573120853498693128e-01 -8.283169999999998590e-01
-2.538430175245877662e-01 7.831490540663454958e-01 5.676630000000000287e-01
-6.244290854744036778e-01 5.952940814862852648e-01 5.056809999999999361e-01
8.492513511425840989e-01 4.740896377791134486e-02 5.258559999999999901e-01
1.855449317214504512e-01 6.370417655754466724e-01 7.481649999999999689e-01
2.320089187921143270e-01 8.631986978627307350e-01 4.483970000000000455e-01
-9.853009869288525957e-02 -5.291345300087401116e-01 8.427980000000000471e-01
