6.100268508132141720e-01 -2.330113249842430956e-01 7.573459999999999637e-01
7.317048188281171095e-01 5.749458576420150013e-01 3.661220000000000030e-01
-8.583552940051619382e-03 4.446650360580729766e-02 9.989740000000000286e-01
-1.055679854925885980e-01 9.380878710856657143e-01 3.299189999999999068e-01
-2.974200297097093215e-02 -9.032370902256365852e-01 4.281100000000000461e-01
-3.715849940498839876e-01 -6.624249893927217636e-01 6.504750000000000254e-01
7.791398180583845867e-02 8.770157952027770598e-01 4.741019999999999679e-01
2.156158464538252828e-01 9.431863283301983314e-01 -2.528029999999999444e-01
-7.270640885674901632e-01 1.274840155294964528e-01 6.746299999999999519e-01
1.506990493807590370e-01 9.578373138621900651e-01 2.446169999999999456e-01
4.609169334089430747e-01 4.130759403207792113e-01 7.854449999999999488e-01
-7.786964839998096188e-01 5.178813218898075110e-01 3.541619999999999213e-01
-9.458000719363830050e-03 9.840390748447911395e-01 -1.777009999999999701e-01
-1.937130084045254053e-01 -5.832440253049044898e-01 7.888610000000000344e-01
-9.046941866856111902e-01 3.026050624432122249e-01 2.999309999999999476e-01
4.633617006378064618e-01 1.874678788833963605e-01 8.661130000000000217e-01
5.955719681054431058e-01 7.670299589233845472e-01 2.386610000000000953e-01
9.068771068846590566e-01 -5.925000698321385845e-02 4.172089999999998855e-01
-3.625398274696836065e-01 8.484445962308040379e-01 3.856250000000000511e-01
4.545581797743823982e-01 -8.907163522716984305e-01 -1.113999999999968531e-03
-6.073001801163173674e-01 3.149580934119465825e-01 7.293749999999999956e-01
-7.829083019987527203e-01 3.329141284181701410e-01 5.255689999999999529e-01
-6.055954458917219840e-01 -5.116215318760601871e-01 6.095059999999999922e-01
-7.765501188845599367e-01 5.231420800895066892e-01 -3.511300000000000532e-01
2.103418057862770640e-01 -8.679950719657344993e-02 9.737670000000000492e-01
-4.006338883736911827e-01 -9.033347483090511387e-01 -1.532279999999999198e-01
7.158982584055394449e-01 -3.990255866519282213e-01 5.729469999999999841e-01
-1.123400332135933606e-02 -4.658621377332308744e-01 8.847859999999999614e-01
6.120989291876694979e-03 5.293090740211136014e-01 8.484070000000000222e-01
-2.692330545180465218e-01 -8.273761675386126502e-01 4.929120000000000723e-01
-7.302259194432625389e-01 6.646809266740260069e-01 1.580169999999999353e-01
7.172987464925780626e-03 2.951564842025802826e-01 9.554219999999999935e-01
2.354928969993941579e-01 -9.675275768198199344e-01 9.183399999999994345e-02
-5.354717742042270912e-01 -6.990987052066233165e-01 4.738469999999999627e-01
8.814138479956965533e-01 3.893219328594514361e-01 -2.674660000000000371e-01
-2.091498268983917608e-01 6.446674664448119874e-01 7.352959999999999496e-01
2.629320047587749842e-01 7.660050138638333506e-01 5.866029999999999855e-01
7.848889272759155267e-01 6.070349437550218719e-01 1.243300000000000516e-01
2.309098036061537837e-02 7.303833787929361332e-01 6.826470000000000038e-01
8.700188594321326407e-01 -2.998669515508687877e-01 3.913400000000000767e-01
-8.763133038172594702e-01 9.963803454444254692e-02 4.713250000000000495e-01
-6.482339666942250611e-01 7.593839609834213134e-01 -5.593500000000003330e-02
-4.447834186504853737e-01 -2.082711960343700264e-01 8.710860000000000269e-01
-1.741130698864300219e-01 8.179853283273014197e-01 5.482559999999999656e-01
1.639709211230345742e-01 -3.151188484144727964e-01 9.347800000000000553e-01
7.808564560932170773e-01 -1.535290896753505330e-01 6.055509999999999504e-01
-9.706731146633863494e-01 -1.945770229849370370e-01 1.411860000000000059e-01
-6.249888712899704935e-01 -5.653198835781855086e-02 7.785840000000000538e-01
6.435260000834301941e-01 4.914350000637123239e-01 5.868269999999999875e-01
-9.726476291314785083e-01 1.178259550732080330e-01 -2.001840000000000563e-01
-4.286869068614112543e-01 -4.513459019384086224e-01 7.826330000000000231e-01
8.046353427470844810e-01 -5.836642486209702163e-01 1.090780000000000916e-01
1.633549779696774618e-01 -8.080798910210091890e-01 5.659699999999999731e-01
-4.144475889864462914e-01 2.962737061811623884e-01 8.604969999999999564e-01
4.441106306713452634e-01 -5.079407213149965405e-02 8.945309999999999651e-01
-4.280410912759545772e-01 5.170891102646524295e-01 7.412149999999999572e-01
-7.946242733562943750e-01 -1.133450389914843481e-01 5.964270000000000405e-01
-9.119588859831706529e-01 -1.524669809379544660e-01 3.808999999999999608e-01
6.569488008577329952e-01 2.691579184095960198e-01 7.042530000000000179e-01
2.336359790123495317e-01 1.496039865609903596e-01 9.607459999999999889e-01
-2.371287460594426189e-01 -3.458876295898371533e-01 9.078169999999999851e-01
-2.838899167014484748e-01 9.441147229792811180e-01 1.674930000000000307e-01
8.055100103759399444e-01 1.077590013880658365e-01 5.827020000000000532e-01
8.063050268746284610e-01 3.417750113915654087e-01 4.827649999999999442e-01
-4.646228831861295427e-01 7.069698222561048018e-02 8.826819999999999666e-01
2.276861019395282348e-01 5.918032649619151542e-01 7.732580000000000009e-01
-7.351971115508004750e-01 -5.592900848605845132e-01 3.829879999999999951e-01
-6.351034877609578189e-01 -2.950332265862051218e-01 7.138619999999999965e-01
-2.191860511491889596e-01 1.741678352556095821e-01 9.600119999999999765e-01
-4.297297730330724291e-02 9.957094741041131458e-01 8.195099999999994056e-02
-9.152361118892542446e-01 -4.029150492570865438e-01 1.523999999999989122e-03
-6.245318945399954691e-01 5.226889117374539095e-01 5.803070000000000173e-01
1.977239935951909111e-01 9.802549682469192671e-01 -2.328000000000034903e-03
4.011308200932166557e-01 -2.891865912284720119e-01 8.691750000000000309e-01
4.103511112294916385e-01 -7.878542135552246695e-01 4.592359999999998665e-01
9.236614678298971093e-01 1.632970827091527188e-01 3.466750000000000664e-01
8.000036593929155115e-01 5.870817500458892502e-01 -1.238109999999999905e-01
-9.998648044254315748e-01 1.445199717317456264e-02 7.843000000000105096e-03
-2.102055759850838534e-01 4.283541359480251276e-01 8.788209999999999633e-01
-4.131500575221964122e-01 7.028150978517790914e-01 5.791009999999999769e-01
-5.383559679934314390e-01 8.159929514872389378e-01 2.105429999999999802e-01
6.315319415066044106e-01 -7.153559337427060072e-01 2.990539999999999865e-01
-9.671467220074225768e-01 6.020498269493369109e-02 2.469870000000000954e-01
8.816730562920572778e-01 4.022610256831038456e-01 2.466550000000000131e-01
5.151060344222345710e-01 -4.700420314108086361e-01 7.167470000000000230e-01
5.310461231922122272e-01 7.125621653003487710e-01 4.585250000000000714e-01
9.078100041259593023e-02 -6.528370029671175523e-01 7.520390000000000130e-01
4.421007544467090433e-01 6.128796595920367185e-01 6.549239999999999506e-01
3.555940469245514879e-01 -6.647090877156862643e-01 6.570500000000000229e-01
6.472584110069879992e-01 1.985601260850349339e-02 7.620120000000000227e-01
-9.753125939770291852e-01 -1.833679236638699750e-01 -1.230509999999999243e-01
-9.275402820268868753e-02 -7.617542316181609152e-01 6.411919999999999842e-01
5.892996544488630084e-01 -6.152906392083750120e-01 5.235870000000001356e-01
4.414511886445989797e-01 -8.656523699177809394e-01 2.361500000000000543e-01
2.729522615062354163e-01 -5.047024835382045715e-01 8.190070000000000405e-01
-6.354390580204652972e-01 -7.366100672581551434e-01 2.315659999999999941e-01
3.438590665424613446e-01 8.590481662401399099e-01 3.792060000000000430e-01
2.094471005575944123e-01 -9.161894398714803822e-01 3.416559999999999597e-01
-4.312391826244283966e-01 -8.462343583697219396e-01 3.129219999999999224e-01
2.384829396932179324e-01 3.797239039766669988e-01 8.938319999999999599e-01
-9.158932704195384966e-01 3.690081089504700929e-01 -1.580270000000001118e-01
-4.315149043199580370e-01 -8.984938007764647905e-01 8.064599999999992608e-02
-6.321721962237434322e-01 -7.748092404977167114e-01 -5.381000000000059347e-03
-5.003469855064997945e-02 -1.998507959377336107e-01 9.785479999999999734e-01
-2.610941099171379398e-01 -7.086075843213507364e-02 9.627090000000000369e-01
-8.748157333731231278e-01 4.729958558400323421e-01 1.047489999999999949e-01
7.883098622862864113e-01 3.479149392210340030e-01 -5.074670000000002235e-01
-9.662701796449099101e-01 2.519690468450310750e-01 5.323099999999992421e-02
-5.985881803379610178e-01 6.908802081429809006e-01 4.054339999999999611e-01
