-5.191520895812632430e-01 2.841200490257737021e-01 8.060749999999999860e-01
-4.801337783515768343e-01 8.732345968809520631e-01 8.326400000000003243e-02
-1.628700506655217720e-02 -6.178121921886635670e-01 7.861569999999999947e-01
-3.284612471146780011e-01 -4.525603404794440454e-01 8.290370000000000239e-01
5.047402874608246659e-01 -7.204324103022879955e-01 4.756199999999999317e-01
3.791300720254511814e-02 -8.880721687120141095e-01 -4.581379999999999342e-01
3.536767816778491613e-01 8.449734784039075741e-01 4.011640000000000761e-01
-7.055029243816163254e-01 -5.746259384094902778e-01 4.148140000000000716e-01
2.956899471777462707e-01 -9.365458326948136181e-01 1.882800000000000584e-01
-8.777806796869811468e-01 4.678178292874923816e-01 -1.031869999999999593e-01
2.041083499028184811e-01 -2.266562780863319859e-01 9.523479999999999723e-01
-7.800328413643177194e-01 6.246648729615819073e-01 3.664100000000002771e-02
-7.561421374927232986e-01 -6.209851129165139261e-01 2.064620000000000899e-01
-8.580109690596033900e-01 -4.958549821191679530e-01 -1.339589999999999670e-01
-5.925008284164899885e-01 -7.411027853825494782e-01 3.157679999999999931e-01
-7.792666601790400049e-01 -3.765708357857850408e-01 5.009369999999998546e-01
8.510793089452455273e-01 -3.775396934473704280e-02 5.236779999999999768e-01
-2.531198490306965643e-01 5.734226579911865240e-01 7.791770000000000085e-01
1.187710436623448662e-01 5.294591946386024706e-01 8.399799999999999489e-01
6.918660680605096536e-01 -6.008650591085240578e-01 4.003530000000000699e-01
-3.845335424607408403e-01 -2.631246869197064742e-01 8.848160000000000469e-01
4.977510486815271418e-01 4.090330400046430226e-01 7.648110000000000186e-01
1.202529629695922031e-01 -7.410827717927559455e-01 6.605569999999999498e-01
2.210529000964732982e-01 -5.940277315327447960e-01 7.734769999999999701e-01
1.734381740060103594e-01 -2.244328132116106198e-02 9.845890000000000475e-01
5.822656620077718559e-01 -5.620746737281900884e-01 5.874000000000000332e-01
-2.690976699028234734e-02 -8.364749258960889333e-02 9.961320000000000174e-01
9.940766565344901773e-01 1.078369627410249165e-01 -1.352000000000007883e-02
-2.761958613826701048e-01 9.347355308744205171e-01 2.235740000000000505e-01
2.606680741329085449e-01 -8.178772326008596494e-01 5.129609999999998893e-01
5.231973968130479991e-01 5.760634369086878870e-01 6.280250000000000554e-01
-3.811429783717442121e-01 6.597139625640161542e-01 6.476939999999999920e-01
-6.285800746634880865e-01 -7.704380915135515817e-01 1.063589999999999397e-01
9.938810307168963187e-03 1.335814504550618953e-01 9.909879999999999800e-01
-9.727245703248029729e-01 -1.156379489200128757e-01 -2.010840000000000405e-01
1.491969844829647562e-01 9.305329032211542284e-01 3.344380000000000686e-01
3.245240471088345902e-01 9.256871343753799719e-01 1.943900000000000072e-01
-3.202096166977705383e-01 3.803415447177272424e-01 8.676439999999999708e-01
2.862603790358148603e-01 3.942085219693653442e-01 8.733009999999999939e-01
6.958319835898524319e-01 6.612299844058883158e-01 2.803440000000000931e-01
9.581808736994027464e-01 -2.855009623672908892e-01 1.945799999999995797e-02
-5.589362315920767266e-01 -1.568550649920120721e-01 8.142399999999999638e-01
-4.683186748396508392e-01 4.816126656094431024e-01 7.407610000000000028e-01
-5.283098123268835378e-02 -9.489446629034757885e-01 3.109870000000001244e-01
-8.169625026062020678e-01 8.627994746991385355e-02 5.702000000000000401e-01
-6.853044822920827395e-01 1.904681340444654425e-01 7.029079999999999773e-01
2.205999249817021945e-01 2.032470095452015846e-01 9.539530000000000509e-01
-2.257077751973746715e-01 -6.197113827738292002e-01 7.516739999999999533e-01
-7.035311190531365888e-01 -3.777100639169576890e-02 7.096599999999999575e-01
-1.617782539741201842e-01 2.537198299938046575e-01 9.536529999999999729e-01
-9.664903931619858724e-02 9.844764004785770961e-01 -1.465099999999999458e-01
4.810629393496731465e-01 8.757868895845910551e-01 3.969600000000005763e-02
2.925881486491463401e-01 -9.560594857251639711e-01 -1.850499999999995204e-02
-5.674039989181242083e-01 5.950509988654092419e-01 5.691810000000000480e-01
-6.120547616506172295e-01 6.936317298825118716e-01 3.798210000000000197e-01
6.264326374827884347e-01 -3.758617824883999647e-01 6.828689999999999483e-01
-3.658625649901238175e-01 1.690212610142505789e-01 9.151920000000000055e-01
3.997361835321023849e-01 -1.531120702988153504e-01 9.037519999999999998e-01
6.274714859435365222e-01 2.130091649643517659e-01 7.489369999999999639e-01
-9.067181094031467881e-01 -3.195300385539784349e-02 4.205249999999999266e-01
-4.600479634097650039e-01 8.398379332029052291e-01 2.881460000000001243e-01
8.555999496726733600e-02 -9.942739415157179073e-01 -6.402199999999999558e-02
-1.283999663490305743e-03 7.780677960845469032e-01 6.281790000000000429e-01
5.496875434855916787e-01 2.987402953697024591e-02 8.348360000000000225e-01
5.974048938335879688e-01 -7.532408661395632032e-01 2.752009999999999734e-01
-6.542796881323328928e-02 9.613325417731236611e-01 2.675050000000000483e-01
-9.497555964399587713e-01 -3.074068693799441587e-01 -5.886699999999998878e-02
6.197783018978487990e-02 3.424680616874605787e-01 9.374829999999999552e-01
-2.599378747580329829e-01 -9.322885508093924356e-01 2.515359999999999263e-01
4.334027855379473659e-01 -5.186567433514654990e-01 7.369919999999999805e-01
-7.996123250804849647e-01 2.945531197498690301e-01 5.233150000000000857e-01
-2.066699937119647057e-01 7.644239767420279996e-01 6.106909999999999838e-01
-4.029432562370677262e-01 -8.258435251650695363e-01 3.944859999999999478e-01
4.814072585478419430e-01 -8.667214654872988921e-01 1.305409999999999904e-01
4.703934551717944279e-01 -3.265426217854889845e-01 8.198170000000000179e-01
-8.968820065595826119e-01 -2.442510017863938621e-01 3.687059999999999782e-01
3.401487070683408276e-01 5.635735146577915966e-01 7.527840000000000087e-01
2.431993149845250706e-03 -2.851661967771060846e-01 9.584749999999999659e-01
3.672207687466654269e-01 7.219195453789210015e-01 5.864989999999999926e-01
6.450861325444514627e-01 -7.625451566785028668e-01 4.887500000000000872e-02
7.565992337517229993e-01 -2.116690653952667811e-01 6.186709999999999710e-01
-4.391512595255203655e-01 -5.810953434103126591e-01 6.851819999999999578e-01
5.111722282789108451e-01 8.188903656994463987e-01 2.610009999999998720e-01
-5.480704021200947379e-02 6.383314683447770532e-01 7.678080000000000460e-01
4.000831965992987516e-01 -8.469214161738305435e-01 3.502250000000001195e-01
4.393919150864361023e-01 2.352284898915822098e-01 8.669499999999999984e-01
5.414154435825142553e-01 7.134105844984004463e-01 4.448760000000000492e-01
-1.376861909884855295e-01 -4.356076042438679630e-01 8.895440000000000014e-01
2.838933136050816319e-01 -4.016824437218121102e-01 8.706639999999999935e-01
-7.736048394154709795e-01 -6.335198684942433545e-01 -1.371600000000006321e-02
-9.007890670663529775e-01 -1.401720104362117192e-01 -4.110119999999999330e-01
6.704229427921971629e-01 3.884379668542330966e-01 6.321780000000000177e-01
-7.261305695625122070e-01 5.069783976638664313e-01 4.644430000000001058e-01
1.810470688263250416e-01 8.312383160011308503e-01 5.256089999999999929e-01
7.504317879606360320e-01 -4.181438818507369204e-01 5.118669999999998499e-01
8.352409183683329186e-01 -4.503999559804860442e-01 3.154560000000000142e-01
3.625861073303925930e-01 4.612788643535578603e-02 9.308079999999999687e-01
9.899400082488443164e-01 -9.272200077262190976e-02 -1.068710000000000354e-01
8.336408236488143664e-02 -4.613194557900861525e-01 8.833090000000000108e-01
-2.030833555341949037e-01 -2.119853272846302372e-01 9.559389999999999832e-01
-1.043279544622389143e-01 -9.902735677587910512e-01 9.205400000000008021e-02
-1.079039615770402971e-01 -7.617207287628325885e-01 6.388570000000000082e-01
-8.457118044144953384e-01 -4.421378977479520911e-01 2.988069999999998783e-01
6.792450248601483720e-01 5.495270201125111997e-01 4.864630000000000343e-01
-4.249670712458166189e-01 7.682631287994714508e-01 4.787219999999999254e-01
-9.481325441143396704e-01 -2.738498683261864630e-01 1.614030000000001019e-01
-9.434045963164825466e-01 2.672751689419250454e-01 1.963460000000001038e-01
9.427307980409432853e-01 -6.777198548136298406e-02 3.265970000000001372e-01
7.566850244056610997e-01 -6.257590201828527876e-01 1.893500000000001016e-01
8.113158493524232906e-01 3.419369365081170731e-01 4.741789999999999616e-01
-1.959820039102119493e-01 -8.668280172948598095e-01 4.584759999999999391e-01
6.054305368795984688e-01 -1.673141483697093423e-01 7.781130000000000546e-01
-2.990709321549671063e-01 -9.538157836243638110e-01 2.814300000000009849e-02
-8.801408889799189339e-01 -4.666149411416633530e-01 8.730699999999996797e-02
-6.399231428246032749e-01 7.490801671873861256e-01 1.713980000000000226e-01
8.662138633179751190e-01 -2.485329607833702548e-01 4.334799999999999209e-01
-4.534021741649940651e-01 -8.722673350633144418e-01 1.832379999999999842e-01
-2.007712156919428115e-01 3.243687328611339488e-02 9.791009999999999991e-01
-5.493342458538055251e-01 6.608990926934936450e-02 8.329849999999999755e-01
7.822467673934618837e-01 1.754529478278409049e-01 5.977510000000000323e-01
3.625638808060251961e-01 -6.852117747345519705e-01 6.316899999999999737e-01
9.336538050187802584e-01 -2.737149428382627536e-01 2.310210000000000041e-01
9.898196695101142417e-01 -8.620197121811123964e-02 1.132530000000000481e-01
8.809136923949082432e-01 -4.580068400691948427e-01 -1.192510000000000792e-01
-1.047688165501948210e-01 4.554832024506190735e-01 8.840580000000000105e-01
7.185783484485058770e-01 1.350000654633850400e-04 6.954460000000000086e-01
-6.270702820407441092e-01 -4.944382223861153447e-01 6.019250000000000433e-01
1.774910723215548380e-01 6.881472803965329454e-01 7.035270000000000135e-01
-6.837232813267232201e-01 -2.758781135135922047e-01 6.755839999999999623e-01
-2.470850219548636761e-01 8.719740774796945759e-01 4.226230000000000819e-01
8.051633932664766791e-01 4.943152414387129157e-01 3.276649999999998730e-01
-5.247251550277045595e-01 -3.837481133766670882e-01 7.598690000000000166e-01
-8.120643074748812307e-01 -1.569430594239249188e-01 5.620680000000000121e-01
-1.238189755513265655e-01 -9.842748056500378873e-01 -1.259839999999999294e-01
9.110002523629769922e-01 3.105550860291815263e-01 2.713559999999999861e-01
-3.841132562834832509e-01 -5.295703533336391239e-02 9.217659999999999743e-01
-9.704799881983954268e-01 -6.365799922588129267e-02 2.326290000000000580e-01
-8.536492673594989755e-01 3.951491237591076011e-01 3.393230000000000968e-01
2.476999597458452371e-02 -8.625348598279486412e-01 5.053910000000000347e-01
-6.499997284654370766e-01 3.981878336587621470e-01 6.472609999999999753e-01
-3.251338097089324641e-01 -7.417745658615936266e-01 5.865650000000000031e-01
-6.450520673227725377e-01 -7.561980789228556210e-01 -1.098740000000001105e-01
-5.280157837129638709e-01 -6.778247223478829353e-01 5.116180000000000172e-01
1.639499665561847119e-01 -9.204168122460747448e-01 3.548989999999999090e-01
-7.657565271703806742e-01 5.884726366373870254e-01 2.594549999999999357e-01
-9.147129614692856014e-01 1.653699930340728486e-01 3.687179999999999902e-01
