3.977742223313310843e-01 2.092411169529181103e-01 8.933050000000000157e-01
8.304770672413251953e-01 5.500850445387944765e-01 8.783100000000002017e-02
-2.076032836835316198e-01 -4.312315892647650695e-01 8.780320000000000347e-01
-7.679669764372113461e-01 4.911559849303352987e-01 4.110869999999999247e-01
-6.568523984579871522e-01 3.199211940697109791e-01 6.827849999999999753e-01
3.733351442557757416e-01 8.241133184353466312e-01 4.259789999999999410e-01
2.077598492541298317e-02 6.973094940479291903e-01 7.164690000000000225e-01
7.873694914502747944e-01 4.241962647694292876e-01 4.473329999999999251e-01
-9.748579439314940531e-01 -2.220439872292420680e-01 -1.866700000000006202e-02
-7.820110369279485996e-01 -5.936950280353328058e-01 1.896969999999999212e-01
-8.308894440819357685e-01 3.168721693573161580e-01 4.573999999999998622e-01
6.278222057976258208e-01 -4.317531415269652562e-01 6.476330000000000142e-01
-4.733601951953478881e-01 1.187640489736781491e-01 8.728259999999999907e-01
1.120566834798072953e-01 1.287017850051284940e-01 9.853319999999999856e-01
-1.812649340071033066e-01 -7.823757151614565419e-01 5.958449999999999580e-01
5.243119676640175530e-01 7.644399528545628986e-01 3.751380000000000270e-01
5.817179605593763014e-01 -9.925999327014756873e-03 8.133299999999999974e-01
-1.723000437865990775e-01 4.705011195684193348e-01 8.654140000000000166e-01
2.223421063483580762e-01 9.749644663348379092e-01 2.877000000000040116e-03
-3.586881113555496214e-01 4.431241375689083384e-01 8.215740000000000265e-01
7.912494787016299824e-01 5.467543307833955257e-01 2.738320000000000753e-01
5.918242331055340033e-01 -6.620002607462075472e-01 4.598909999999998832e-01
4.988851869346420664e-01 3.226591209019005757e-01 8.043660000000000254e-01
-3.475549648698186278e-01 6.750999317622090601e-01 6.507270000000000554e-01
-7.167018943948484377e-01 6.757099004349688132e-01 1.724950000000000649e-01
5.991997387048569185e-02 -9.622795803753503296e-01 2.653820000000000623e-01
4.790127218291801436e-01 -4.860647177339664227e-01 7.309499999999999886e-01
8.246399518701626186e-02 -9.914949421317265088e-01 1.006849999999999551e-01
-8.628448773229386859e-01 -4.996859289559421047e-01 7.624099999999991994e-02
8.072113726536518374e-01 2.027998423885677467e-03 5.902589999999999781e-01
-5.867311891128222934e-01 -6.478022087969858012e-01 -4.858999999999999431e-01
-1.261070485212260062e-01 -8.828253396778238393e-01 4.524559999999999693e-01
9.876390063251497820e-01 -2.351000015056540875e-03 -1.567280000000000617e-01
-5.078791098046373520e-01 6.342761371319665109e-01 5.828830000000000400e-01
-7.263690445873914880e-01 -6.699860411263804938e-01 -1.533189999999999831e-01
-8.346461188719900282e-01 -3.718870529649071499e-01 4.062830000000000608e-01
9.852503280315244583e-01 -5.974401989131225554e-02 1.603510000000000491e-01
-4.911152356245137574e-01 -4.607832210719899346e-01 7.392459999999999587e-01
8.317954931721922573e-01 -4.958366978778695477e-01 2.495240000000000791e-01
-5.160860998539953393e-01 8.557241655682583659e-01 -3.729999999999990268e-02
-8.444603922386517691e-02 -9.873064585884169242e-01 1.345169999999999144e-01
-8.740156136143092391e-01 1.430449367625520607e-01 4.643650000000000277e-01
1.742180395945128468e-01 4.229050961135900621e-01 8.892689999999999761e-01
1.017610056084819609e-01 -7.336370404338581341e-01 6.718790000000000040e-01
1.018309838473921564e-01 5.708259094546007661e-01 8.147320000000000118e-01
6.887584693224996224e-02 2.941963461862932006e-01 9.532599999999999962e-01
6.622907169581353504e-01 6.816127087005341423e-01 3.110870000000000024e-01
9.934761893652921394e-01 -1.139990217292153468e-01 -3.046999999999968570e-03
-9.182841101531934447e-01 2.305780276590934375e-01 3.218509999999999982e-01
-7.458106167491132532e-02 -7.075565851148889474e-01 7.027099999999999458e-01
-2.637226006438828096e-01 3.352027634441980819e-01 9.044830000000000370e-01
4.043401547004521479e-02 8.718153335563489925e-01 4.881630000000000691e-01
2.741019605835934847e-01 -7.362168941305476944e-01 6.187510000000000510e-01
-3.075916652754612790e-01 -1.048858858620576040e-01 9.457200000000000051e-01
-1.468840344169595746e-01 8.719602043123283464e-01 4.670229999999999659e-01
9.596902969403108274e-01 -2.806390868332814814e-01 -1.536999999999990631e-02
2.141914182828037749e-02 -1.815252019812673423e-01 9.831530000000000546e-01
-8.166219994509211766e-01 5.282279996448312476e-01 2.326019999999998922e-01
4.904021887779768107e-01 8.674633339258609466e-01 8.374399999999994348e-02
5.196526387667200764e-01 5.741796008626435244e-01 6.326760000000000161e-01
-5.687001059763764355e-01 7.012561306779843129e-01 4.299069999999999836e-01
-5.723778065618941868e-01 2.223929248411352644e-01 7.892559999999999576e-01
4.811732302412274898e-01 -7.835873749462931581e-01 3.930180000000000340e-01
-7.759539569229274569e-01 -2.962789835520765469e-01 5.568790000000000129e-01
-3.182376746637398668e-01 -5.276914605378939527e-01 7.875699999999999923e-01
-9.209089636039272664e-01 -3.877959846735657967e-01 -3.925500000000003292e-02
-1.764082783424150425e-01 1.913881321464475094e-02 9.841309999999999780e-01
-9.792555067899973986e-01 -1.092029449990484929e-01 -1.706850000000001144e-01
2.867229492098208876e-01 9.103238387449943403e-01 2.984969999999999568e-01
5.501475767262908878e-01 1.581811658232098183e-01 8.199490000000000389e-01
5.886377000786446878e-01 4.156077882404556334e-01 6.933799999999999963e-01
2.001389109031334879e-01 6.711257012315261505e-01 7.138170000000000348e-01
-1.063059740320008578e-01 9.919147576990210435e-01 6.931200000000006800e-02
3.419275088031309973e-01 3.778854571476450430e-01 8.604000000000000536e-01
-5.096191624228519901e-01 3.812731215171490384e-01 7.713100000000000511e-01
1.240340521581157068e-01 9.352433932833942309e-01 3.315650000000000541e-01
-2.559328673728314962e-01 -6.666346545427416226e-01 7.000690000000000524e-01
7.234970349348893714e-01 -5.884060284118642903e-01 3.610130000000000283e-01
-4.412162303086868964e-01 5.432752835820819914e-01 7.142690000000000428e-01
6.246300575078355122e-01 -7.778860716176617673e-01 -6.877899999999995129e-02
6.210358853412658586e-01 -7.236438663972700747e-01 3.010880000000000778e-01
5.881661744327920660e-01 7.837272324304511706e-01 1.995800000000000629e-01
6.924199299148530162e-01 -2.680789728656651771e-01 6.698420000000000485e-01
-1.439052498793152168e-01 -1.499092185830205037e-01 9.781710000000000127e-01
7.132633073059631013e-01 -8.587103699711097493e-02 6.956160000000000121e-01
-9.482042446176998374e-02 -3.156504130028815469e-01 9.441260000000000208e-01
5.050042112961726781e-01 -8.335093487442901683e-01 2.241269999999999374e-01
3.435395908519529168e-02 -6.137392690501175530e-01 7.887610000000000454e-01
4.373385927272502305e-01 4.843676564659827322e-01 7.577089999999999659e-01
-8.755232711631303344e-01 -2.045120633405566324e-01 4.377600000000000380e-01
-1.071320367250931244e-01 -9.488173252566235449e-01 2.970999999999999752e-01
9.480293664064962655e-01 1.084400419112922266e-02 3.179980000000000029e-01
-8.045934009003247178e-01 5.041696245956542310e-02 5.916820000000000412e-01
-5.464663896471769755e-01 -3.065442185753626814e-01 7.793619999999999992e-01
-9.117918167008308705e-01 3.938669208202158489e-01 -1.162089999999999790e-01
-4.228751210647999081e-01 -6.035911728019478506e-01 6.759100000000000108e-01
2.495939770639751809e-01 9.544459122927752004e-01 -1.635110000000000174e-01
-6.905503594169462023e-01 -2.219601155255742364e-01 6.883850000000000247e-01
7.298960411260206893e-01 3.409980192135466104e-01 5.924289999999999834e-01
8.895428494246322426e-01 3.086399477556661317e-02 -4.558079999999998799e-01
8.335439097363388505e-01 -5.453279409469664607e-01 8.844200000000007611e-02
4.423212682650435323e-01 8.596065213459024301e-01 2.557900000000000174e-01
9.381429414992669136e-01 -1.635969897984162202e-01 3.051619999999999888e-01
7.766589691639160797e-01 1.721309931657961090e-01 6.059470000000000134e-01
-9.342748781217475873e-01 -3.351109562840245415e-01 1.217830000000000995e-01
5.997035709487152921e-01 -3.259803103500603233e-02 -7.995579999999999909e-01
3.168985219305053835e-01 -7.178489170613139292e-02 9.457389999999999963e-01
-7.114029119924765165e-01 -4.930099390098317130e-02 7.010530000000000372e-01
-6.650128559731915967e-01 -7.341018410100734748e-01 1.373039999999999261e-01
2.119219703478570638e-01 8.606568795768043678e-01 4.629889999999998729e-01
-8.054171723017483631e-01 -1.270970271896859904e-01 5.789210000000000189e-01
3.824700653861983213e-01 -9.143131563088641167e-01 1.332220000000000626e-01
-3.367209944334195737e-01 6.873999886360886158e-02 9.390920000000000378e-01
-6.385558915666095237e-01 -7.687778694535714052e-01 -3.502800000000000358e-02
-5.830691275107624527e-01 -5.346481169216237284e-01 6.117040000000000255e-01
5.991683108272373159e-01 -1.748717988597218165e-01 7.812919999999999865e-01
-5.708902786397564155e-02 1.571643237396646853e-01 9.859210000000000473e-01
-4.244608526884732225e-01 -8.181307160631327013e-01 3.879370000000000318e-01
8.015966016983615550e-01 -1.785439112841393505e-01 5.705829999999999513e-01
-6.457881836178587243e-01 -3.839011091551400301e-01 6.599829999999999863e-01
4.442791227334198512e-01 7.137311971703512725e-01 5.414830000000000476e-01
-2.655025920448030319e-01 -2.726235811031227363e-01 9.247619999999999729e-01
2.751589929708781468e-01 5.337019863662231245e-01 7.996560000000000334e-01
-7.226451391782673372e-01 4.099600789565034931e-01 5.565219999999999612e-01
7.301990424386824996e-01 -6.828020396840002171e-01 2.430500000000002103e-02
-7.589698720669940668e-01 -6.506408903270763933e-01 2.512300000000010358e-02
-3.809087440008095404e-01 -3.788637453752018436e-01 8.434279999999999555e-01
8.623189544781592053e-01 -2.641039860579434961e-01 4.320359999999999201e-01
-6.628402697282402556e-02 7.956713237809101003e-01 6.020910000000000428e-01
6.536599266669460562e-01 5.977659329376030506e-01 -4.641169999999998352e-01
7.591488329000344315e-01 -3.572119213723354836e-01 5.441439999999999610e-01
-5.848866107160025640e-01 -1.422951485790967252e-01 7.985360000000000236e-01
-7.010271465077738684e-01 6.278141312069746016e-01 3.382459999999999911e-01
6.598279941474793908e-01 4.965949955953180561e-01 5.639330000000000176e-01
8.747327982610023644e-01 3.517219188826262166e-01 3.333679999999999977e-01
9.623210942451395633e-01 -2.285670223847643401e-01 1.472929999999999517e-01
-2.454151220447994830e-01 9.594204771192534897e-01 1.388659999999998784e-01
5.310491563014257954e-01 8.432992482046594018e-01 -8.266300000000004200e-02
3.421072603617817398e-01 -2.349181787852017977e-01 9.098220000000000196e-01
2.350817338208521234e-01 2.610377044313371142e-01 9.362669999999999604e-01
-2.287430449813927236e-01 1.868432199161653706e-01 9.553880000000000150e-01
-8.637243388076821793e-01 3.960431553533430571e-01 3.116570000000000729e-01
-2.500340405214548367e-01 7.849431272108289281e-01 5.668750000000000178e-01
7.399519734425846762e-02 -3.485039294555861145e-01 9.343820000000000459e-01
-3.624231583467845685e-01 8.995883930403623108e-01 2.437010000000000010e-01
-7.706489605165423029e-01 -5.272209729883408080e-01 3.579640000000001154e-01
6.855972518989840170e-01 -5.179971903201415762e-01 5.115030000000000410e-01
-4.113102035906700954e-02 9.342624624420174939e-01 3.542060000000000763e-01
-1.450279064518571193e-01 -5.795446261731631576e-01 8.019319999999999782e-01
-4.654668977555450615e-01 8.142998211309081524e-01 3.467799999999999216e-01
-9.466168648268454833e-01 -1.060939848501973454e-01 3.044020000000000059e-01
1.538441339377516204e-01 -4.076177053248809801e-02 9.872539999999999649e-01
-4.130190448852688045e-01 7.581650823943689721e-01 5.045800000000000285e-01
-8.644060857768700590e-01 -4.402760436895362117e-01 2.428149999999999198e-01
6.494703070793470534e-01 2.542351202061954862e-01 7.166259999999999852e-01
8.415606968444190317e-01 2.569259074475280791e-01 4.751470000000000415e-01
2.010819973684272732e-01 -9.045019881627258673e-01 3.760880000000000334e-01
-1.899719181226706133e-01 9.379775957344574921e-01 2.900149999999999673e-01
1.588769430565200313e-01 -8.315987019446431372e-01 5.321670000000000567e-01
-6.484518003269454933e-01 5.677808251673732709e-01 5.070849999999998969e-01
-2.656978507962345359e-01 5.799016743537321883e-01 7.701419999999999932e-01
-9.984986054051890880e-01 -5.434297852429930548e-02 -6.882999999999994158e-03
-6.973515413196267332e-01 1.352419110451378581e-01 7.038539999999999797e-01
-4.631255917604544248e-01 -5.432795211057463852e-02 8.846260000000000234e-01
1.663940604210029650e-01 9.711233526342631928e-01 1.709749999999999881e-01
3.163702908010520010e-01 -5.045054637310262269e-01 8.033580000000000165e-01
4.399422202051909148e-01 -7.120193563885234278e-01 5.472470000000000390e-01
9.444388834183354842e-01 2.744629661202540594e-01 1.808460000000001178e-01
2.121079808497423891e-01 -6.285989432466820848e-01 7.482469999999999954e-01
8.120601713889504802e-01 -5.783071220543184454e-01 -7.822500000000007225e-02
5.508480376384977673e-01 -3.273720223687665021e-01 7.677199999999999580e-01
1.204269104800336915e-01 7.850494164294589128e-01 6.076139999999999874e-01
6.292421961976301104e-01 -7.666482390408153602e-01 1.276899999999999147e-01
-9.730262652824943348e-02 3.197367727705149876e-01 9.424970000000000292e-01
-2.857591897399749947e-01 -8.347455542589926614e-01 4.706820000000001003e-01
5.435662100589812029e-01 -5.828942252571348570e-01 6.039619999999999989e-01
-3.815769422121587651e-01 -9.232298601816445460e-01 4.522900000000000531e-02
3.354459746249261465e-01 9.329979294226399267e-01 1.303489999999999926e-01
-7.736498156550468408e-02 5.918808589668778097e-01 8.023040000000000171e-01
3.658191430451047665e-01 6.324912473210561048e-01 6.827379999999999560e-01
-9.711812676244183651e-01 1.715920472849133127e-01 1.654179999999999540e-01
2.331996164539586625e-03 4.533392543878023706e-01 8.913349999999999884e-01
7.138664148511978391e-01 5.635563275010738726e-01 4.156909999999999217e-01
2.786028746897569186e-01 9.475129747715076156e-02 9.557210000000000427e-01
-9.752795147286739130e-01 -1.671589168264808190e-01 1.445260000000000988e-01
2.256569903990838510e-01 -9.509429595407011826e-01 2.116280000000000383e-01
-8.788631633399504040e-01 -4.346280807772268662e-01 -1.967180000000000872e-01
-9.241478938430510714e-01 3.397219609761090164e-01 1.747559999999999114e-01
-1.128199919013211233e-02 -8.190459412055429711e-01 5.736170000000000435e-01
-3.608559911926774721e-01 -7.358269820408532835e-01 5.730110000000000481e-01
-9.467120828642734409e-01 6.363100556952550058e-02 3.157329999999999859e-01
-5.049458668838754383e-01 -6.735418224378435514e-01 5.397880000000000456e-01
-3.054128845396841263e-01 8.609146745340966467e-01 4.068769999999999332e-01
6.800710235761414646e-01 6.698160232206296083e-01 -2.980769999999999809e-01
-4.076964303447193627e-01 2.666936273613850772e-01 8.733030000000000515e-01
2.467439978747704155e-01 -9.682059916607494987e-01 4.116500000000009041e-02
-2.723059738655860262e-01 -9.067309129770060316e-01 3.220069999999999877e-01
8.060879237859817081e-01 -4.334709590161784365e-01 4.028959999999999764e-01
6.893528981541492406e-01 8.432610986803083797e-02 7.195009999999999462e-01
-3.882830783077910741e-01 9.200591855548347908e-01 5.222400000000005510e-02
7.390224536215966866e-01 -6.437833951626236173e-01 1.984659999999999203e-01
-4.081559843020599598e-01 -8.869069658889914276e-01 2.163440000000000363e-01
3.596129147927389358e-01 -8.809137912748729038e-01 3.076840000000000130e-01
-4.302932926036912575e-01 -2.200516382381056402e-01 8.754570000000000407e-01
5.785498004315517417e-02 9.977606558264392467e-01 3.356300000000002337e-02
4.120757255276121800e-01 -3.597876334657598707e-01 8.371060000000000167e-01
-5.575055541766953393e-01 -7.280264178154085553e-01 3.989549999999999486e-01
-6.001891128892710148e-01 7.559461421855327989e-01 2.613780000000000547e-01
1.837387231314024372e-01 -2.095616842198061436e-01 9.603770000000000362e-01
9.264624072187233050e-01 1.833748826706877721e-01 3.286959999999999882e-01
3.819348436853711726e-01 -6.206487459868352818e-01 6.847779999999999978e-01
8.951079796230611008e-01 -4.424479899277674599e-01 -5.496800000000000297e-02
-7.239093179774105380e-01 -4.538701993626373943e-01 5.195740000000000913e-01
8.872928491896806547e-01 -8.623898534223629897e-02 4.530719999999999748e-01
3.698697254971771570e-02 -9.049923283501394300e-01 4.238169999999999993e-01
-9.186328742801020963e-01 -2.756219622796377000e-01 2.831009999999999360e-01
4.695063221073604298e-01 -1.461207890247634422e-01 8.707540000000000280e-01
2.403437467404809236e-01 -3.736786062403728015e-01 8.958789999999999809e-01
3.253699741494484043e-01 -8.199809348527483666e-01 4.709200000000000608e-01
4.400543756186303668e-01 3.662294803667973803e-02 8.972240000000000215e-01
-5.888604080429584720e-01 4.820673340421237074e-01 6.487330000000000041e-01
-7.748947752961007351e-01 2.300199332988459022e-01 5.887520000000000531e-01
-1.676129754923366411e-01 6.977538979773637573e-01 6.964519999999999600e-01
8.995640523361748686e-01 -3.355400195215461623e-01 2.796379999999999977e-01
-5.486148668766100966e-01 -7.986948061938048404e-01 2.472009999999999208e-01
-1.232199663924368749e-02 9.794747328536976827e-01 2.011899999999999245e-01
1.403402876077146366e-01 -5.017590282846777772e-01 8.535469999999999446e-01
8.802026074898334773e-01 8.931096017341967619e-02 4.661190000000000611e-01
-1.116911233779524157e-02 -1.188415922923492275e-02 9.998669999999999503e-01
-3.393598320475786634e-02 -4.734587656807363043e-01 8.801619999999999999e-01
2.884110418521717012e-01 7.598261102605943229e-01 5.826519999999999477e-01
-5.016938818353195995e-01 8.503907997062339907e-01 1.585519999999999985e-01
