6.540326812512993193e-01 5.079825291230362083e-01 5.605310000000000015e-01
3.564520930485203798e-01 9.311702430733754809e-01 7.657599999999997742e-02
-9.849542441719114638e-01 -1.513530375206877110e-01 8.341099999999991577e-02
-3.784029907670166115e-01 9.217059775104949892e-01 8.525999999999990531e-02
6.009002889823127358e-01 -5.980072875910232844e-01 5.303830000000000489e-01
1.476194976153199778e-01 -2.672859010026541471e-01 9.522429999999999506e-01
3.986110673250252701e-01 8.782661483383065182e-01 2.641170000000000462e-01
-1.580389477462053882e-01 -5.232878269807851312e-01 8.373730000000000340e-01
9.959051665869375625e-02 -7.421438501163067636e-02 9.922569999999999446e-01
7.411836023889759595e-01 3.334818211022910206e-01 5.826120000000000188e-01
7.439043722949854054e-01 -6.328723167277928718e-01 2.146600000000001007e-01
1.031119398804111326e-01 5.814896609614813583e-01 8.069929999999999604e-01
3.715819412809056033e-01 6.933508904334900746e-01 6.174070000000000391e-01
8.028385508036004481e-01 1.478971014677931406e-01 5.775609999999999911e-01
-2.101107730197734613e-01 1.027054002330607257e-01 9.722680000000000211e-01
-1.015854419829586991e-01 2.813502241124520853e-01 9.542129999999999779e-01
-3.024368548351750174e-01 -9.467445455778487062e-01 1.104840000000000683e-01
2.768619044767068327e-01 -7.487887416518299588e-01 6.022149999999999448e-01
-3.842082055495499859e-01 -5.052389552869785555e-02 9.218629999999999880e-01
-4.903431948788707362e-01 -5.274502096264458428e-01 6.938010000000000010e-01
6.976647274159174517e-01 6.284657544525982242e-01 -3.439400000000000790e-01
-9.714897683757596492e-02 -9.803777662566670603e-01 1.715269999999999573e-01
2.446360253879631408e-01 8.911670924839963925e-01 3.820660000000000722e-01
-4.950067178175600602e-01 2.695293908490991597e-01 8.260279999999999845e-01
-3.894764112397685052e-01 -2.574302718150890956e-01 8.843290000000000317e-01
7.787379136391682222e-01 -2.249159750571657068e-01 5.856449999999999712e-01
9.088158496634866079e-01 5.945699016461190867e-02 4.129390000000000005e-01
-4.790651135327780863e-01 5.581581322768900399e-01 6.774630000000000374e-01
1.699739580787933968e-01 8.225877971226100982e-01 5.426400000000000112e-01
1.363900180684555867e-02 7.378050977417496270e-01 6.748760000000000314e-01
6.337556895950109404e-01 -1.513909258507663835e-01 7.585739999999999705e-01
4.199199024128999480e-02 -9.991177678104695703e-01 -5.990000000001070423e-04
-7.901610387539547142e-01 1.142000056010123860e-01 6.021659999999999791e-01
-5.409975981683797785e-01 6.587365107165719103e-01 5.228650000000000242e-01
-5.780460910503522065e-01 7.375661161769891949e-01 3.490829999999999766e-01
-9.344794618333836234e-02 -4.028070100079927940e-02 9.948090000000000543e-01
8.970855053250981204e-01 -1.570729133861515359e-01 4.129960000000000853e-01
4.208660104145807712e-01 -6.270530155168012598e-01 6.554969999999999963e-01
-2.028385572170021134e-01 -3.480952401313828215e-01 9.152519999999999545e-01
6.651370165766119502e-01 1.937220048279593709e-01 7.211549999999999905e-01
-8.904880484444245292e-01 -1.560230084879800916e-01 4.274200000000000776e-01
-6.564502896594838210e-01 5.023372216569063076e-01 5.627879999999999550e-01
5.677428061798465153e-01 3.788005378867969480e-02 8.223340000000000094e-01
3.092210667684511805e-01 -9.228891992745288375e-01 2.294730000000000936e-01
8.577631523570599104e-01 -4.468040793619493800e-01 2.541819999999999080e-01
-9.622988028399980243e-01 -5.226398929192459936e-02 2.669260000000001076e-01
-5.710489786110828359e-01 8.198259692930196518e-01 4.228999999999997345e-02
-3.847092874579475796e-01 1.364271019394540096e-01 9.129000000000000448e-01
9.533039384355403989e-01 1.624779895071558622e-01 2.545830000000000037e-01
6.006276056410405628e-01 -7.814584869114357124e-01 1.690239999999998965e-01
-4.127522093399974557e-01 8.055634085662970456e-01 4.250919999999999699e-01
4.591295042685938216e-02 -5.777463761955592414e-01 8.149239999999999817e-01
8.111765844543254722e-03 1.223894670871772949e-01 9.924490000000000256e-01
1.000000531577602790e-02 9.820495220352609689e-01 1.883579999999999699e-01
-2.316449961631690813e-01 8.443219860151489620e-01 4.831779999999999409e-01
2.873226742141020140e-01 -1.029882416660121147e-01 9.522810000000000441e-01
-7.103159104246292710e-01 7.032299113182188810e-01 -3.031500000000011269e-02
-3.687110675176490937e-01 -8.183131498479023769e-01 4.409260000000000401e-01
5.402972626578779192e-01 6.656003235721899003e-01 5.148350000000001536e-01
-2.231005072820238435e-03 -4.132519396450124449e-01 9.106140000000000345e-01
-1.064739772698710396e-01 -6.781958552183395827e-01 7.271269999999999678e-01
6.025096255642825582e-02 9.254804248508036180e-01 3.739729999999999444e-01
9.849722203484693184e-01 -1.521440340361934207e-01 8.174300000000006561e-02
1.180200510218343407e-01 -8.466603660239467866e-01 5.188810000000000366e-01
8.895700660698383500e-01 4.471070332073779352e-01 9.359699999999994413e-02
-4.363682611622453633e-01 -6.874744114468831491e-01 5.804840000000000000e-01
3.854649963799151036e-01 7.974029925112094963e-01 4.642899999999999805e-01
1.944564019122602960e-01 -4.483519266762855948e-01 8.724490000000000300e-01
4.687870330428586252e-01 -8.289500584292601726e-01 3.050909999999999456e-01
-1.292690083293704384e-01 9.320250600544714992e-01 3.385540000000001326e-01
3.118497575612407813e-01 5.601245645470259715e-01 7.674699999999999855e-01
-1.129664564723711767e-01 -2.805586501180739045e-01 -9.531660000000000688e-01
5.444917533380694286e-01 7.669206525748506476e-01 3.396489999999999787e-01
8.956957005735404209e-01 3.574078805203862452e-01 2.645540000000000669e-01
-5.223203810396167407e-02 -8.104705912490016706e-01 5.834460000000000202e-01
-9.096405704171479922e-02 6.095893822611345714e-01 7.874809999999999865e-01
8.017569137658157041e-01 5.450099413806268611e-01 2.452550000000000008e-01
-7.796422016121207221e-01 -2.872150742725829153e-01 5.564759999999999707e-01
-4.446674079378815786e-02 -2.322506461609482320e-01 9.716390000000000304e-01
-2.521660741624348612e-01 -7.531852215129459793e-01 6.075559999999999850e-01
-5.308729506910377927e-01 -3.434569680987575868e-01 7.747330000000000050e-01
-7.757393258663600744e-01 -6.279432637813746609e-01 -6.257600000000010376e-02
-3.112101855626048588e-02 -9.307595549759459796e-01 3.643049999999999899e-01
-8.029538229956433293e-01 -8.833598052708255266e-02 5.894589999999999552e-01
-9.496136763327557295e-01 1.438769509608406882e-01 2.784479999999999733e-01
-7.941352500128032732e-01 4.196921321291387508e-01 4.395540000000000558e-01
-3.073636431279941905e-01 -6.105972910512190710e-01 7.298620000000000108e-01
-3.156229845702700487e-01 9.048099557669306847e-01 2.858340000000000325e-01
2.152559622829309238e-01 4.279249250191550225e-01 8.778070000000000039e-01
-9.337638973435120615e-01 3.489539616365674446e-01 -7.947400000000010012e-02
3.163989520925332144e-01 -8.441738721796281375e-01 4.327379999999999005e-01
-9.303036363844700007e-01 -3.541118615929602087e-01 9.560299999999993803e-02
-8.947598507731018280e-01 3.877499353315656122e-02 4.448610000000000619e-01
-5.430613404265995925e-01 -1.400818298640650050e-01 8.279260000000000508e-01
-9.581898210143124928e-02 9.783418172500067955e-01 -1.834830000000000627e-01
-8.545491495630669343e-01 -3.477570608643900107e-01 3.857599999999999363e-01
4.472101496920761199e-01 -8.891312976137949464e-01 9.720399999999998486e-02
-5.465981675672545448e-01 6.006601841407164383e-02 8.352380000000000360e-01
-4.880409418475064043e-01 -8.703438962942170454e-01 6.570800000000005803e-02
-5.420158337029564732e-01 -7.383817734554998236e-01 4.012620000000000631e-01
9.435593275331802254e-02 -7.218974855097165522e-01 6.855369999999999520e-01
9.650757051795624264e-01 -2.418899261051817295e-01 -1.005890000000000395e-01
7.458150982520553862e-01 -5.417990713754287091e-01 3.875739999999999741e-01
8.489392109407125631e-01 5.221081297311509495e-01 -8.188600000000009760e-02
6.174047902750322558e-01 -7.007537619623910308e-01 3.574290000000000522e-01
-7.424716548453180742e-01 -4.809037764410411531e-01 4.663340000000000263e-01
5.469106013447133652e-01 -4.840356471756641632e-01 6.830800000000000205e-01
4.935766284879800070e-01 5.436115908269788521e-01 6.788729999999999487e-01
2.071953868895035633e-01 9.413572144361043170e-02 9.737599999999999589e-01
5.010207897712508629e-01 -3.131298686104410089e-01 8.068009999999999904e-01
-6.868855494227356084e-01 -1.624601299478339173e-02 7.265840000000000076e-01
4.160858719460686084e-01 4.015938764061023347e-01 8.158400000000000096e-01
6.532319883378115977e-01 -3.224179942438529234e-01 6.850800000000000223e-01
8.377497344835548310e-01 -3.444958908154542310e-01 4.236719999999998820e-01
-8.317859706849700663e-01 -4.875679828164090623e-01 2.653479999999999728e-01
-6.483819490641224981e-01 -7.612529401971527276e-01 9.737000000000108416e-03
-5.862367531675002352e-01 3.922168348587644626e-01 7.088670000000000249e-01
-1.923422609409078943e-01 4.619786267427745119e-01 8.657829999999999693e-01
-2.445021005554392501e-01 9.683883982653747058e-01 -4.942300000000001553e-02
6.738955977819479637e-01 7.101305761549145945e-01 2.039100000000000912e-01
-8.991808808249793783e-01 4.262589435047835495e-01 9.887900000000005019e-02
-6.761467500241669093e-01 7.122537366751801047e-01 1.884680000000000244e-01
2.386997016072260353e-03 4.412114484521512670e-01 8.973999999999999755e-01
3.951059052228135249e-01 6.573015059362835588e-02 9.162810000000000121e-01
5.347460277159856723e-01 8.346150432582523093e-01 1.321530000000000482e-01
-5.955571423748237114e-01 -7.743731851228670138e-01 2.136769999999999503e-01
-4.934740070756403751e-01 8.419970120729116658e-01 2.180010000000000558e-01
-2.362872282462087359e-01 -1.535824983737535954e-01 9.594690000000000163e-01
-7.376125146273481148e-01 -6.570375676482433924e-01 1.556579999999999353e-01
3.146850733856986215e-01 2.543432510668162116e-01 9.144849999999999923e-01
6.496753251480433811e-01 4.186535651225055665e-01 -6.345480000000000009e-01
7.162068228524340885e-01 -4.349628924156888621e-01 5.457610000000000516e-01
5.906202470127963622e-01 3.758271571807223488e-01 7.140879999999999450e-01
8.665031453862688249e-01 2.573860431855287123e-01 4.276969999999999383e-01
1.581789614141822231e-01 -9.226987749189496935e-01 3.515770000000000284e-01
5.011739203057111736e-01 2.256579641169457473e-01 8.354059999999999819e-01
9.327062386768750768e-01 -2.583260661049059936e-01 2.516479999999999828e-01
9.352562519069734792e-01 2.518780678422000707e-01 -2.487030000000000629e-01
2.424649319432770622e-01 -6.095078289191551146e-01 7.547920000000000185e-01
-2.897519329258513299e-01 3.007639683817410758e-01 9.086170000000000080e-01
-8.999066501122703343e-01 3.344988699453435022e-01 2.797829999999999484e-01
8.297081087612243611e-01 -4.858600636883439461e-02 5.560789999999999900e-01
-8.438014242592765113e-01 5.308312668993946382e-01 -7.885000000000010056e-02
-8.620561285421118880e-01 2.322490346309019071e-01 4.504659999999999220e-01
9.655050901489579118e-01 -5.103900476549853849e-02 2.553329999999998656e-01
-9.946887097081305029e-01 -5.256598465904171319e-02 -8.849400000000005873e-02
3.792409893109710550e-01 -4.723209866874814589e-01 7.956689999999999596e-01
-1.776637889117348434e-01 7.415631189241590482e-01 6.469310000000000338e-01
7.178934430331521677e-01 7.100004381621468567e-05 6.961530000000000218e-01
-6.997370533668318959e-01 5.996080457302948030e-01 3.883790000000000298e-01
6.842470716712403256e-01 6.182290647562054264e-01 3.867800000000000682e-01
-1.802700499796719147e-01 -8.684522407774227792e-01 4.618369999999999975e-01
-3.693500718769104907e-02 8.511201656311788710e-01 5.236699999999998578e-01
1.984670335650219331e-01 7.014091186232899178e-01 6.845700000000000118e-01
2.044880003609030883e-01 9.573870016897029211e-01 2.039479999999999627e-01
-3.645268660419382911e-01 7.148777372933380336e-01 5.967160000000000242e-01
-6.011419078507789227e-01 -5.956719086892765525e-01 5.327319999999998723e-01
1.545460775394214559e-01 9.878054956053742286e-01 1.886299999999992150e-02
9.617948717633997280e-01 2.605049652667402738e-01 8.418899999999988892e-02
7.903418309274089504e-01 4.457749046383284175e-01 4.202910000000000257e-01
-7.385973077393176434e-01 3.127851303230889113e-01 5.971929999999999739e-01
-8.132172023684709483e-01 5.172461287162983812e-01 2.667100000000000581e-01
-3.549892996161007064e-01 -4.441553748735573848e-01 8.226229999999999931e-01
-7.961908543837118435e-01 5.967918908520246646e-01 9.959699999999992170e-02
-6.750832760496582319e-01 -2.182320892377217769e-01 7.047250000000000458e-01
-2.889213557439175295e-01 5.998727386130300321e-01 7.461079999999999934e-01
-6.555322988731779876e-01 1.920667945743002591e-01 7.303340000000000387e-01
-1.872049505157649951e-01 9.716277431678194132e-01 1.445470000000001198e-01
-3.939236691919859035e-01 4.388326314784748439e-01 8.076200000000000045e-01
4.666005797827142421e-01 -1.280141590662331186e-01 8.751550000000000162e-01
-9.944263962476684870e-01 4.780001904680523245e-02 9.397499999999998910e-02
3.311459938271566483e-01 -2.937841073496399447e-01 8.966790000000000038e-01
4.656208358327807995e-01 -7.348887408950980360e-01 4.930880000000000263e-01
-2.407189592312333482e-01 -9.254718432597676125e-01 2.924999999999999822e-01
-4.287360560060851644e-01 -8.654381130527746269e-01 2.592339999999999089e-01
