8.984598780896387027e-02 -7.961318919743333167e-01 5.984159999999999480e-01
-8.891972689920321082e-01 -4.394001329234114572e-01 1.274980000000001112e-01
8.787318022010551788e-01 5.748198706103915118e-02 -4.738420000000000964e-01
2.988079522606413851e-01 3.838299386770165911e-01 8.737209999999999699e-01
-6.674619820962591765e-01 7.346739802933904828e-01 1.214439999999999825e-01
9.027089655935000012e-01 -1.684439935798042465e-01 3.959080000000000932e-01
-4.663513291452623388e-01 7.118495024149747996e-01 5.251540000000000097e-01
-1.264199499706919472e-02 8.987076443463103415e-01 4.383659999999999224e-01
-7.963519990158253181e-01 3.787129995319660769e-01 4.715930000000000399e-01
9.983444632136315722e-01 2.198901020249988819e-02 -5.314900000000002261e-02
9.214613431148629408e-01 -3.851011433960600527e-01 -5.104999999999994265e-02
2.876630401861464681e-01 -4.939617861599687743e-02 9.564570000000000016e-01
5.110472272301886942e-01 -5.334152371758196232e-01 6.740169999999999773e-01
-3.178678007822263729e-01 -5.439546590864635656e-01 7.765779999999999905e-01
6.716521118562548409e-01 3.169780527892002708e-01 6.696330000000000338e-01
-1.946751391847644508e-01 -1.690631208732185364e-01 9.661880000000000468e-01
6.559410446682708562e-01 -1.200390081744159426e-01 7.452060000000000350e-01
-4.125768481640234020e-01 8.585996840192992030e-01 -3.042810000000000792e-01
-1.177924944070606744e-01 2.380279990680983504e-01 9.640889999999999738e-01
1.398857009715661903e-01 -4.576490217007938011e-01 8.780599999999999516e-01
-6.978651221408017635e-01 -6.519791141098032483e-01 -2.964919999999999223e-01
-5.124782572838976202e-01 3.267635264335037593e-01 7.940979999999999706e-01
2.887949841223380609e-01 -9.492439478115087814e-01 -1.246330000000000077e-01
-9.613202243041851780e-02 6.301201470254998993e-01 7.705239999999999867e-01
7.520461703845995327e-01 -5.761391305308621869e-01 3.201410000000000089e-01
-9.109682800345050291e-01 -2.653410815666801814e-01 -3.158019999999999716e-01
-3.387080467206344259e-01 -8.277851141828369563e-01 4.472679999999999434e-01
3.751331334746174639e-01 7.144472542046156338e-01 5.906270000000000131e-01
-6.928554721122617277e-01 -4.874743321653918215e-01 5.313379999999999770e-01
3.254908551972416908e-01 9.320485853548451383e-01 1.591890000000000527e-01
-5.948580756645738266e-01 -1.094318299565537334e-01 7.963470000000000271e-01
-6.148598673376330925e-01 -7.772488323005369848e-01 1.335349999999999038e-01
-3.654898618793277904e-02 -9.849256277910705126e-01 1.690729999999999733e-01
