8.201170235543553400e-01 -1.466000042104583824e-02 5.720079999999999609e-01
7.517374287870803862e-02 3.225868966365588175e-01 9.435499999999999998e-01
7.125920078616538866e-01 -5.979690065970783008e-01 3.669409999999999616e-01
9.904514817455027931e-01 -1.204920586061088567e-01 -6.698899999999990973e-02
-2.449070342133835287e-01 9.095211270596217368e-01 3.358450000000000046e-01
2.069460648240033507e-01 -9.610503010404082280e-01 1.831819999999999837e-01
1.664969900384048740e-01 9.235349447444591853e-01 3.454880000000000173e-01
-2.871759863341564190e-01 -1.849443471885650059e-01 9.398539999999999672e-01
-8.697149030898806421e-01 -4.744659471314663923e-01 1.359339999999999715e-01
-2.536288941710186373e-01 -5.219247822220997035e-01 8.144120000000000248e-01
-5.366704328509849242e-01 1.995297891385160519e-02 8.435559999999999725e-01
-7.753795618076254614e-01 -3.976402881135343570e-01 4.905800000000000716e-01
1.525429782964305703e-01 -8.533448785874645504e-01 4.985310000000000019e-01
-6.587570760060537101e-01 -5.584070644278729123e-01 -5.042029999999998457e-01
4.333408022453005271e-01 4.754207830421377512e-01 7.656309999999999505e-01
-5.003595769909963131e-02 8.095093156327071160e-01 5.849710000000000187e-01
9.666513634116251641e-01 -3.429701289392811381e-02 2.537889999999999313e-01
-1.117039666915279617e-01 -9.591477139963260345e-01 2.599189999999999001e-01
1.325510998861905987e-01 6.099914596696917046e-01 7.812430000000000208e-01
-2.643867686458217237e-01 2.029115899203904338e-01 9.428290000000000282e-01
-4.132677980688764796e-01 -8.564695815113940736e-01 3.093049999999998856e-01
-8.513178752045784670e-01 4.794979297099850601e-01 2.129310000000000092e-01
5.231851705886170212e-01 8.020342615095440442e-01 2.881290000000000795e-01
0.000000000000000000e+00 0.000000000000000000e+00 1.000000000000000000e+00
3.763792646497329808e-01 1.788941257887643188e-01 9.090300000000000047e-01
3.505486597588347020e-01 -4.441778359759574468e-01 8.245130000000000514e-01
-1.868020324768606133e-01 -7.945901381451409007e-01 5.776949999999999585e-01
-3.935940748692914881e-01 7.089041348474324211e-01 5.852680000000000105e-01
8.696750140635006732e-01 2.911540047082467608e-01 3.986160000000001369e-01
8.548287760931777557e-01 -3.052019200579180191e-01 4.196659999999999280e-01
-2.555199570746643362e-02 9.955948327479234861e-01 9.021100000000009667e-02
-5.917129479092122502e-01 7.497549339961624426e-01 2.962150000000000616e-01
-9.463012674707272920e-01 -1.570410443874310225e-01 2.825809999999999711e-01
5.902081380725291426e-01 -9.204786557524564927e-02 8.019859999999999767e-01
6.395188735314319972e-01 -3.924899223828405281e-01 6.610350000000000392e-01
1.742302469976336407e-02 -3.554655039259244642e-01 9.345269999999999966e-01
-7.934011548761569221e-01 -9.537301861732429276e-02 6.011809999999999654e-01
-4.827075789852201537e-01 4.074036446648794385e-01 7.752520000000000522e-01
-4.294160345869869055e-01 9.014470726063663619e-01 5.472700000000001175e-02
6.752376236334830528e-01 6.616766311921606913e-01 -3.259419999999999540e-01
3.239369258083057423e-01 9.456347834200391489e-01 2.897799999999991008e-02
-9.694572852780674044e-01 -2.365660696132897978e-01 -6.472300000000009990e-02
2.939380036445586319e-01 -1.414910017543572207e-01 9.452939999999999676e-01
3.482898757489264474e-01 7.492247327169582194e-01 5.633439999999999559e-01
7.928393187717874824e-02 -6.492854421170205503e-01 7.564009999999999900e-01
-9.083230649969445958e-01 4.048210289678099150e-01 -1.052099999999999147e-01
6.701861198557197419e-01 2.532930452987898762e-01 6.976339999999999764e-01
-6.903010560089375414e-01 5.173390419753235436e-01 5.058110000000001216e-01
-4.913134836592891186e-01 -6.267136169500175935e-01 6.048480000000000523e-01
8.058501885821806043e-01 5.601201310773109565e-01 1.920180000000000498e-01
-6.340317325664832637e-01 -7.730986739082814641e-01 1.795000000000003190e-02
-9.073345012624197681e-01 1.864601030110089874e-01 3.767979999999999663e-01
-7.264736877956321504e-01 2.216792098768267938e-01 6.504569999999999519e-01
4.312956514245167572e-01 -6.785824515659846234e-01 5.945669999999999566e-01
-1.883340535483288558e-01 5.435881545564208439e-01 8.179499999999999549e-01
-7.161800215929062796e-01 6.972830210231597547e-01 -2.970800000000004687e-02
-4.885518678362110734e-01 8.232717772872755191e-01 -2.890340000000000131e-01
-5.585076128605356294e-01 -3.236047756876063164e-01 7.637730000000000352e-01
