-6.540829093632050117e-01 5.198679279614827342e-01 5.494660000000000100e-01
3.372398863900007149e-02 4.106348616645651983e-01 9.111759999999999859e-01
-3.791014610519429229e-01 -2.778656049734876676e-01 8.826509999999999634e-01
-8.797561611754823874e-01 -3.708190679358041031e-01 2.975270000000000414e-01
3.683959097071127786e-01 -9.117822515309688403e-02 9.251869999999999816e-01
5.887419354622676071e-01 1.885699793290096515e-01 7.860179999999999945e-01
7.624637039232653457e-01 -5.247377962360012527e-01 3.785490000000000799e-01
-9.020478467547151658e-01 2.933299501673531373e-01 3.166499999999999870e-01
5.311498403377507005e-02 -9.985876998271567828e-01 -1.184999999999917456e-03
-7.328515005693009288e-01 1.002940685051905700e-01 6.729559999999999986e-01
-7.881098832025854040e-02 -8.208418783517226203e-01 5.656919999999999726e-01
-7.890318938160684192e-01 5.092019314741730307e-01 3.437179999999999125e-01
-5.653915784217862228e-01 -1.968028532560469335e-01 8.010000000000000453e-01
7.395044240078647579e-01 -3.435481969793995893e-01 5.788849999999999829e-01
-7.502021963237331947e-01 6.368501666601391609e-01 1.778160000000001129e-01
2.383909646675044514e-01 7.972568818366490007e-01 5.545729999999999826e-01
1.609468678542368691e-01 -5.370345590666496527e-01 8.280640000000000223e-01
-7.596679716402331417e-01 -4.552759830037313438e-01 4.643580000000000485e-01
-3.779782926854082792e-01 1.675825731322437284e-01 9.105210000000000248e-01
4.076047501397238038e-01 1.327479186259934441e-01 9.034579999999999833e-01
6.185212592918577085e-02 -3.783227702545012838e-01 9.236050000000000093e-01
2.820069450252400411e-01 -9.593798129773897232e-01 -7.902999999999956934e-03
-4.950670208617852786e-01 8.687890366101753692e-01 1.068899999999997977e-02
8.686090632995536742e-01 6.329300461245353226e-02 4.914390000000000702e-01
-6.386937230719200720e-01 6.664447110395051999e-01 3.846059999999999479e-01
5.801900303977407941e-02 -9.287540486599618061e-01 -3.661280000000000090e-01
-8.843878637545647958e-01 4.397299322568767876e-01 1.565110000000000945e-01
6.787558805280964336e-01 -7.343638707401995980e-01 3.999999999999284618e-04
-5.830228493361997444e-01 7.866697967100929612e-01 2.030639999999999112e-01
5.553132942170758701e-01 -2.855101512694955060e-02 8.311509999999999732e-01
-1.631790257679735512e-01 5.041630796135462278e-01 8.480520000000000280e-01
1.417759518495071702e-01 -8.161187228266277849e-01 5.602230000000000265e-01
9.896410082829215638e-01 1.311140010973746717e-01 5.847899999999990606e-02
1.561199893450680998e-01 -9.691399338577972866e-01 1.907730000000000259e-01
9.896224958790496018e-01 3.496401751973490096e-02 -1.393730000000000246e-01
8.284322304371748436e-01 -5.597521557009741411e-01 1.943100000000009750e-02
-3.906759932121822154e-01 8.972869844100465064e-01 2.055440000000000045e-01
7.234249898044966542e-01 2.571299963761691787e-02 6.899239999999999817e-01
3.822100409390611908e-01 9.232950988954512495e-01 3.796900000000003050e-02
9.420108424310456030e-01 2.067619654151892361e-01 2.643199999999999994e-01
5.649781025943608759e-01 -4.092280743117167052e-01 7.164719999999999978e-01
-9.304192388614872244e-02 8.332713183342890240e-01 5.449789999999999912e-01
-6.802193415171056134e-01 3.086661549717353847e-01 6.648509999999999698e-01
9.083698267754395372e-01 -1.253949760873941666e-01 3.989239999999999453e-01
5.797630026193509867e-01 -7.932480035838693766e-01 1.860979999999999857e-01
1.753710454854367773e-01 -9.658492505092836078e-01 -1.907360000000000166e-01
-2.358747463697080937e-01 -1.246803373472569754e-01 9.637520000000000531e-01
-5.971829996499010695e-01 -5.320059996881111308e-01 6.002849999999999575e-01
9.705877836878156195e-01 -1.960039563171465382e-01 -1.397920000000000829e-01
-4.899612093597585094e-01 6.527112789026422446e-01 5.778459999999999708e-01
-1.770722269566456231e-01 -3.577354585159462363e-01 9.168809999999999460e-01
8.706218953534038407e-01 -4.492309460035526225e-01 2.005219999999999225e-01
7.850959188897710384e-01 5.668749414347277193e-01 -2.495539999999999980e-01
9.577635986072670082e-01 2.606888907469166461e-01 -1.213680000000000175e-01
9.329329057743029896e-01 1.573529841074373936e-01 -3.238460000000000227e-01
-1.970870260743071700e-01 -9.023521193797825468e-01 3.832979999999999721e-01
-6.807010558361101804e-01 -3.325580272788566938e-01 6.527260000000000284e-01
-1.955267815602821924e-01 8.679490303397835449e-02 9.768499999999999961e-01
1.394070560294867478e-01 9.008493620629319798e-01 4.111400000000000610e-01
2.414139451776652900e-01 -8.947047968228152293e-01 3.757960000000000189e-01
-5.413391912187287547e-01 2.425760856858167058e-01 8.050519999999999898e-01
-0.000000000000000000e+00 -0.000000000000000000e+00 1.000000000000000000e+00
-3.756920903688865110e-01 -8.409702022867733273e-01 -3.893900000000000694e-01
-6.173798997566575658e-02 -9.792988409922501747e-01 -1.927750000000000852e-01
2.088198512302202881e-01 6.434533788231007467e-02 9.758350000000000080e-01
6.005568238347945842e-01 5.762818309555346463e-01 5.542839999999999989e-01
3.781268519543799500e-01 -4.919368073950864395e-01 7.842310000000000114e-01
3.619372016138819870e-01 -7.671754273482123132e-01 5.295689999999999564e-01
1.882910242991418792e-02 2.097021407751570310e-01 9.775840000000000085e-01
9.488834046895114893e-01 -2.344280999812967115e-01 2.113380000000000258e-01
-5.880606140611897015e-01 3.003503136300337759e-02 8.082589999999999497e-01
6.824549847158054572e-01 7.080619841423134719e-01 1.813929999999999154e-01
9.679504912848199139e-01 4.197997793704097425e-03 2.511060000000000514e-01
6.118800130300260098e-02 7.566480161128712467e-01 6.509530000000000038e-01
4.170170558563374708e-01 8.389131123661808243e-01 -3.497450000000000281e-01
2.716599889263934808e-01 9.356089618620120341e-01 2.254700000000001148e-01
-2.772491038573103306e-01 -9.429153532153977668e-01 1.845089999999999786e-01
4.737731938249484243e-01 8.679033550672032860e-01 -1.492740000000000178e-01
7.310900292892962282e-01 5.839750233955010028e-01 3.528180000000000760e-01
7.449259540855045492e-01 2.264289860437502799e-01 6.275469999999999660e-01
-2.693969270596559551e-01 8.795487618584967304e-01 3.921979999999999356e-01
-3.022589198337728988e-01 7.582847988849049647e-01 5.776189999999999936e-01
3.382602937661242232e-02 -6.956026041042489005e-01 7.176299999999999901e-01
-1.739040191871220886e-01 -9.847411086481385745e-01 -6.507000000000077826e-03
6.064342568793755772e-01 3.914171658003254839e-01 6.921199999999999575e-01
2.537638180625867435e-01 6.477655355808137339e-01 7.183340000000000281e-01
-8.573951853618798635e-01 -4.792901036186315161e-02 5.124220000000000441e-01
9.424889768447366478e-01 -6.673599836041624322e-02 -3.275069999999999371e-01
-4.997230137797948335e-01 -4.152550114506012302e-01 7.601580000000000004e-01
6.514755327137699004e-01 -1.970978586269004629e-01 7.326200000000000490e-01
-3.416861742166186766e-01 5.863282989530784750e-01 7.344859999999999722e-01
-2.995403704551249380e-01 -4.980436159530674534e-01 8.137739999999999974e-01
5.962821292424780317e-01 8.027241739882117200e-01 9.029000000000005771e-03
-7.470581416314318046e-01 -6.625311256063306509e-01 5.437499999999990952e-02
-6.238280861840685976e-01 -7.465931031444922317e-01 2.311650000000000371e-01
7.345989798394709780e-01 -6.463429822615919251e-01 2.064100000000000656e-01
4.294253648564143044e-01 3.436202919531025635e-01 8.351760000000000295e-01
-6.005529438562213773e-01 6.872709357492329252e-01 -4.086500000000000687e-01
4.733950297478539682e-01 -6.203150389802173370e-01 6.253849999999999687e-01
-2.302880341393560293e-01 -2.784430412781592201e-01 -9.324360000000000426e-01
-5.222941060963892657e-01 4.607220935889375091e-01 7.175960000000000116e-01
4.514111651351081500e-01 -8.190752996339005776e-01 3.540390000000001036e-01
2.588889990118475315e-01 -6.708349974394923754e-01 6.949509999999999854e-01
-4.202016768950702641e-01 -4.607996456781454642e-02 9.062599999999999545e-01
-1.435260390148781484e-01 6.829771856546159592e-01 7.161999999999999478e-01
-8.269083947184729944e-01 -2.568841226216947438e-01 5.002330000000000387e-01
-4.633839164306147174e-01 7.900698575141472668e-01 4.013289999999999358e-01
-6.350402479214817264e-02 -9.784433819870204108e-01 1.965090000000000447e-01
8.570116959732682060e-01 2.618042126093895194e-01 4.438349999999999795e-01
-7.201989943926415116e-02 -5.402422456646261972e-01 8.384220000000000006e-01
-4.052732192567019553e-01 -6.190663349208299637e-01 6.726889999999999814e-01
2.384699072483456583e-02 -9.206436419203521959e-01 3.896749999999999936e-01
-7.901990746742437732e-01 3.624930342557893814e-01 4.941500000000000892e-01
8.549427128234442508e-01 -3.319418885002154984e-01 3.986070000000001001e-01
-1.788645552232343561e-01 3.026622473794750579e-01 9.361639999999999961e-01
-4.934988452418616056e-01 -7.147837758482974424e-01 4.955229999999999357e-01
-8.584972952110031530e-01 -4.222671452047763729e-01 -2.909859999999999669e-01
4.410630167325135798e-01 5.331850202273263895e-01 7.219259999999999566e-01
-8.482066384230644296e-01 1.629561226528328799e-01 5.039749999999998398e-01
1.729212085889176853e-01 -1.623331958169613454e-01 9.714660000000000517e-01
-3.739848349788365556e-01 9.104295982720752578e-01 -1.767859999999999154e-01
-4.126878543613667072e-02 -2.027139460536104554e-01 9.783680000000000154e-01
2.789675947793815447e-01 -3.367287179303344313e-01 8.993280000000000163e-01
9.941890223550688965e-01 -9.521100214088916436e-02 5.023000000000006626e-02
9.327415257413901317e-01 3.490018225477105607e-01 9.050400000000000111e-02
4.304379670774481914e-01 7.010699463778444773e-01 5.685280000000000333e-01
-7.274914531920163574e-01 -1.190129105457398695e-01 6.757159999999999833e-01
5.684144375914813585e-01 7.271885598230763970e-01 3.848399999999999599e-01
8.239050737304056682e-01 5.536020495412700138e-01 1.212649999999999145e-01
8.024854379885487665e-01 -1.384780755799525920e-01 5.803800000000000070e-01
-9.408175229738254819e-01 3.382398285010136951e-01 -2.135899999999989196e-02
4.719994850405846709e-02 5.949063509471169686e-01 8.024080000000000101e-01
-3.619317419110510969e-01 3.866537242821182496e-01 8.482359999999999900e-01
4.706567948771991916e-01 -2.605418864499948750e-01 8.429710000000000258e-01
4.970339775378527225e-01 8.430279619015618175e-01 2.055750000000000077e-01
7.448878249623862580e-01 4.285368993001715254e-01 5.113690000000000735e-01
8.791026177807803599e-01 4.694707958818941096e-01 -8.231499999999991601e-02
6.431769876289205046e-01 -5.313119897805689273e-01 5.513900000000000468e-01
-6.565010333480926219e-01 -6.368410323494291259e-01 4.042769999999999420e-01
-1.908880137017262557e-01 -6.772280486106653230e-01 7.105799999999999894e-01
-2.937290176669020703e-01 -7.851500472243739814e-01 5.452179999999999804e-01
2.445011498244977211e-01 4.748232909604356844e-01 8.454359999999999653e-01
