3.553038537246883122e-01 -5.641627677394045470e-01 7.453049999999999953e-01
1.261098522320106274e-01 -2.048653844504247645e-01 9.706320000000000503e-01
-7.994639800192723245e-01 -5.891239852762274465e-01 1.174320000000001057e-01
4.396361096727643414e-01 6.861031711570768632e-01 5.796400000000000441e-01
-7.877599112899355549e-02 -9.425448938595151205e-01 3.246590000000000309e-01
-8.376571888915533837e-01 -2.721570613713710229e-01 4.735620000000000940e-01
7.421459366939315849e-01 -1.059009909664999083e-01 6.618190000000000461e-01
-5.636471625157456478e-01 1.673140482414692543e-01 8.088929999999999731e-01
-5.207759188199211353e-01 -7.815638781675282587e-01 3.434389999999999943e-01
9.850583670476104059e-01 6.412602389432406347e-02 1.598369999999999791e-01
8.981856813740127787e-01 -3.025458926736578347e-01 3.189489999999999825e-01
-5.118619274649922612e-01 7.049529001024275043e-01 4.909569999999999212e-01
-3.075379537908133898e-01 5.303309203150043949e-01 7.900439999999999685e-01
5.386347297242334298e-01 2.091468950544139727e-01 8.161680000000000046e-01
-4.474747153780733733e-01 3.550797741470390068e-01 8.207830000000000403e-01
6.578189494583405184e-01 -7.526689421708093741e-01 2.763499999999998943e-02
-9.091929733691688220e-01 -6.634699805665486561e-02 4.110550000000000592e-01
2.068799828003379040e-02 9.542229206674743835e-01 2.983800000000000341e-01
2.253878017706589520e-01 4.023006461752083873e-01 8.873299999999999521e-01
6.050376731141645648e-01 7.559985915539773060e-01 2.497910000000001240e-01
-5.525516532688563576e-01 8.190494860390632459e-01 1.544170000000000820e-01
-3.814428683555531885e-01 -7.658487356885093078e-01 5.176650000000000418e-01
-5.408088247873014121e-01 8.177467350642115829e-01 -1.970180000000001097e-01
1.750998513987083068e-03 -7.412633709149561989e-01 6.712120000000000308e-01
-7.854589007753297603e-01 5.228069339553661488e-01 3.312509999999999066e-01
-9.128120299302999729e-01 -4.003050131256478683e-01 8.080900000000007521e-02
7.601639524475247711e-01 -4.170689739100203464e-01 4.982010000000000605e-01
-8.751567962530288902e-01 4.695348906866607663e-01 1.167800000000000643e-01
9.236686764562316299e-01 1.724929395789669140e-01 3.421730000000000604e-01
8.392264052672617769e-01 -2.067738534660262528e-01 5.029350000000000209e-01
2.339528676756260916e-01 9.363634703902917744e-01 2.617049999999999654e-01
-7.286468195746018672e-01 -4.608718858802492990e-01 5.066270000000000495e-01
-3.254718882084240983e-01 9.336486793146783203e-01 1.495600000000000540e-01
-8.012549757070422940e-01 -5.902999821029113192e-02 5.954040000000000443e-01
-9.805975701039254533e-01 -1.939431127554599454e-01 2.853900000000010942e-02
7.536155285326084918e-01 5.919954151836965828e-01 2.856659999999998645e-01
7.365762337295570505e-01 1.354050429665786814e-01 6.626619999999999733e-01
-3.491374829409958913e-01 1.780482462834887813e-01 9.200009999999999577e-01
-1.527339979145294624e-01 -8.465149884414596704e-01 5.099850000000000216e-01
6.381260860363454634e-01 -6.988040942173525671e-01 -3.232150000000000301e-01
6.710582378856312369e-01 -3.148296424510114710e-01 6.712399999999999478e-01
-4.415801148140735544e-01 8.968792331951886965e-01 -2.479200000000007093e-02
5.713684643769837423e-01 -5.085765232405909941e-01 6.441179999999999684e-01
-7.470909363118668489e-01 6.495199446296149315e-01 1.413469999999999727e-01
-5.500301858407315170e-02 8.629742915763135569e-01 5.022449999999999415e-01
-9.595457045350910263e-01 2.698609169039777322e-01 8.029399999999992099e-02
-4.374791116373197841e-01 -8.846682257524690618e-01 1.611650000000000582e-01
3.480001260520014794e-01 -9.024463268825415607e-01 2.539420000000001121e-01
-7.290498763937439120e-02 8.643828534488074977e-01 -4.975209999999999910e-01
1.655109302440121166e-01 8.695466335221830878e-01 4.652900000000000369e-01
-4.577864920872412591e-01 -1.794701929174265242e-02 8.888810000000000322e-01
-8.067531044410125585e-01 5.859530758565814068e-01 -7.621299999999994745e-02
-9.250985385127541427e-01 -2.710911578059418958e-01 2.658989999999999965e-01
2.480032987168562797e-01 -3.989998717412798213e-01 8.827760000000000051e-01
-7.420858183398830743e-01 1.533019624721944085e-01 6.525389999999999802e-01
8.558982331604881866e-01 4.010851092620550395e-01 3.264489999999999892e-01
6.123985335372116312e-01 1.097599163960822147e-02 7.904729999999999812e-01
4.389522974034557046e-01 -6.831094628273187697e-01 5.836799999999999766e-01
4.344841618529229899e-01 8.736043254328375030e-01 2.191780000000000950e-01
4.625089546450576461e-01 -3.833019624123204516e-01 7.994780000000000220e-01
3.330909475181825230e-01 9.422498515390912432e-01 3.486599999999997340e-02
-9.354292671282246618e-02 5.665625561206808491e-01 8.186919999999999753e-01
-6.444032910835435501e-01 3.458381562186248481e-01 6.820119999999999516e-01
-9.980751768552872383e-01 5.386600954486077397e-02 3.073099999999998402e-02
6.573292837840972735e-01 3.385741461702084232e-01 6.732650000000000023e-01
-1.045970305130796696e-01 9.883432883198255414e-01 1.106210000000000665e-01
5.535338551889046332e-01 5.214708635769679246e-01 6.493600000000000483e-01
-1.637189865926022836e-01 7.210359409523849905e-01 6.732780000000000431e-01
-1.004265823581388523e-01 -1.953061877843710326e-01 9.755869999999999820e-01
3.897287943934817367e-01 8.195805676195619949e-01 4.199989999999999557e-01
8.128159337472107282e-01 -5.007799591813254514e-01 2.975730000000000319e-01
-4.411746409479175290e-01 -6.013505105880231350e-01 6.661399999999999544e-01
2.420969405901439164e-01 7.432478176092361943e-01 6.236760000000000081e-01
8.547898174309571662e-01 5.083988914143605653e-01 1.042350000000000915e-01
-6.661831614759539111e-01 5.389221306291874791e-01 5.155220000000000358e-01
1.439518069842190273e-01 -5.845562162059164679e-01 7.984809999999999963e-01
-9.550974951651309830e-01 1.349070699418407071e-01 2.637969999999998927e-01
-2.204760870783580295e-01 3.671951450259334226e-01 9.036359999999999948e-01
-3.686179465370859609e-01 6.741569022229039199e-01 6.400259999999999838e-01
-9.729275177809998398e-01 1.807779103997558534e-01 -1.439840000000000009e-01
-8.336147662875816877e-01 -4.597328711091917541e-01 3.061570000000000125e-01
5.990018240962762253e-01 6.672618040509539217e-01 4.426720000000001209e-01
5.019180743507543063e-01 -7.667551135819249408e-01 4.002060000000000062e-01
-2.130469247871938088e-01 -9.659146589992926302e-01 1.470370000000000843e-01
-1.155721832453952824e-01 1.894243003415685966e-01 9.750699999999999923e-01
2.861395852009036497e-02 -3.989204217094062810e-01 9.165389999999999926e-01
-2.805360202779136891e-01 8.210950593510047968e-01 4.970939999999999803e-01
-8.696553773744913896e-01 1.474570639868801603e-01 4.711220000000000407e-01
-4.269850861817009458e-01 8.412951698051078786e-01 3.315210000000001211e-01
4.411326948322408237e-01 3.960637260101525503e-01 8.053169999999999495e-01
-7.217118337812109541e-01 -6.889528413259951023e-01 -6.690300000000008740e-02
4.257333248031849871e-01 5.967990534994640009e-03 9.048289999999999944e-01
4.099997028711345991e-03 3.934567148599252828e-01 9.193339999999999845e-01
1.952670412283240842e-01 -9.258441954810409102e-01 -3.235480000000000578e-01
-7.866940246213992571e-01 3.506190109734284577e-01 5.081130000000001479e-01
2.925348347768030322e-01 -8.382715265456106568e-01 4.601350000000000717e-01
2.198635576347400256e-01 1.784988289987087234e-03 9.755289999999999795e-01
5.488451338777931010e-01 -1.908030465418917021e-01 8.138570000000000526e-01
-6.406350497479195161e-01 -7.530400584766261396e-01 1.500580000000000525e-01
-5.491923793509797536e-01 -2.168281497726009810e-01 8.070770000000000444e-01
4.188202490607072226e-02 7.430824418903781980e-01 6.678880000000000372e-01
1.040800423058798121e-02 -9.937254039240096537e-01 1.113620000000000998e-01
-9.122232179747381542e-01 3.957060945535377794e-01 -1.061389999999999695e-01
1.134382791324532042e-01 2.052465050408107672e-01 9.721140000000000336e-01
-1.163529655628803700e-01 -9.903707068788550894e-01 -7.501900000000005786e-02
8.153254400197857965e-01 2.761431490306120451e-01 5.089099999999999735e-01
-1.937422166951774383e-01 -3.778384226015650826e-01 9.053740000000000121e-01
-7.107021823569638075e-01 -2.548620653943011183e-01 6.557039999999999536e-01
-6.797603294555479292e-02 -5.771952797459319884e-01 8.137720000000000509e-01
-9.390179069155656366e-01 7.048899301245692417e-02 -3.365659999999998653e-01
-2.201819238787267874e-01 -7.121397537991138726e-01 6.666159999999999863e-01
9.407052782866351937e-01 3.038310898816383721e-01 1.508650000000000824e-01
6.478648666562049074e-01 -6.051638754449392144e-01 4.626529999999998699e-01
1.208130127834151912e-01 5.835420617455046033e-01 8.030460000000000376e-01
-3.360707756977422966e-01 -2.027898646528416560e-01 9.197459999999999525e-01
3.310421100690101870e-01 5.730501905348757141e-01 7.496829999999999883e-01
-2.781210651551147550e-01 -5.432831272743379181e-01 7.921439999999999593e-01
-5.912047782141807151e-01 -4.372808359575359183e-01 6.776889999999999858e-01
-3.061238939524000835e-01 -8.878486924309905159e-01 3.435300000000000575e-01
-5.832228858784705983e-01 -6.319608763417150499e-01 5.103689999999999616e-01
0.000000000000000000e+00 -0.000000000000000000e+00 1.000000000000000000e+00
3.441409607324307784e-01 -2.022825647087741763e-01 9.168690000000000451e-01
-6.525483507300522401e-01 -3.265801755294946151e-02 7.570430000000000215e-01
2.216370689171756614e-01 -7.337992281719865062e-01 6.421959999999999891e-01
5.483987841642473660e-01 8.356796710978288134e-01 2.997099999999991091e-02
-2.305020677979899846e-01 9.703422854085308469e-01 -7.283299999999995333e-02
6.925548649068981044e-01 -6.742198684834111999e-01 2.565059999999999563e-01
1.396250093858325270e-01 -9.448530635146431544e-01 2.962389999999999746e-01
-2.340394383304066628e-01 -8.022946465469131538e-03 9.721940000000000026e-01
-8.910637598969799456e-01 3.346209098341841881e-01 3.066499999999998671e-01
-5.194789872510303663e-01 5.209419872151254127e-01 6.773190000000000044e-01
8.589539842434601447e-01 3.331299938891068430e-02 5.109680000000000888e-01
7.207171067113710139e-01 4.848170717833584775e-01 4.954990000000000228e-01
-4.247028930308832106e-01 -3.889309020407072937e-01 8.175329999999999542e-01
3.325809204579611156e-01 2.097919498249045112e-01 9.194440000000000390e-01
-9.759128876077808323e-01 -7.148299176757248741e-02 2.061170000000000224e-01
-7.020881918789220189e-01 -6.322721727983811046e-01 3.275730000000000586e-01
