-4.805766618406747126e-01 -9.281693468906307420e-02 8.720269999999999966e-01
6.656420096693601574e-01 4.162310060463244032e-01 6.194129999999999914e-01
-3.439721858978046498e-01 -6.363553439146136803e-01 6.904599999999999627e-01
8.043867701401523629e-01 -4.542368701982409385e-01 -3.829240000000000976e-01
1.133928222379138179e-01 4.193673425720234049e-01 9.007070000000000354e-01
-7.349840282423518723e-01 6.368840244727806965e-01 2.327600000000000502e-01
6.404402455566225727e-02 9.237133541687668759e-01 3.776930000000000009e-01
8.894690112751848510e-01 4.281820054277679088e-01 1.597030000000000671e-01
8.998917149732633958e-02 -2.762935265478089764e-01 9.568510000000000071e-01
6.470220939787288961e-01 5.866550852105357761e-01 4.870300000000000740e-01
4.465648261729666668e-01 -7.737996987955655381e-01 4.492370000000000529e-01
-1.136659928721334145e-01 -9.733399389629463494e-01 1.992220000000000379e-01
2.683099752453707021e-01 -8.821339186131709198e-01 3.871040000000000592e-01
4.465103309593314029e-01 -5.128803801536849782e-01 7.331999999999999629e-01
5.702600924527351928e-02 -9.966651615831457756e-01 5.836600000000006366e-02
-5.475410604884768384e-01 7.691040849651977762e-01 3.296629999999999838e-01
-7.946617987672014438e-01 -5.310418655238735575e-01 2.941210000000000213e-01
4.981746477831383024e-01 -8.237394176040194194e-02 8.631550000000000056e-01
-2.782810209732567430e-01 7.469420562949188325e-01 6.038520000000000554e-01
2.331580442182894231e-01 -9.695011838653432301e-01 -7.552999999999997216e-02
9.594048345940285882e-01 -2.384139588962958523e-01 1.506689999999999974e-01
-1.310700516745206823e-01 -7.586522990995534510e-01 6.381750000000000478e-01
-6.033899365161795592e-01 -7.924879166208156356e-01 -8.878900000000006232e-02
4.864521103775690802e-01 1.456590330505092845e-01 8.614800000000000235e-01
-5.205912989557351933e-01 -3.069195866926390237e-01 7.967340000000000533e-01
6.363939743220603518e-01 -4.186739831068713724e-01 6.478540000000000409e-01
9.075828101011790272e-01 -1.727699638503373547e-01 3.826800000000000757e-01
7.830162936491747994e-01 -5.834772188174182084e-01 2.154990000000000516e-01
9.682642985231978416e-01 -6.998802157783576283e-02 -2.399290000000001144e-01
-6.434478385766869701e-01 -6.934478260330692034e-01 3.241989999999999594e-01
-4.690600709432883597e-02 -8.804361331621202158e-01 4.718390000000000639e-01
2.665519835809698757e-01 -9.508319414307926376e-01 1.576980000000001159e-01
4.519568562242468612e-01 8.472747304663909018e-01 2.790350000000000330e-01
4.490149857685328261e-01 -8.933059716867922662e-01 1.974800000000004330e-02
4.647811942274860386e-01 -8.525133562569398027e-01 2.391639999999999322e-01
-1.096679980033351404e-01 8.576989843843471073e-01 5.023199999999998777e-01
6.315507901813552927e-01 -6.969797684440386387e-01 3.396509999999998697e-01
-7.484527077231831749e-01 7.051197246450623124e-02 6.594290000000000429e-01
-6.547743628826893092e-01 6.110103386282169646e-01 4.449009999999999909e-01
6.389549737475244129e-01 -7.602039687658177503e-01 1.175859999999999128e-01
6.372595512828936881e-01 7.107284995507952008e-01 2.979350000000000054e-01
-5.873400486871661191e-02 6.907430572586898965e-01 -7.207109999999998795e-01
-1.292491168835252224e-01 -3.787803425414639213e-01 9.164170000000000371e-01
4.864957428654460569e-01 3.801487990745174850e-01 7.866440000000000099e-01
6.462579974356830181e-01 2.296629990887095740e-01 7.277400000000000535e-01
7.337450749938636552e-01 -5.145940525951009370e-01 4.436339999999998618e-01
-6.687370901516309640e-01 4.504200607205784412e-01 5.915340000000000042e-01
-6.603607283622378032e-01 -1.142149530179599748e-01 7.422119999999999829e-01
4.736380009180222728e-01 7.369650014284121475e-01 4.822339999999999405e-01
3.021408658069041908e-01 5.757497442860291109e-02 9.515230000000000077e-01
7.983700618671207838e-02 -9.497740735996865746e-01 3.025809999999998778e-01
2.822979769708711117e-01 -3.859399685160291305e-01 8.782699999999999951e-01
-3.253990740980534091e-01 1.864466154349002924e-01 9.270129999999999759e-01
4.066460471079961225e-01 9.113451055749635099e-01 6.394600000000004447e-02
6.095482097322517667e-01 -7.854562702583809397e-01 -1.072819999999999607e-01
1.107100667057414473e-01 1.930301163057472069e-01 9.749269999999999881e-01
-2.927662871087348684e-01 -2.046508997209459113e-02 9.559649999999999537e-01
-5.434269273115036603e-01 -8.295098890451986229e-01 1.288430000000000686e-01
1.822260462146191584e-01 9.830672493171498383e-01 1.929899999999992039e-02
6.703033685629393723e-01 1.070298991760326723e-02 7.420099999999999474e-01
-9.079234489184762058e-01 -3.390837941865978422e-01 2.463680000000000037e-01
1.002574521031443511e-01 -4.411619893855108637e-02 9.939829999999999499e-01
-9.778900512355109820e-02 8.734289775331535721e-02 9.913669999999999982e-01
-7.746093423152206059e-02 5.263085531358765445e-01 8.467580000000000107e-01
-7.774794905700900538e-02 7.100735347366697869e-01 6.998220000000000551e-01
-3.204759554741755667e-01 -7.866708907026586095e-01 5.276779999999998694e-01
6.681030960077694036e-01 -2.081470299111501665e-01 7.143620000000000525e-01
-8.130446070647241452e-01 -1.349469347816705800e-01 5.663460000000000161e-01
1.012000124426337827e-01 8.031440987472987514e-01 5.871269999999999545e-01
7.934794206114694770e-01 -3.060971622574876205e-01 5.260179999999999856e-01
-6.923555245392927215e-01 -3.274042480465405580e-01 6.430010000000000447e-01
7.963676140325514075e-01 1.594649227137464320e-01 5.834120000000000417e-01
-9.454611889856482376e-01 -3.247330649100031441e-01 2.552599999999999314e-02
-9.358421693408840170e-02 3.054257079959601939e-01 9.476059999999999484e-01
9.735380541461737813e-01 -2.229300123989063839e-02 2.274350000000000260e-01
5.926298791362365898e-02 -4.906678999308490274e-01 8.693290000000000184e-01
-3.399809600464388515e-01 -9.278428909626358356e-01 1.533639999999998893e-01
-2.880078482555226138e-01 5.898346892301467026e-01 7.544180000000000330e-01
-8.067622509491723104e-01 2.679900833602333332e-01 5.266079999999998540e-01
4.863819843902490447e-01 5.740169815777260709e-01 6.587389999999999635e-01
-5.213290363410091333e-01 -6.745800470238907387e-01 5.226450000000000262e-01
-8.847550785983478994e-01 6.782900602567659698e-02 4.610939999999999483e-01
-5.355621487999034924e-01 -5.025641396317787057e-01 6.786769999999999747e-01
-2.366120369995148576e-01 -9.011081409081488358e-01 3.633439999999999448e-01
2.413718871860950355e-01 9.417575598354510635e-01 2.341630000000000100e-01
9.191229106953212602e-01 2.569099750378729952e-01 2.986809999999998633e-01
-1.741619616244375890e-01 9.391277930687218500e-01 2.961530000000000551e-01
-3.153743335441251405e-01 -2.498084720993242747e-01 9.154970000000000052e-01
-1.423100703104955289e-01 -5.851272890912043723e-01 7.983569999999999833e-01
8.128328620014415584e-01 3.482099408827175613e-01 4.669609999999999039e-01
4.869427941648858948e-01 -3.031738718456680193e-01 8.191289999999999960e-01
-1.040150075648530320e-01 -1.537875326718118330e-01 9.826139999999999874e-01
8.721538671878529270e-01 -4.619749296501630687e-01 -1.610179999999999390e-01
7.777288788375673612e-01 -6.284999020859594054e-01 -1.121000000000003591e-02
3.073927046968810695e-01 2.939966739865196854e-01 9.050280000000000546e-01
3.012038212511767843e-01 -1.696998992919240279e-01 9.383380000000000054e-01
8.695431166229522502e-01 -3.878980520248107022e-01 3.056630000000000180e-01
-5.471378551260073220e-01 1.034999725947415988e-01 8.306189999999999962e-01
7.681940721117913595e-01 6.290220590474582263e-01 1.192019999999999469e-01
9.604948228051549686e-01 -2.648459511404579469e-01 -8.547699999999996967e-02
-6.559273142291119907e-01 2.639801264625499244e-01 7.071589999999999820e-01
-9.817774678357846785e-01 -1.307950623263545165e-01 1.378609999999999558e-01
5.567459137189124663e-01 -6.142459048079144113e-01 5.592279999999999474e-01
8.950376844983399804e-01 -4.406068446856560294e-01 6.908800000000007990e-02
-9.813496170941706787e-01 -1.584649381696925652e-01 -1.088199999999999723e-01
-4.757709575788682255e-01 3.233379711702397685e-01 8.179819999999999869e-01
3.012939119075771499e-01 7.057137936631459052e-01 6.412409999999999499e-01
3.052088297694002805e-01 5.148607128358049234e-01 8.011030000000000095e-01
-9.983871518826933356e-01 5.668300862307566051e-02 3.183000000000088536e-03
9.061395663815741131e-01 7.049496626577468616e-02 4.170630000000000170e-01
2.781949755634498533e-01 8.504199252994084635e-01 4.465349999999999597e-01
-4.799771562169224404e-01 6.790422210061139996e-01 5.554489999999999705e-01
7.880501506115086263e-01 5.200450993905995078e-01 3.294390000000000374e-01
-4.506002012425409063e-03 -9.864184405443077175e-01 -1.641900000000000026e-01
-8.232538662016897213e-01 -3.402059447084520571e-01 4.544369999999999798e-01
1.436549123116300786e-01 -8.169385013327122858e-01 5.585470000000000157e-01
-6.903492902267059916e-01 -5.223222195871849438e-01 5.005969999999999587e-01
-8.514254702213475134e-01 -5.196062869657730454e-01 7.130199999999989324e-02
-4.899018305142106011e-01 5.123628227436352045e-01 7.053230000000000333e-01
-9.104380606334806503e-01 2.693170179360123706e-01 3.139599999999999613e-01
8.129548751495340175e-01 -7.786798804133553131e-02 5.770969999999999711e-01
-4.576240965208930311e-01 -8.216991733106686624e-01 3.396920000000000495e-01
3.304709666322431794e-01 -7.100229283087631238e-01 6.218169999999999531e-01
2.409436522027960936e-01 -5.839031571478081606e-01 7.752440000000000442e-01
-3.459289004008332946e-01 8.415197577112911720e-01 4.149430000000000063e-01
1.200709701945267271e-01 6.301738435706016883e-01 7.671139999999999626e-01
-2.773544105428768503e-01 4.045231402731039316e-01 8.714560000000000084e-01
7.156881528276988202e-01 6.903931474262156032e-01 -1.055830000000000796e-01
-9.219282775313945022e-01 -1.366710411425765270e-01 3.624490000000000767e-01
4.036657957055381218e-01 -8.926025482556134705e-01 -2.007850000000000468e-01
-3.404468192464509269e-01 -4.555587581300290512e-01 8.225339999999999874e-01
