-4.278269135356513320e-01 7.100138565053207840e-01 5.593249999999999611e-01
-2.610580734194479224e-01 -9.301912616051207783e-01 -2.580560000000000631e-01
3.030508418323182851e-01 -9.451325067183560247e-01 -1.220029999999999726e-01
5.786185465044786369e-01 6.000005666997694220e-01 5.524489999999999679e-01
-6.798796424474555788e-01 -5.227577250787595053e-01 5.142839999999999634e-01
-9.247198791061891354e-01 3.456509548111142971e-01 -1.594319999999998794e-01
2.920525045272156506e-01 9.548349188933484555e-02 9.516240000000000254e-01
-3.468481099737252271e-01 8.272502622928895599e-01 4.419880000000000475e-01
-4.395909638936222885e-01 -7.989509343771218353e-01 4.104109999999999703e-01
-8.977035623479724391e-01 2.738268665028321114e-01 3.451770000000000671e-01
3.457441966349275586e-01 -2.296111305866258556e-01 9.098019999999999996e-01
7.004600793438372497e-01 6.890180780477572764e-01 -1.860370000000000357e-01
7.986998321659046773e-01 5.905148759126697122e-01 1.156320000000000264e-01
8.699714648021327212e-01 -1.621100866110177507e-01 4.656929999999999126e-01
-4.527370481620058840e-01 -8.912320948089524908e-01 2.710199999999994211e-02
-2.230657172887246242e-01 5.214703390936696881e-01 8.235959999999999948e-01
-1.328659669215195294e-01 -9.024887753152444070e-01 4.097079999999999611e-01
-6.436693549146441651e-01 6.695433691813890142e-01 -3.706770000000000342e-01
-1.103911841310395159e-01 3.897416500839331333e-01 9.142839999999999856e-01
-2.810730693191620944e-01 -8.191782020284142929e-01 4.999449999999999172e-01
2.018510897069462906e-01 -9.066834029495181024e-01 3.703800000000000425e-01
6.983785331747149883e-01 2.500778328375657944e-01 6.706180000000000474e-01
1.466500200930576370e-01 9.804111343297288172e-01 1.314830000000000443e-01
-7.042722078893643989e-01 -6.139611812310612482e-01 3.564439999999998721e-01
4.904791682817838394e-02 -9.936985747104674915e-02 9.938409999999999744e-01
-1.648214086739751005e-01 2.199032110582435362e-01 9.614970000000000461e-01
5.366559444785617972e-01 7.916399180983881845e-01 2.920729999999999715e-01
-7.732930911830920850e-01 5.865540691637030069e-01 2.407740000000000158e-01
-8.430332232243541446e-01 4.446031177251867361e-01 3.026929999999999898e-01
-6.486288578858774301e-01 6.918248484216666938e-01 3.172680000000000500e-01
2.312946874380958917e-01 -8.077154163387988139e-02 9.695249999999999702e-01
-4.043615912845576199e-01 4.730225218843393531e-01 7.827779999999999738e-01
5.104510127850203638e-01 -7.153480179169767750e-01 4.771969999999999268e-01
6.839702576331915806e-02 9.561913601715568145e-01 2.846400000000000041e-01
6.795167587723545122e-01 -1.317569532264374899e-01 7.217320000000000402e-01
-7.500459405035103666e-01 6.587759477433922095e-01 -5.869700000000001999e-02
-3.666490387524414807e-01 -5.867600620167588987e-01 7.219980000000000286e-01
-3.148559785033778757e-01 -1.392909904899827522e-01 9.388630000000000031e-01
9.739225230967859526e-01 -1.718879158311902855e-01 1.480859999999999121e-01
-6.380599854047445951e-02 7.857119820272903121e-01 6.152929999999999788e-01
-7.244127435962302020e-01 5.478068061053846804e-01 4.184899999999999731e-01
7.405441113825541599e-01 -5.179850779082570966e-01 4.281189999999999718e-01
-6.592389661915361021e-01 4.832649752162001544e-01 5.760720000000000285e-01
3.592440219192026829e-01 -7.398610451424749712e-01 5.688140000000000418e-01
3.661471965778209103e-01 -8.339254477195203741e-01 4.129220000000000113e-01
7.801059659399285362e-01 3.304809855709269772e-01 5.312409999999999632e-01
-9.319418317211887182e-01 -3.522149364012767681e-01 -8.619200000000006023e-02
1.971115663397801920e-01 2.542944405331710733e-01 9.468269999999999742e-01
8.078021326466251484e-01 1.367950224626765798e-01 5.733610000000000095e-01
-4.011022683651717102e-01 1.502804752167615811e-02 9.159100000000000019e-01
2.092649783996264057e-01 -8.169789156712699008e-01 5.373579999999998913e-01
6.217435666604603783e-01 -3.051972781584553762e-01 7.213110000000000355e-01
-1.973150658722349071e-01 -5.746941918575788621e-01 7.942249999999999588e-01
9.484741537458646343e-01 -8.054201305570782288e-02 3.064469999999999694e-01
-5.707198934648833877e-01 4.039939245872792850e-01 7.148900000000000254e-01
4.575893867387213487e-01 -6.124595176295988264e-01 6.445969999999999756e-01
-4.639260805958622669e-01 3.054540530652055663e-01 8.315470000000000361e-01
1.442778370536062782e-01 5.607513666912753436e-01 8.153169999999999584e-01
-9.111384821546967272e-01 2.613591383055799966e-01 -3.186189999999999856e-01
-1.241660579508722939e-01 9.763924557025932538e-01 1.767499999999999627e-01
-4.673292630300908690e-01 8.820314964397542035e-01 6.019800000000005702e-02
2.434210118457266203e-01 4.150600201982873050e-01 8.766249999999999876e-01
-5.107677205962399825e-01 1.265749307600888829e-01 8.503500000000000503e-01
-4.536357534209802811e-01 -8.620475314239810505e-01 2.260279999999999512e-01
1.510889440107043499e-02 2.400093225293078725e-01 9.706529999999999880e-01
5.466900674999213283e-01 -4.663750575834125778e-01 6.954310000000000214e-01
-5.660436265104337727e-02 6.146313626775899014e-02 9.965030000000000276e-01
-6.234777226503496195e-01 2.295618978810151922e-01 7.473800000000000443e-01
-6.350495330943327632e-01 3.886697142394675980e-02 7.714929999999999843e-01
8.927849552845330550e-01 2.515899873990217611e-02 4.497799999999999576e-01
-2.542230786746629279e-01 7.534832331811877060e-01 6.063279999999999781e-01
-1.754990072972112958e-01 9.844150409317674599e-01 -1.127499999999998295e-02
9.966231024742774336e-01 -7.278900748427456768e-02 -3.800199999999996636e-02
1.597965983485183095e-01 -2.502619370904061169e-01 9.548999999999999710e-01
-2.517111508149046384e-01 -7.122624267581691981e-01 6.552280000000000326e-01
2.667038878089645904e-01 -6.677457191076429099e-01 6.949710000000000054e-01
7.620967381572509858e-01 -2.422279167748391249e-01 6.004450000000000065e-01
5.208904130943987631e-01 -1.961871555870736972e-01 8.307729999999999837e-01
6.781499154551718922e-01 7.053009120702617984e-01 2.065510000000000401e-01
4.097101075307611057e-02 -8.817912314311541211e-01 4.698570000000000801e-01
5.756970028995184174e-01 -7.961280040097269417e-01 -1.864220000000000599e-01
5.156600921695196904e-01 -7.999081429762560091e-01 3.069879999999998721e-01
6.495040612470264207e-01 4.293840404901174135e-01 6.275140000000000162e-01
-1.171518852945769296e-01 -4.287585801951096509e-01 8.957910000000000039e-01
-9.160451774834627026e-01 3.622060701773112124e-01 1.722440000000000915e-01
3.663771283399269163e-01 -5.202251822320682617e-01 7.714490000000000514e-01
-8.557294201290467361e-01 2.040698617154185213e-02 5.170209999999998418e-01
4.078698269728622261e-01 6.649797179013262616e-01 6.256549999999999612e-01
6.106630730250850458e-01 -5.746840687225980293e-01 5.448199999999999710e-01
-8.341906185854540690e-01 -1.751381298718746315e-01 5.229269999999999197e-01
-8.809620077214668221e-01 -2.820340024719750760e-01 3.799510000000000387e-01
-6.370442638465734220e-01 -1.322470547731675883e-01 7.593980000000000175e-01
-2.888914173401734287e-01 3.618925227994987948e-01 8.863269999999999760e-01
-9.264807560485910365e-01 9.544497486840833322e-02 3.640379999999999727e-01
6.841102941274840310e-02 4.070441750052297691e-01 9.108429999999999582e-01
-3.045341935556690749e-01 -4.379382783445612271e-01 8.458539999999999948e-01
-3.017284953742888423e-02 -2.704716512424023556e-01 9.622549999999999715e-01
-4.163830791768163286e-01 -7.049121340417068282e-01 5.742159999999999487e-01
-5.600515865684415617e-01 -2.918203056371699855e-01 7.753600000000000492e-01
3.421459281446925793e-01 -9.373138031513282842e-01 6.617399999999995508e-02
-5.056862688015382190e-01 7.721984104681766103e-01 3.846959999999999269e-01
-7.205123614499354678e-01 3.118317236408728044e-01 6.193729999999999514e-01
-3.882102635618846220e-02 5.473483716031795066e-01 8.360039999999999694e-01
5.014350483464005137e-01 5.184020499822923345e-01 6.926919999999999744e-01
7.090879478378885326e-01 -6.955529488335535637e-01 -1.157600000000001128e-01
1.243840192938008432e-01 7.986781238867879384e-01 5.887630000000000363e-01
-4.989518784668811602e-01 8.567137913243668690e-01 -1.307230000000000614e-01
-1.463858789987824705e-01 6.642344509499291672e-01 7.330510000000000081e-01
1.008139472713084489e-01 -6.646546523658567462e-01 7.403180000000000316e-01
-1.341387852178575202e-01 -1.192109204069720652e-01 9.837660000000000293e-01
4.815029798077299361e-01 7.387139690213505583e-01 4.716529999999998779e-01
-5.854029443830007784e-01 6.416469390394637928e-01 4.955730000000000413e-01
-8.155504134278307449e-01 -5.351742712964574489e-01 2.201499999999999291e-01
-8.999397831008464355e-01 -3.763669092898597746e-01 2.201280000000000181e-01
9.233318104607666221e-01 2.819299421261300953e-01 2.607179999999998943e-01
-8.380473543748150345e-01 2.038320861919766525e-01 5.060919999999999863e-01
8.460040331051403850e-01 -4.422050173040063537e-01 2.978790000000000604e-01
4.181605565593277812e-02 6.850669118037885363e-01 7.272790000000000088e-01
-7.161066741270429858e-01 -2.504358860361372008e-01 6.515159999999999840e-01
6.144901879642064024e-01 -7.888822413083680374e-01 8.162000000000012995e-03
-7.502780597689145958e-01 1.264960100769696172e-01 6.489080000000000403e-01
-4.265298610039411353e-01 8.692317167378090792e-01 2.500169999999999337e-01
-4.046982166003265657e-01 -2.851801526325336011e-01 8.688449999999999784e-01
-2.969098410953034325e-02 9.521884903933713895e-01 -3.040650000000000297e-01
2.260121164042603048e-01 6.913913560910832645e-01 6.862190000000000234e-01
1.884699739191980986e-02 -9.915768627838736915e-01 1.281409999999998939e-01
1.986699537844962421e-02 8.820327948175354926e-01 4.707689999999999930e-01
-2.190410446261470689e-01 -2.887660588315154042e-01 9.320060000000000011e-01
9.916227019303875956e-01 3.808998855061697733e-03 1.291119999999999490e-01
-1.015400226021181095e-02 -5.549121235196610158e-01 8.318470000000000031e-01
-9.765407075023320171e-01 -4.860998544012954531e-03 2.152779999999999971e-01
-8.061083030413895845e-01 -4.545501708796634288e-01 3.789109999999999423e-01
1.192344985168114907e-01 7.945233312776017742e-02 9.896819999999999506e-01
-9.104181573935233862e-01 4.136370715097735795e-01 6.568999999999896970e-03
7.628779161390123464e-01 5.694249374047452017e-01 3.062230000000000230e-01
-3.107271393978236484e-01 -9.398594216379624333e-01 1.418199999999999739e-01
-7.948388176610871048e-01 3.827919121861446672e-01 4.708519999999999373e-01
8.799426968113374103e-01 2.138749263083231378e-01 4.242149999999999532e-01
7.565370194049378938e-01 -6.037750154866402541e-01 2.512120000000001019e-01
8.179537887909902327e-01 -3.477369102086579344e-01 4.582909999999998929e-01
4.091623670475909580e-01 4.161963733575922975e-01 8.120140000000000136e-01
-4.978546932457060259e-01 -1.155299288159733762e-01 8.595310000000000450e-01
1.537549923730493207e-01 9.864849510658352250e-01 -5.662900000000010287e-02
5.633060422095863551e-01 8.199990614440796355e-01 1.014290000000001163e-01
6.443772121801633057e-01 -7.411012440293976988e-01 1.885389999999999566e-01
8.357560367615614050e-01 4.013630176543519501e-01 3.747260000000000590e-01
-2.309628560489735971e-01 4.004832183376978022e-02 9.721379999999999466e-01
7.851402746049687686e-02 -4.097071432961992832e-01 9.088319999999999732e-01
-3.003029407878498036e-01 -8.961298233058472285e-01 3.267560000000000464e-01
4.561522488210488779e-01 1.086678210488273566e-01 8.832419999999999716e-01
5.737278904160882931e-01 -2.160399587356582121e-02 8.187609999999999610e-01
-3.407202943733919076e-01 1.919081658036185523e-01 9.203700000000000214e-01
3.809619076953172367e-01 2.633356274341635550e-01 8.862970000000000015e-01
-5.693229637108870866e-01 -6.713569572071566016e-01 4.745010000000000061e-01
-8.232104110958281262e-02 -6.932853462136887579e-01 7.159459999999999713e-01
3.578710403443944865e-01 -9.006971015395912605e-01 2.463189999999999547e-01
1.916200006137053213e-01 -9.619940030809981391e-01 1.945489999999999442e-01
-9.540011536629154909e-01 -1.898400305779217312e-01 2.320399999999999963e-01
-9.201083962509681857e-01 -9.144503938143101751e-02 3.808389999999999276e-01
4.509701636311156392e-01 -3.627451316193295860e-01 8.155010000000000314e-01
-9.690703027207997478e-01 2.460400768586643028e-01 1.915800000000000836e-02
-9.568192833104999240e-01 -2.808890831701745250e-01 7.482099999999990148e-02
8.329983883657108290e-01 -5.470872550664367395e-01 -8.251799999999996638e-02
1.929039301507791959e-01 8.858666792336098439e-01 4.219339999999999757e-01
-5.048649567110692349e-01 5.668849513932524564e-01 6.509629999999999583e-01
-9.929259330008293194e-01 -1.039969929826466827e-01 5.729500000000006116e-02
8.864507987478492668e-01 4.609708953451401303e-01 -4.136199999999990579e-02
-6.312581590862843539e-01 -4.153311046695099540e-01 6.549909999999999899e-01
5.528934540890156901e-01 3.369612767448472712e-01 7.620799999999999796e-01
-2.649210039166381980e-01 9.151190135292789352e-01 3.039310000000000067e-01
-4.798000133362691731e-03 9.983780277503708778e-01 5.672999999999993326e-02
-7.599891811552825782e-01 -5.789501380018021587e-02 6.473520000000000385e-01
-1.113039492079043041e-01 -8.128976290448413078e-01 5.716719999999999580e-01
9.528110295567336907e-01 1.014900031482769277e-01 2.860960000000000725e-01
-1.733949737169455385e-01 8.581328699249900493e-01 4.832619999999999694e-01
4.077472544648699793e-01 -6.345903960320047055e-02 9.108870000000000022e-01
-9.223696865071516482e-02 9.350626821930854149e-01 3.422720000000000762e-01
4.204771111534760242e-01 8.888532349690962953e-01 1.820409999999999251e-01
-5.814091190324573999e-01 -7.541801544040400707e-01 3.052469999999999906e-01
-5.310219363722454844e-01 -5.682609319102193135e-01 6.285659999999999581e-01
-7.726588034328051302e-01 -3.585799087759738435e-01 5.238500000000000378e-01
3.216509399385772960e-01 5.632068948331773184e-01 7.611430000000000140e-01
2.718152525532485098e-01 -3.876773602048663725e-01 8.808080000000000354e-01
3.770569549851693902e-01 8.484138987123630571e-01 3.715130000000000376e-01
7.047546491133757085e-01 5.790597116949738887e-02 7.070840000000000458e-01
-4.697214803577559050e-01 -4.452285074537773446e-01 7.623210000000000264e-01
3.043230512430855073e-01 7.880381326928908026e-01 5.351479999999999571e-01
-7.940621440720706525e-01 -6.051341097935779567e-01 5.725400000000006179e-02
-1.447679393391404501e-01 -9.606865974517906359e-01 2.369040000000000312e-01
6.471297722078746262e-02 -7.804947252629077514e-01 6.218040000000000234e-01
-8.656562271478953630e-01 -4.586051203378251895e-01 -2.008000000000001173e-01
1.893982071713399273e-01 -5.343805845268727595e-01 8.237510000000000110e-01
9.778094016434467628e-01 1.793480736687317056e-01 1.082729999999999110e-01
6.878746357976039949e-01 7.255646158422512926e-01 1.960800000000004900e-02
-9.640136762738724663e-01 1.801799394936448029e-01 1.954810000000000159e-01
7.186019433981951643e-01 5.076689600126612634e-01 4.752720000000000278e-01
5.841666745862500454e-01 8.042805519704191441e-01 -1.090050000000000047e-01
6.956856839442795426e-01 -4.158458110778323058e-01 5.857419999999999849e-01
6.346769103078452323e-01 6.671459057193467324e-01 3.900019999999999043e-01
-3.332152687706418370e-01 6.238345031834234833e-01 7.069640000000000368e-01
8.007769400763297130e-01 -5.415999594710390469e-02 5.965089999999999559e-01
5.850624525200932569e-01 1.714688395457718006e-01 7.926539999999999697e-01
8.455441540812275170e-01 -5.199090947416300512e-01 1.214479999999999171e-01
3.063501174393759019e-01 9.504103643399943735e-01 5.356999999999993711e-02
