4.570663352232902099e-01 -7.302205355610590087e-02 8.864300000000000512e-01
-5.756040813857508098e-01 -1.493080211109437394e-01 8.039819999999999744e-01
-4.571047359894295781e-01 -4.026597674352802581e-01 7.930449999999999999e-01
-8.713588435997993153e-01 -1.471929735803329531e-01 4.680469999999999908e-01
-8.231728557993628348e-01 -4.602299193784790687e-01 3.325279999999999903e-01
-6.434631993069760414e-01 -5.323781648993795024e-01 5.500260000000000149e-01
8.811365590515747304e-01 6.764096615033482474e-02 4.679989999999999428e-01
-6.720709839501773919e-01 7.344639824601614242e-01 9.425100000000000144e-02
4.322798411902647464e-01 2.208124296875507153e-01 8.742860000000000076e-01
1.673225610864699231e-01 3.170330631140300670e-01 9.335379999999999789e-01
3.294898177224774849e-01 3.485288071898914875e-01 8.774760000000000337e-01
3.844130616647557508e-01 -2.428980389639420201e-01 8.906330000000000080e-01
8.298595654451935699e-01 3.475428180096870046e-01 4.365169999999999884e-01
-8.580288574198713381e-01 2.914859515632787779e-01 4.228740000000000276e-01
8.361773160831377227e-01 -3.852971456460590471e-01 3.903250000000000330e-01
7.346709388785824801e-01 -5.145949571879442352e-01 4.420980000000000465e-01
2.518960453608707351e-01 6.149701107424280222e-01 7.472349999999999826e-01
1.138130131331013678e-01 -9.342271078022541531e-01 3.380329999999999724e-01
-6.701048661808388721e-03 2.899511055727017061e-01 9.570180000000000353e-01
-1.163810584750069599e-01 4.171052095721618502e-01 9.013759999999999550e-01
-9.927360773501281432e-01 9.527300742330177541e-02 -7.347199999999999565e-02
-2.340359427733228748e-01 -9.244807739451383899e-01 3.009359999999999813e-01
-1.793173740721139275e-01 2.720360504269268564e-01 9.454320000000000501e-01
2.230209737673375381e-01 9.200828917759901193e-01 3.220390000000000752e-01
6.779679531803772807e-01 -6.437879555408052568e-01 3.548189999999999955e-01
5.032618372921106031e-01 7.544127560933531207e-01 4.214130000000000376e-01
-7.700622144029672933e-01 6.178881720342268569e-01 1.588029999999999720e-01
5.931255807487753051e-01 -6.347875512999825443e-01 4.952239999999999420e-01
-4.512535375460225429e-01 -2.593997341617764185e-01 8.538630000000000386e-01
-4.101031894137059375e-01 -5.541652559514228527e-01 7.243730000000000446e-01
-7.872700969637630442e-01 -9.280701143053328439e-02 6.095840000000000147e-01
9.286780912926798637e-01 3.557620349727961817e-01 1.048350000000000809e-01
6.543628715080824776e-01 -2.001549606971974871e-01 7.292100000000000248e-01
3.996399410175183187e-02 -9.776178557143048176e-01 2.065579999999999916e-01
1.137630705758214261e-01 8.157525060728656463e-01 5.671030000000000237e-01
7.631696950102265786e-01 -2.184061989001171988e-01 6.081699999999999884e-01
7.305110117552325866e-01 3.742340060220964437e-01 5.712289999999999868e-01
-2.793761533482281290e-01 9.601385270154235707e-01 -9.109000000000094452e-03
-3.925839805983540320e-01 -8.827559563738729409e-01 2.581080000000000041e-01
9.578476466491018249e-01 2.010279258406089675e-01 2.052210000000000700e-01
2.469570480018140057e-01 7.372361432988955299e-01 6.288839999999999986e-01
-4.337901563953622253e-01 -8.964413231960511874e-01 9.065899999999992021e-02
2.468239126540939243e-01 -5.541738038892889406e-01 7.949650000000000327e-01
-6.333217694990790347e-01 -7.061297430002190234e-01 3.166769999999999308e-01
-2.436941087958502394e-01 -5.918892642455988451e-01 7.682970000000000077e-01
-9.298430584369952179e-01 -2.562500161043098149e-02 3.670630000000000281e-01
-2.421420904902084892e-01 9.156653421906016943e-01 3.208179999999999921e-01
-3.159590976734014678e-01 -4.564921411168104681e-01 8.317360000000000309e-01
9.694086660354707119e-01 -2.454499154416827922e-01 -1.085000000000019976e-03
6.341809490745977662e-01 6.361969489127109467e-01 4.393949999999999800e-01
3.400010236499882432e-01 -6.515020453175569548e-01 6.781920000000000170e-01
9.886541978621027349e-01 5.522301105193414689e-02 1.396900000000000919e-01
4.309408188992610023e-01 -7.236726958801432685e-01 5.390620000000000411e-01
-2.518968944403429666e-01 -7.900816689091771927e-01 5.588549999999999907e-01
-7.864690806785216981e-02 -5.955743038197390815e-01 7.994409999999999572e-01
7.341408705901252274e-01 -6.510668852339006607e-01 1.927409999999998846e-01
-7.591867023841908368e-01 -6.000457647705031983e-01 2.521520000000000428e-01
3.956000641184340312e-03 -9.984641618300214017e-01 5.525999999999994111e-02
5.230519587041468910e-01 -7.514069406751280322e-01 4.022489999999999122e-01
8.579613185865395120e-02 -5.818208941908947773e-01 8.087790000000000257e-01
5.302287115809340978e-01 -2.081538867742386556e-01 8.219060000000000255e-01
3.817027190934266234e-01 7.558884437188365668e-01 5.319169999999998621e-01
9.014022216915789087e-01 3.395990835212684966e-01 2.686009999999999232e-01
-9.769995687847637944e-02 -3.224968576605730108e-01 9.415149999999999908e-01
9.764645415515106341e-01 2.124369002612262192e-01 3.724999999999998451e-02
-2.848740186446626077e-01 -9.490190621121582515e-01 1.349429999999999241e-01
2.294777392067859911e-01 -2.767686854623229720e-01 9.331340000000000190e-01
4.009541717806741623e-01 -5.147792205467053295e-01 7.577850000000000419e-01
5.244017933013978006e-01 8.744296553341544820e-02 8.469689999999999719e-01
4.781718577891496680e-01 3.728108891240614620e-01 7.952129999999999477e-01
-5.553017599140489535e-01 3.435598514611339083e-02 8.309389999999999832e-01
8.894375133548155787e-01 -3.946072277546399665e-01 2.306210000000000759e-01
9.548347643873222879e-01 -2.495899384118007991e-01 1.612310000000000687e-01
-7.100505874064972911e-01 2.605692155621768813e-01 6.541649999999999965e-01
-6.971189127660252227e-01 -2.047609743772356161e-01 6.870939999999999825e-01
7.389649508998845651e-01 6.017499600170583829e-01 3.030309999999998838e-01
6.027446695610860772e-01 -4.971305522392636955e-02 7.963839999999999808e-01
2.474438734889933822e-01 8.431895689011831285e-01 4.772870000000000168e-01
-3.730198732896668479e-01 8.221017207420021622e-01 4.301220000000000043e-01
1.687509789397214632e-01 -4.340189458340333872e-01 8.849580000000000224e-01
-3.312368730983574761e-01 -8.468846755462178244e-01 4.160150000000000237e-01
9.496298707312661458e-01 5.781699212963956058e-02 3.079939999999998790e-01
7.851082205301669337e-01 8.219002308647270494e-02 6.138810000000000100e-01
6.659371715427556682e-01 9.553002460815281094e-02 7.398660000000000236e-01
-8.380530257130115457e-01 5.308020162859843349e-01 -1.261599999999999111e-01
6.938578598394699037e-01 7.200868545411661659e-01 6.016000000000108934e-03
1.271689932872681339e-01 9.761819484713403217e-01 -1.757749999999999591e-01
-1.612570660074759687e-01 -8.767363588751526660e-01 4.531330000000000635e-01
-3.330612784240880586e-01 -1.840297063805516053e-01 9.247720000000000384e-01
2.679680381059716399e-01 -9.111031295619812509e-01 3.131840000000000734e-01
-5.037627427820673409e-01 2.028972991655844105e-01 8.396759999999999780e-01
-2.884883071168244384e-01 -3.098303298369623274e-02 9.569819999999999993e-01
3.967570074956370263e-01 -8.747630165262514357e-01 -2.781609999999999916e-01
7.070992013086633242e-03 -7.070242013933829561e-01 7.071539999999999493e-01
-1.633960055445188575e-01 -7.091780240645472189e-01 6.858340000000000547e-01
6.254519513382290619e-01 5.186769596455981235e-01 5.829100000000000392e-01
3.729180547959098369e-01 8.500471249043989319e-01 3.719569999999999266e-01
4.885849009492350681e-01 -3.565649277136302420e-01 7.963329999999999576e-01
8.181339919680222783e-01 2.181639978581890460e-01 5.320350000000000357e-01
-3.169630968802493176e-01 -9.477822896910882422e-01 -3.525799999999994910e-02
6.118560045121804736e-01 7.315570053949251861e-01 3.007600000000000828e-01
-2.710038374028722608e-01 6.539446076457221535e-01 7.063380000000000214e-01
9.698978092807439833e-01 1.995959607517485135e-01 -1.394979999999999276e-01
5.447574947495033015e-01 -4.658574230923500648e-01 6.972920000000000229e-01
-4.271940522791248251e-01 9.033081105449791703e-01 -3.923900000000000998e-02
-3.442911710023399130e-01 9.221804580280573704e-01 -1.762009999999999410e-01
6.487671854167756935e-01 -3.469670991627231693e-01 6.772850000000000259e-01
-1.053499629563842133e-01 9.729216578970212304e-01 2.057299999999999407e-01
-2.584800873381006697e-02 7.692822599335674694e-01 6.383860000000000090e-01
8.507360127100604963e-01 -2.341480034981889002e-01 4.705559999999999743e-01
9.039142884944026957e-01 2.059840657421292687e-01 3.748459999999999570e-01
-6.240797925714354211e-01 6.559197819886164460e-01 4.246099999999999874e-01
7.883925289925267643e-01 6.085566364314564103e-01 -8.997799999999996079e-02
-5.839903959869526817e-01 3.190782163576857400e-01 7.464210000000000012e-01
-2.831785198029428408e-01 3.971543265296428871e-01 8.729710000000000525e-01
2.695700103684914306e-01 -7.677210295289113029e-01 5.813230000000000341e-01
4.398717626577568485e-01 -8.478565425208194339e-01 2.960610000000000186e-01
-2.369797473864716231e-01 1.216593836892330693e-01 9.638670000000000293e-01
7.070528870320270665e-01 6.851788905269013963e-01 1.749459999999999071e-01
3.295883099158649632e-01 -4.001103762286149501e-01 8.551509999999999945e-01
-5.430521995562818116e-01 8.168173001571918945e-01 1.946890000000001120e-01
-1.568196406969144321e-02 -1.621226285467789185e-01 9.866460000000000230e-01
-1.565581420051033457e-01 -4.653294220742009712e-01 8.711820000000000119e-01
9.974876974223793047e-01 6.488298031841610580e-02 -2.843400000000011196e-02
-4.894269346595295778e-01 -7.898588945506510584e-01 3.695730000000000404e-01
6.470805941287117724e-01 -4.989806870220864776e-01 5.764590000000000547e-01
-8.068203123080207317e-02 9.284813594011845916e-01 3.625089999999999701e-01
-8.485347849068793913e-01 4.810668780554696045e-01 2.203709999999999558e-01
-5.004876909477785629e-01 -6.212886163529481864e-01 6.029200000000000115e-01
2.735476434963760028e-01 1.919104514521801641e-01 9.425189999999999957e-01
4.614251787505599944e-01 8.834463422364787766e-01 8.129800000000003690e-02
-5.873719109830418672e-01 -3.104079529572811302e-01 7.474229999999999485e-01
4.880293170515687673e-01 8.349555424345533883e-01 2.543159999999999310e-01
-1.763871100259633840e-01 -1.785471236191968347e-01 9.679919999999999636e-01
-9.583729398025786494e-01 1.115729929918655994e-01 2.628170000000000783e-01
-9.046907436343103459e-01 3.227469085419695793e-01 2.781529999999999836e-01
8.791904708503500698e-02 9.017224829173660083e-01 4.232809999999999628e-01
3.041961560771010431e-01 -1.066460547180058671e-01 9.466210000000000457e-01
8.199678918765086477e-01 4.687409381903763772e-01 3.285340000000000482e-01
-6.553600386259010591e-02 -9.401430554105701942e-01 3.344190000000000218e-01
6.125192907242765772e-01 3.821651813897088967e-01 6.919319999999999915e-01
-8.117226412459567220e-01 4.446128034961294162e-01 3.787159999999998861e-01
-7.638432561956105538e-01 -4.255381427269319672e-01 4.852430000000000354e-01
1.033761119874087586e-01 5.786456268471807940e-01 8.090009999999999701e-01
-5.711080000271792079e-01 -8.197200000390104657e-01 4.352900000000001213e-02
-6.851584421581298212e-01 -3.747152418176298294e-01 6.246169999999999778e-01
-9.779190426897611532e-01 -4.771100208276067567e-02 2.034649999999999792e-01
8.617531361365279308e-01 4.779760755088675594e-01 -1.700600000000000722e-01
7.307973764308680620e-01 -5.783402979008236272e-02 6.801399999999999668e-01
-7.438500481579582990e-01 5.846110378485878112e-01 3.239089999999999470e-01
1.760909951588421063e-01 -6.867079811207734696e-01 7.052829999999999933e-01
-4.045786090088538955e-01 8.599491689315658105e-02 9.104510000000000103e-01
-9.921407197225142749e-01 8.509797596001619779e-02 9.173400000000000998e-02
3.250200367726246986e-02 9.935821124134447402e-01 1.083430000000001059e-01
-6.732271951008367283e-01 -7.222952093207180013e-01 1.582869999999999555e-01
7.956702809107163432e-01 6.006312120523389364e-01 7.842800000000005323e-02
-6.761012116700815255e-01 -3.680395708680894024e-02 7.358890000000000153e-01
9.164451589654062369e-01 -3.949090685004224555e-01 6.461499999999992250e-02
6.089001658503239052e-03 -4.565771243610468044e-01 8.896629999999999816e-01
-2.174340460486396676e-01 8.544681809610690237e-01 4.718119999999998981e-01
-9.360255824819808668e-01 -3.444578463531762780e-01 7.214500000000002855e-02
-9.106180733914904790e-01 -3.349830269980405562e-01 2.419940000000000424e-01
-5.750790567489355576e-01 5.784240570790212255e-01 5.785409999999999719e-01
5.789444170483956098e-01 2.375261711043506752e-01 7.800030000000000019e-01
-1.231163877929519340e-01 -1.906975028193759816e-02 9.922090000000000076e-01
3.713403531910324795e-01 6.127089327698195115e-02 9.264729999999999910e-01
7.088233542085629058e-01 2.374781186710096803e-01 6.642090000000000494e-01
3.478400445126482721e-01 9.145541170343278736e-01 2.063930000000001042e-01
-7.026134979612934650e-01 5.199436284844690670e-01 4.857909999999999173e-01
-3.675114517719826890e-01 5.167066351736250285e-01 7.732719999999999594e-01
1.855630846081078311e-01 -9.713364428840937093e-01 1.485660000000000036e-01
-7.892248803072495766e-01 -2.639999599621322135e-01 5.544620000000000104e-01
2.196988733711203456e-01 4.687507298239229070e-01 8.555730000000000279e-01
8.344436417325669098e-01 -7.481005753300504213e-02 5.459920000000000329e-01
5.180928625034262325e-01 6.472108282368319587e-01 5.591939999999999689e-01
1.947289757818679024e-01 9.679598796163737529e-01 1.585379999999999567e-01
5.203440994755449411e-01 -8.400781605999433355e-01 1.533319999999999683e-01
9.665172493232701001e-01 -9.540102460969572540e-02 2.382079999999999753e-01
9.134476915763738436e-01 -8.784506650799286942e-02 3.973619999999999375e-01
-7.559458242034234887e-01 7.635498224350986685e-02 6.501660000000000217e-01
3.904289419873256950e-01 6.392499050157594009e-01 6.625140000000000473e-01
-8.522256988640420916e-01 5.212398158186835051e-01 4.494900000000009305e-02
-9.334444394998047123e-01 -1.834960863966729749e-01 3.082380000000001230e-01
-4.831801753090823187e-02 5.545312011969054655e-01 8.307590000000000252e-01
-5.399650748896973607e-01 -8.149621130300250815e-01 2.104149999999999632e-01
-7.627947889702118012e-01 3.662648986715625887e-01 5.329109999999999125e-01
1.614669936005483919e-01 9.868309608887432249e-01 -9.647000000000056572e-03
9.153158976243275236e-01 -2.446489726366567197e-01 3.199120000000000852e-01
-1.320770596928332319e-01 9.905634476896951757e-01 3.660200000000010667e-02
6.052896685119451003e-01 -7.528265877130666528e-01 2.586049999999999738e-01
7.630548503892118362e-01 -6.460388733323232380e-01 1.952099999999993771e-02
1.456318982184338917e-01 -1.375588484260310551e-01 9.797289999999999610e-01
-6.421178304591733665e-01 1.474089610790483285e-01 7.522999999999999687e-01
-4.517336227716792774e-01 -7.666210568836565042e-02 8.888530000000000042e-01
-2.106980532596086364e-01 5.414561368676239494e-01 8.138990000000000391e-01
-2.626099983882201894e-01 9.515079941600801394e-01 1.602140000000000508e-01
1.052321673626931547e-01 1.625362584999115734e-01 9.810750000000000304e-01
1.915000358594443619e-01 -8.626001615266667422e-01 4.682399999999999896e-01
-5.147570169889479352e-01 4.788700158045396948e-01 7.111319999999999864e-01
-4.306333217386491552e-01 6.224334650381010414e-01 6.535530000000000506e-01
8.148557723087558324e-01 -1.887631789070665089e-01 -5.480679999999998886e-01
-5.465298360971920788e-02 8.602387420167472154e-01 5.069539999999999047e-01
6.102198271738416835e-02 9.610297278176359592e-01 2.696259999999999768e-01
-9.039921153836157908e-01 1.433710182995696081e-01 4.027940000000000409e-01
8.516121236007029305e-01 4.935040716258592974e-01 1.766650000000000720e-01
5.582883700392534537e-02 4.348037305610304437e-01 8.987929999999999531e-01
9.625901423026905768e-02 6.985441032679445827e-01 7.090629999999999988e-01
4.947591128475407052e-01 -6.028931375113789626e-01 6.258860000000000534e-01
3.546400748654655599e-01 -8.271531746142409824e-01 4.359449999999999714e-01
9.866601165066685164e-02 -7.964010940405283900e-01 5.966660000000000297e-01
-8.569030224751965630e-01 2.305100060459080308e-02 5.149620000000000308e-01
-4.207579728103957861e-01 -7.452569518410990801e-01 5.172569999999999668e-01
-7.550102242713400968e-02 -8.065912395931766898e-01 5.862680000000000113e-01
-6.537250253815535261e-01 7.099680275652469064e-01 2.618949999999999334e-01
-2.693467751617545924e-01 -3.271479415095918108e-01 9.057739999999999680e-01
-5.208851311541922158e-01 7.757651953307005410e-01 3.561839999999999451e-01
7.313525950179254886e-01 5.030547214364916586e-01 4.604990000000000472e-01
5.037683777855650469e-01 5.172843879214801266e-01 6.918339999999999490e-01
2.103933676703774458e-01 2.981705210642770706e-02 9.771619999999999751e-01
-7.104246924799118013e-01 -5.744987513178969607e-01 4.065069999999998962e-01
7.990120193645127156e-01 -5.267690127665479727e-01 2.899900000000000255e-01
4.883911419659516806e-01 -7.084002059183731603e-01 -5.095520000000002270e-01
-5.572769776886628001e-01 8.298549667756346393e-01 2.798399999999994989e-02
6.826994129232977215e-02 -3.043427382852133545e-01 9.501129999999999853e-01
-8.610469263024069786e-01 -3.081599736243777476e-01 4.045190000000001285e-01
-3.401332913228579113e-01 7.452956383428523957e-01 5.734489999999999865e-01
3.681512624542290779e-01 4.997913563001637471e-01 7.840110000000000134e-01
8.773006699744724246e-01 4.799398194548373797e-01 -1.141999999999994365e-03
-1.854229945177774952e-01 7.689289772658202127e-01 6.118550000000000377e-01
4.442029709551535699e-02 1.964455381571542092e-03 9.990109999999999824e-01
-5.593029985587733011e-01 -4.745999987770382345e-01 6.796579999999999844e-01
-9.586623293350287067e-01 2.326420799209311940e-01 1.638419999999999321e-01
7.553492967954256176e-01 -3.707306548623353071e-01 5.403759999999999675e-01
-3.355540806480442062e-01 -6.819831639098181686e-01 6.498479999999999812e-01
-3.476359371112860974e-01 2.443149558024596824e-01 9.052400000000000446e-01
-4.139618989524521120e-01 9.022837797537311966e-01 1.204970000000000485e-01
-9.179237800679661552e-01 3.825139083507109183e-01 1.053519999999999179e-01
-6.476101168187400337e-01 4.292350774272972735e-01 6.295699999999999630e-01
1.767899521773238364e-02 -8.820777613930028682e-01 4.707720000000000238e-01
-5.753130455145757383e-01 -6.722100531803609780e-01 4.659919999999999618e-01
-4.402989680716981602e-01 3.645119735673957861e-01 8.205289999999999528e-01
-6.686975102463421639e-02 1.378944865790628915e-01 9.881870000000000376e-01
6.524220096854863593e-01 -7.528650111766060915e-01 8.683200000000010355e-02
5.920647193343999692e-01 7.955936228524448373e-01 1.284140000000000281e-01
-9.922610966911481201e-02 6.683037386390507928e-01 7.372410000000000352e-01
