-5.176912079703234193e-01 8.555653437033476916e-01 1.937999999999982922e-03
-3.706298157413723954e-02 -8.820855614711279324e-01 4.696290000000000187e-01
-9.325739379708825050e-01 -2.923349805556643144e-01 2.117689999999999018e-01
4.333789616979715764e-01 8.883579214869353757e-01 1.516670000000000795e-01
-8.126611063816306935e-01 5.825610762603213866e-01 -1.430100000000000295e-02
-8.684312525286218554e-01 3.563601036249276488e-01 -3.447239999999999749e-01
8.740691267043928514e-01 3.704210536959529065e-01 3.143110000000001181e-01
2.009040128169129191e-01 7.612400485642236703e-01 6.165640000000000009e-01
-7.387940944162811885e-01 6.535220835187033339e-01 1.645969999999999378e-01
-1.554277868812015406e-01 2.836226111035786701e-01 9.462559999999999860e-01
5.436773127135102746e-01 -3.225995921876155248e-01 7.748190000000000355e-01
-6.098537683929302622e-01 4.824698167701405721e-02 7.910439999999999694e-01
-9.781120690138851437e-01 -2.048090144509675803e-01 3.674299999999997013e-02
-8.550019925191287840e-01 1.143159989997879628e-01 5.058690000000000131e-01
9.191120477938113931e-01 -3.938380204795705608e-01 1.116499999999997356e-02
-1.571748216947846111e-01 4.592774789778100164e-01 8.742769999999999708e-01
3.598328345992587440e-01 -3.871968220211298162e-01 8.488809999999999967e-01
-1.561200541902655892e-01 6.164482139731028987e-01 7.717629999999999768e-01
7.059831186064261521e-01 -2.646060444542885359e-01 6.569409999999999972e-01
-9.272874678198408382e-01 1.917648899440861643e-01 3.215030000000000387e-01
2.079390150097683576e-01 -7.383900532995874011e-01 6.415149999999999464e-01
1.927130952181262957e-01 8.729014312941921760e-01 4.482240000000000668e-01
-2.201101582520741118e-02 -1.995421434643378233e-01 -9.796420000000000128e-01
-5.844703461547685608e-01 -1.422318408856641236e-01 7.988520000000000065e-01
3.624084705702535492e-01 3.353445101070384182e-01 8.696000000000000396e-01
3.662489368403187839e-01 5.154009111190396286e-01 7.747410000000000130e-01
-3.397459328999016814e-01 -7.621788494690570070e-01 5.510500000000000398e-01
2.002460781598974227e-01 4.571191784224113430e-01 8.665699999999999514e-01
9.847304089906335767e-01 1.038880431480902755e-01 1.396900000000000919e-01
-7.838987940650495867e-01 -4.084648926938044822e-01 -4.676099999999998591e-01
-4.151287966037461863e-01 -8.303665931540872291e-01 3.716980000000000284e-01
9.437273280227121974e-01 1.721900598501800023e-02 3.302760000000000140e-01
7.806685469870866534e-01 -5.323826910644924304e-01 3.273000000000000353e-01
-5.827914779155369818e-01 -4.645483809508158535e-01 6.667450000000000321e-01
-6.260418166195779177e-01 -7.635947763275092726e-01 1.580969999999999043e-01
4.677472298548368546e-01 -8.219164038964827945e-01 3.250629999999999353e-01
-1.481740272073013287e-01 8.590711577402480037e-01 4.899399999999999311e-01
-7.524130757971571049e-01 -5.480360552084703185e-01 3.654189999999999383e-01
4.084941245680775990e-01 -8.974112736607223750e-01 1.666900000000000881e-01
3.373979466358891233e-01 -8.029868729966174179e-01 4.912989999999999302e-01
-7.439824957757762425e-01 2.718871811804429717e-01 6.103830000000000089e-01
6.778137390538038209e-01 -7.352297169496767593e-01 2.408000000000008224e-03
-8.911694257504654271e-02 -6.589045754167107694e-01 7.469289999999999541e-01
7.663856786615238503e-01 2.724632412758010713e-01 5.817360000000000309e-01
1.471329717074370269e-01 9.582418157373110423e-01 2.452030000000000043e-01
-1.581309481292910157e-01 -7.832157430866233394e-01 6.013049999999999784e-01
-8.566070461169508210e-01 4.951790266588358413e-01 1.449900000000000910e-01
3.478089830625650247e-01 1.377895971254156915e-01 9.273850000000000149e-01
8.635115610939274600e-01 -4.741303080811521964e-01 1.718959999999999655e-01
-2.490600457825629388e-01 9.549521755406328305e-01 1.613549999999999984e-01
-2.275100505032778275e-01 -8.731821938312736009e-01 4.310360000000000302e-01
-3.284979613098942264e-01 8.793578964302550816e-01 3.447010000000000352e-01
5.521507006846316373e-02 -3.160424010608935963e-01 9.471370000000000067e-01
8.670316893281919679e-01 -2.266999187696660742e-02 4.977369999999999850e-01
3.784451444148539956e-01 -6.721652564985937106e-01 6.363750000000000240e-01
8.632259925839091963e-01 4.817959958608256654e-01 1.507100000000000384e-01
1.015488926353683430e-01 -6.327933309663830164e-01 7.676330000000000098e-01
-2.807141429172222424e-01 -6.530673324897283694e-01 7.033509999999999485e-01
1.966207125394622279e-01 2.731709899522169471e-01 9.416569999999999663e-01
3.593370410894510814e-01 7.960980910321781012e-01 4.869339999999999780e-01
9.805383449469069479e-01 -9.558103362477568532e-02 -1.714900000000001146e-01
-1.523470581457146145e-01 7.512042867092454390e-01 6.422480000000000411e-01
2.800091117615167713e-01 -5.717242281953131000e-01 7.711850000000000094e-01
6.994618364486552275e-01 7.146338329010701873e-01 7.184999999999960515e-03
2.666298842784813744e-02 7.011876956736309285e-01 7.124779999999999447e-01
7.696765518966988129e-01 -3.963252841851104824e-01 5.005239999999998579e-01
-6.253849591925614293e-01 -7.062749539143506894e-01 3.317670000000000896e-01
-8.241010740521979017e-01 -5.661760508755327992e-01 1.738099999999995898e-02
0.000000000000000000e+00 -0.000000000000000000e+00 1.000000000000000000e+00
6.403221707768332882e-01 6.875211833650246573e-01 3.424939999999999651e-01
-2.085231047546822480e-01 -5.214522619592975028e-01 8.274089999999999501e-01
-6.226383157400749990e-01 2.419811227086993977e-01 7.441550000000000109e-01
-3.180629797374975865e-01 -8.981749427809173625e-01 -3.035089999999999177e-01
-6.378068200544118049e-01 6.869148061994873045e-01 3.483539999999999415e-01
1.239299683942040806e-02 -9.895947476241666596e-01 1.433479999999999477e-01
1.782857389932210601e-01 7.310930303758250703e-02 9.812589999999999923e-01
-7.271891637346044046e-01 -1.046310235588208265e-01 6.784160000000000190e-01
-7.450496571451630246e-01 8.321307339520007951e-02 6.617979999999999974e-01
-9.746456091867045091e-01 -1.005739596718639856e-01 1.998769999999999158e-01
-3.291878257855261891e-01 6.693206457786867736e-01 6.660669999999999646e-01
5.115323528261901398e-01 -7.181834953625028106e-01 4.717489999999999184e-01
-1.868760945019003750e-01 -9.767484939347061967e-01 1.050699999999999135e-01
6.603119034797940712e-01 5.635619176220932891e-01 4.963730000000001197e-01
-7.481594598821308395e-01 -6.412743941815221005e-01 -1.703659999999999064e-01
9.023301596727480167e-02 -9.426891668145177539e-01 3.212400000000000255e-01
-3.209324501466259139e-01 1.548587346806228615e-01 9.343559999999999643e-01
1.529870285055677792e-01 -8.588831600328629134e-01 4.887890000000000290e-01
9.434412684400227400e-01 3.060150870713415627e-01 1.275669999999999304e-01
2.444400243322230465e-02 9.218030917587793915e-01 3.868870000000000364e-01
6.392903741192318412e-01 4.990995113694837032e-02 7.673440000000000261e-01
-3.349690437829650480e-01 9.422251231558868012e-01 -2.749000000000036571e-03
2.350200307064907387e-02 3.839950501707896091e-01 9.230359999999999676e-01
5.176740651881375221e-01 5.569370701323338446e-01 6.494879999999999542e-01
9.347768969567196162e-01 2.012929778108671908e-01 2.927000000000000712e-01
-6.291422203818142211e-01 4.282471500104124140e-01 6.486790000000000056e-01
-4.518214431051698066e-01 6.597006469740812097e-03 8.920839999999999881e-01
-8.457327005214749782e-01 -3.739898675681644358e-01 3.806149999999999811e-01
4.352055977161221612e-01 -1.987848162525317763e-01 8.781120000000000037e-01
2.665598091337611705e-02 -7.756834445832563318e-01 6.305589999999999806e-01
-6.337060010859877357e-01 -5.804080009946503971e-01 5.114130000000000065e-01
-7.549371278089932469e-01 -6.286511064290811746e-01 1.867289999999999783e-01
-9.336203939442915267e-01 1.653000697489094865e-03 3.582600000000000229e-01
6.753832041944051179e-01 -5.661331711639042696e-01 4.726000000000000756e-01
-8.673953683323346597e-01 3.955081679493021585e-01 3.019910000000001205e-01
1.307300164258916042e-01 -9.913721245633680956e-01 -9.537999999999996134e-03
2.955761006305092642e-01 9.225793140972017303e-01 -2.479559999999999820e-01
9.221627435552363083e-01 -1.714149523311180867e-01 3.467459999999999432e-01
-1.506938848905529649e-01 9.206715158292173851e-02 9.842840000000000478e-01
5.417206823407962890e-01 -5.890746545729343975e-01 5.996080000000000298e-01
-8.572317565406474271e-01 -4.708788662673620840e-01 2.083910000000000207e-01
-9.412180108008251223e-01 2.865220032879459144e-01 -1.789239999999999997e-01
3.658474896713815872e-01 6.708888979563966126e-01 6.450299999999999923e-01
7.731709950504408457e-01 9.364999940048679417e-02 6.272450000000000525e-01
-3.309707831808218481e-01 -3.701908759878793087e-01 8.679959999999999898e-01
5.170471367941477103e-01 6.925961832388148887e-01 5.029639999999999667e-01
8.695214574834412291e-01 1.793638880903070110e-01 4.601749999999999452e-01
3.130429920707621938e-01 -6.513179029003234033e-02 9.475029999999999841e-01
-4.803587518981015103e-01 2.031948950512735275e-01 8.532100000000000239e-01
9.811629136265830331e-01 -9.162899193374615670e-02 1.700689999999999147e-01
-3.237229423497642866e-01 7.930978587610807429e-01 5.159449999999999870e-01
5.149967709738519916e-01 3.861708282645207047e-01 7.652780000000000138e-01
-1.252951195456769307e-01 -3.688183518943092265e-01 9.210180000000000033e-01
-5.386157473711066235e-01 -8.425506048154404182e-01 1.246999999999943249e-03
6.359781702338529463e-01 -4.331331159378145057e-01 6.386920000000000375e-01
4.910876853750444915e-01 -7.962424898716352617e-01 -3.533140000000000169e-01
4.571609701703153728e-01 -4.966719675922288135e-01 7.377810000000000201e-01
5.050551466074241214e-01 1.936240562051972092e-01 8.410879999999999468e-01
-7.392589504920815680e-01 6.507019564227128905e-01 -1.734450000000000436e-01
4.843235694279103831e-01 -3.488004100909004087e-03 8.748820000000000485e-01
-5.870369463630200624e-01 7.919559276397775127e-01 -1.679089999999999749e-01
-6.709695671195008426e-01 -2.902282453078434132e-01 6.823249999999999593e-01
2.832589564948082006e-01 -8.996578618233003199e-01 3.322349999999999470e-01
-3.318803912057543548e-01 5.181166107326761194e-01 7.882959999999999967e-01
7.516550963822561382e-01 -8.725701118867902617e-02 6.537589999999999790e-01
2.015310915687577864e-01 6.213182823055386494e-01 7.571980000000000377e-01
-5.120739636054245647e-01 -3.308079764885217822e-01 7.926830000000000265e-01
7.731599584631978495e-01 5.427189708432772486e-01 3.281459999999999932e-01
-7.463814853176417019e-01 4.501916895612699809e-01 4.901450000000000529e-01
-2.624279140872859961e-01 -9.601056856840272102e-01 -9.658499999999996255e-02
3.714501250897130069e-02 -9.821273307416449327e-01 -1.845159999999999301e-01
-8.409248279067708109e-01 2.942209397883975286e-01 4.541800000000000836e-01
-4.318961513517750594e-01 8.849023101012475356e-01 1.743950000000001055e-01
-3.722509856408530160e-01 -9.265479642594944831e-01 5.420399999999991197e-02
-9.424041905251582252e-01 2.973550601160527274e-01 1.531479999999999508e-01
4.895823026863366234e-01 -5.614303471066950380e-01 -6.671620000000001438e-01
7.647211564551255059e-01 -5.535441132501865980e-01 -3.298340000000000716e-01
-5.125767656880833023e-01 -7.173246720925914310e-01 4.719219999999998971e-01
-4.662141757513853513e-01 -6.208782340559672042e-01 6.302020000000000399e-01
-4.890316606487031259e-01 3.927567274562866473e-01 7.788389999999999480e-01
-9.167682762438231769e-01 -3.975291197848644376e-01 3.881399999999991801e-02
-9.645997039181267510e-03 -5.077168441573709501e-01 8.614699999999999580e-01
2.505436397765418155e-01 -2.644896197254676395e-01 9.312749999999999639e-01
-1.529150492588951249e-01 9.344693010228585228e-01 3.215339999999999865e-01
2.462800032553083551e-02 5.525090073030174409e-01 8.331429999999999669e-01
-8.036967801261790667e-01 -2.492309318158805742e-01 5.403289999999999482e-01
6.013990863934699505e-01 7.797071120081564555e-01 1.742870000000001085e-01
-6.260914078952842798e-01 5.864113820439544877e-01 5.139370000000000882e-01
6.045446639805046596e-01 -1.390501527208758692e-01 7.843409999999999549e-01
-4.861901255137868749e-01 -8.072662084020909568e-01 -3.345750000000000668e-01
-9.068019374544110667e-01 -1.892959869435336950e-01 3.766660000000000563e-01
1.301593071052222494e-01 -1.333483391305956556e-01 9.824850000000000527e-01
-5.959310295145650027e-01 7.835350388059940663e-01 1.758949999999999680e-01
-7.599202045364983338e-02 -9.962702681513545544e-01 -4.087499999999992528e-02
-4.219677673450258903e-01 -1.818923307697555003e-01 8.881769999999999943e-01
-7.317249117205172348e-01 -4.222319490595201619e-01 5.350690000000001278e-01
-1.049299596003691742e-01 -9.501306341852497894e-01 2.936690000000000134e-01
2.138809496272903732e-01 -9.630607731823203066e-01 1.636120000000001184e-01
2.838800448445044297e-02 8.257571304447760552e-01 5.633110000000000062e-01
8.328752699957395755e-01 -2.144890695315817830e-01 5.102090000000000236e-01
-3.293307350264785827e-01 3.450867223494977765e-01 8.788949999999999818e-01
-8.456010766269552725e-01 -6.801200616313411718e-02 5.294649999999999634e-01
-2.704127857030717563e-01 -4.394512768561120025e-02 9.617409999999999570e-01
-4.055273413271314187e-01 -5.037141818483458211e-01 7.627709999999999768e-01
-9.998663255682518347e-01 -3.848001252954454023e-03 1.589099999999999541e-02
6.456514738653535979e-01 2.393628049457488249e-01 7.251480000000000148e-01
1.729608941010724599e-01 -4.517247234220832519e-01 8.752309999999999812e-01
6.514945306213802967e-01 4.222313438938746777e-01 6.302980000000000249e-01
-7.570898447900174799e-02 -1.656751543507906654e-01 9.832699999999999774e-01
-4.782028741558037033e-01 -8.543127751784639345e-01 2.036459999999999659e-01
-4.840618916045745790e-01 7.017418428597520519e-01 5.227260000000001350e-01
-2.440429666795672914e-01 -2.227309695894030273e-01 9.438400000000000123e-01
-9.805236387216106353e-01 1.962759276812426901e-01 -7.011000000000064923e-03
6.392770818175393943e-01 -6.951080889630412152e-01 3.288610000000000699e-01
