-6.730317903876332775e-01 -4.459488611114695855e-01 5.900490000000000457e-01
9.769546566709549351e-01 1.736999389570091298e-02 2.127389999999999282e-01
6.742146941410170902e-01 6.636626989279529321e-01 3.240160000000000817e-01
1.788530005705948056e-01 -9.594720030610037753e-01 2.177730000000000221e-01
3.558234241248974250e-01 2.644403152005009999e-02 9.341789999999999816e-01
-4.669664127384013930e-01 -3.779815246466802781e-01 7.994200000000000195e-01
3.992730843218624814e-01 8.675651832197434077e-01 2.964990000000000125e-01
-9.598468508255666443e-01 -1.487299768851548833e-02 2.801299999999999901e-01
1.911558667084445606e-01 -7.397494841782205066e-01 6.451590000000000380e-01
-7.924656652204699059e-01 -3.963398325650325238e-01 4.635869999999999158e-01
6.853040014027399485e-01 5.575050011411497586e-01 4.685579999999999745e-01
6.049942641953494071e-01 -4.916212146863965238e-01 6.263309999999999711e-01
8.428766208624346445e-01 -3.499098426057117850e-02 5.369680000000000009e-01
3.407000607713951516e-03 -9.780941744647387859e-01 2.081349999999999312e-01
-1.484911398679925887e-01 7.334346908428208689e-01 6.633430000000000160e-01
-3.675636888716316553e-01 -5.256055550953381283e-01 7.672259999999999636e-01
-9.312207916944680308e-01 3.640239185711952596e-01 -1.773200000000006368e-02
5.707148092613264501e-01 5.532018151143467399e-01 6.068379999999999885e-01
-4.737962169400160573e-01 4.274921957385061644e-01 7.699139999999999873e-01
6.580524262644481537e-01 -7.210274670575824718e-01 2.169939999999999647e-01
-9.746868600208496991e-01 -1.688119757561550582e-01 -1.465880000000000238e-01
-2.553789899110524564e-01 -6.506869742940998291e-01 7.151140000000000274e-01
-7.095847215399700980e-01 -5.438377865835023472e-01 4.480289999999999551e-01
1.662187796937910356e-01 7.153090519300779881e-01 6.787520000000000220e-01
-9.597527388263531467e-01 1.538639581296208925e-01 2.349480000000000735e-01
3.199998869811530459e-05 6.609317665689862231e-01 7.504459999999999464e-01
1.591599942421390024e-02 7.768309718969298450e-01 6.295079999999999565e-01
3.408419541704571509e-01 9.313108747761211781e-01 1.284009999999998763e-01
1.367887099664228667e-01 4.401620667228401396e-01 8.874379999999999491e-01
-6.036673439139601527e-01 -6.758113850149793933e-01 4.229240000000000221e-01
7.965193336639621036e-01 -1.950060816885405279e-01 5.723019999999999774e-01
-8.730083770497502060e-01 -4.614901993162596749e-01 1.577440000000001064e-01
7.882799184313250829e-02 -9.277029040042825692e-01 3.649020000000000041e-01
-7.345639016777659736e-01 1.839769753744674441e-01 6.531219999999999803e-01
7.368164970607858910e-01 -3.958402670361955977e-02 6.749330000000000052e-01
6.131165694534020938e-01 -3.491667548059114723e-01 7.086400000000000476e-01
3.195401845991152623e-01 -4.545582625993761505e-01 8.314270000000000271e-01
-8.554698742244547516e-01 -2.362389652669421858e-01 4.608280000000000709e-01
9.152678227593262772e-01 4.028299219923994201e-01 -3.587000000000080575e-03
-5.890900153866157618e-01 4.722610123351247968e-01 6.556999999999999496e-01
-4.413628476081775664e-01 8.949416909984697632e-01 -6.540799999999999392e-02
-4.728980603447214409e-02 -2.360440318335162435e-01 9.705909999999999815e-01
-2.589401234189497858e-02 9.170984371177599570e-01 3.978189999999999782e-01
-8.313897681390648442e-01 -5.556458450395107551e-01 -6.981999999999890204e-03
-9.385723757655592969e-01 -3.019921209051548150e-01 1.669809999999999628e-01
-4.133830815062287667e-01 7.252671430000221520e-01 5.505470000000000086e-01
-4.637232721900725885e-01 -8.373786857409215578e-02 8.820139999999999647e-01
1.426109831274253170e-01 -8.467068998245078637e-01 5.125910000000000188e-01
3.507368093971160450e-01 -6.907806246051861887e-01 6.323020000000000307e-01
8.267687045159513026e-01 -3.332778808877295273e-01 4.531879999999999797e-01
-1.105620378813462340e-01 9.623023297090804729e-01 2.484959999999999114e-01
5.043390680797875669e-01 -6.179340834137662108e-01 6.031579999999999719e-01
-1.419641279580790283e-01 -7.685236927018594955e-01 6.238730000000000109e-01
7.863607165486650175e-01 5.314018084510723217e-01 3.150380000000000402e-01
8.665331672892259141e-01 2.732190527465139795e-01 4.176979999999999582e-01
4.448257196317029760e-01 5.258526685613923446e-01 7.249889999999999946e-01
9.261209720930742018e-01 3.208999903302781672e-03 3.772129999999999095e-01
9.708644357325770802e-01 2.393071074031541123e-01 -1.242399999999992122e-02
-3.057271192669372417e-01 6.709852617574696421e-01 6.755069999999999686e-01
-1.672150416596911715e-01 6.046731506473127515e-01 7.787230000000000540e-01
-7.211182088407869228e-01 -6.926592005988624345e-01 -1.455199999999993998e-02
-8.029941206483556249e-01 3.858380579714419945e-01 4.542350000000000554e-01
-5.736741440417830740e-01 -7.652561921454327232e-01 2.920290000000000941e-01
-2.780239806037447803e-01 9.282559352405178599e-01 2.470700000000000396e-01
-6.030562762932273335e-01 -3.516901611285948304e-02 7.969230000000000480e-01
-8.950067455735715161e-01 -6.966398019639766237e-02 4.405789999999999984e-01
-2.620338723767767219e-01 -9.109565563199109040e-01 3.185850000000000626e-01
1.536057934272911096e-01 5.857892122167942528e-01 7.957739999999999814e-01
-1.910651292556753700e-01 -5.342803614409873392e-01 8.234310000000000240e-01
-8.062597935730027032e-01 -5.051238706729459516e-01 3.078880000000000505e-01
1.653240521725474754e-01 9.806393094676802979e-01 1.049500000000001126e-01
9.354675698716503618e-01 1.748719195938238935e-01 3.071160000000001111e-01
5.655069978057497559e-01 4.025089984382059782e-01 7.198529999999999651e-01
-6.551030003953648428e-01 7.505720004529815581e-01 8.649700000000007383e-02
6.396820496574540105e-01 7.497000581979692546e-01 1.695779999999999510e-01
2.984999425739551238e-01 -1.607429690759305807e-01 9.407759999999999456e-01
5.469196128122062045e-02 -3.730397359092104681e-01 9.262019999999999698e-01
3.908523971408057185e-01 -2.868592914745591305e-01 8.746119999999999450e-01
-6.196770541908417362e-01 -3.345660292578441219e-01 7.099760000000000515e-01
-2.254501061101578732e-02 -8.635144064209636650e-01 5.038200000000000456e-01
-5.154140785462072438e-01 -8.443641286763454712e-01 1.462789999999999091e-01
4.634269446541450788e-01 -7.378459118810132278e-01 4.907330000000000303e-01
-3.545588549590369398e-01 -9.194056238946640702e-01 1.702389999999999737e-01
-7.850296425249811416e-02 -9.957505465700589031e-01 4.814700000000006475e-02
1.018430044847553895e-01 -9.928300437202322026e-01 6.258200000000005425e-02
1.335131436681052663e-01 -2.129636340853996168e-01 9.678949999999999498e-01
-8.025149598707161935e-01 -1.167979941595858051e-01 5.850880000000000525e-01
-3.254848285573463951e-01 5.292947212045429062e-01 7.835220000000000518e-01
-5.160341789280841196e-01 8.517102953193756987e-01 9.109500000000002318e-02
7.255593813649727775e-01 -4.884872567562823509e-01 4.847099999999998632e-01
-2.034299102520884667e-02 9.954155608489091422e-01 9.345599999999995577e-02
-2.133489046750772500e-01 -2.655158813667173323e-01 9.402040000000000397e-01
2.481090508439703912e-01 -8.963821836919251274e-01 3.673429999999999196e-01
1.336829437930647513e-01 9.104556171993339886e-01 3.914069999999999494e-01
2.500737878477753973e-01 1.596488645605280698e-01 9.549739999999999895e-01
9.531995807604239923e-01 -1.404449382290156867e-01 2.677419999999999800e-01
-6.812629025604429733e-01 5.108629269323822220e-01 5.243089999999999140e-01
-3.520469158684915723e-01 2.076583605142909017e-01 9.126560000000000228e-01
8.668342071304385721e-01 1.224320292551905609e-01 4.833310000000001216e-01
6.297303139234348979e-02 9.681284826164650026e-01 2.424079999999999846e-01
2.976663449415347107e-01 4.888205664547546903e-01 8.200300000000000367e-01
5.444130226981314102e-01 2.389400099620903883e-01 8.040659999999999474e-01
8.178209985725071185e-01 -4.663219991860426683e-01 3.372129999999999850e-01
-1.865259722418013966e-01 -8.568608724847055491e-01 4.806219999999999937e-01
7.080542601257183710e-01 6.445572367981151629e-01 -2.884530000000000149e-01
4.334260129721038135e-01 7.766110232433645066e-01 4.571839999999999793e-01
-5.281238245515045282e-01 -4.909638368964576727e-01 6.928490000000000482e-01
-6.364391991168331097e-01 6.589862061709061969e-01 4.008520000000000416e-01
-5.738897733968834070e-01 -5.917707663364877302e-01 5.660899999999999821e-01
6.039436880608283209e-01 -6.407796690349064350e-02 7.944470000000000143e-01
-9.328350946016251699e-01 -1.861670188797596437e-01 3.084810000000000607e-01
-6.527926296110353466e-02 4.884194494750539878e-02 9.966709999999999736e-01
9.337110725036046333e-01 3.239720251567538289e-01 1.524000000000000632e-01
-8.872237029460837698e-01 4.243638579175179060e-01 -1.809680000000000177e-01
-1.943699364642709759e-01 9.766126807644242014e-01 9.191300000000006409e-02
2.956651772622764796e-01 7.612714564105674819e-01 5.771030000000000326e-01
8.810519461645568429e-01 -4.609889718319155616e-01 -1.060030000000000139e-01
-2.630508482011563176e-01 -9.642254435740906793e-01 3.276500000000003021e-02
3.054440907960454532e-01 -8.058292395401006614e-01 5.072900000000000187e-01
4.797575589818965924e-01 -4.040944708242517058e-01 7.788070000000000270e-01
5.116300564085831670e-01 -8.314390916683854771e-01 2.166650000000000242e-01
1.177838900404726136e-01 2.796767389021366790e-01 9.528419999999999668e-01
-3.153610734995195009e-02 3.794222915660231954e-01 9.246860000000000079e-01
-7.612703489762205900e-01 -6.261372870294688031e-01 -1.685810000000000919e-01
7.273112710097298095e-01 -3.530341315470946206e-01 5.885449999999999848e-01
-9.929600762565327088e-01 4.729900363243002420e-02 1.085960000000000258e-01
-6.151368975436776187e-01 3.100779483538599890e-01 7.248850000000000016e-01
4.411861454741344835e-01 6.666902198305265648e-01 6.007320000000000437e-01
5.402141682148089430e-01 -2.278480709485644629e-01 8.100950000000000095e-01
4.333988872605901155e-01 9.011647655813459501e-01 -8.214000000000052856e-03
6.712296251811703529e-01 2.643888523636077625e-01 6.924949999999999717e-01
9.917573792248848275e-01 -9.649603689783332883e-02 8.429599999999996818e-02
-5.542250939058521730e-01 6.282211064434634062e-01 5.460519999999999818e-01
3.503529050356014168e-02 -8.298195101545347008e-02 9.959350000000000147e-01
6.173158315490033798e-01 -6.213558304465824911e-01 4.825330000000000452e-01
-5.722731475406167556e-01 7.810022013541034758e-01 2.500779999999999670e-01
-7.497346214524721608e-01 -2.854962366468574708e-01 5.969839999999999591e-01
-3.617788654107239044e-01 9.278616548161312538e-01 9.049199999999997523e-02
4.124369745446818114e-01 -8.370499483378691652e-01 3.595040000000000457e-01
-2.582448543174494238e-01 7.985325495272933560e-01 5.437419999999999476e-01
2.418439684851666494e-01 9.340968782772725021e-01 2.626299999999999746e-01
-9.087594613416333234e-01 9.810504980409640030e-02 4.056250000000000688e-01
-3.584599626789957694e-01 8.406799124727394323e-01 4.059110000000000773e-01
-6.593802860365473029e-01 -7.387373204613132405e-01 1.395879999999999066e-01
8.892676818494991142e-01 -1.670479402357839815e-01 4.257909999999999751e-01
-9.211903409302750478e-02 -9.327923452241488889e-01 3.484430000000000582e-01
4.289262297969577697e-01 3.719421992677992561e-01 8.232140000000000013e-01
-8.798833782449010377e-01 -3.519217513202902436e-01 3.193059999999999232e-01
-7.198364901096967472e-01 3.514567510484787882e-01 5.985930000000000417e-01
2.875630031246759200e-01 8.553820092946293752e-01 4.308470000000000910e-01
5.084654850920549141e-01 6.876793036075259935e-02 8.583319999999999839e-01
-1.994429801253679024e-01 8.955769107551356800e-01 3.976989999999999692e-01
-6.864224607352398255e-01 -1.644181103594677951e-01 7.083720000000000017e-01
8.468134083463634276e-01 -5.295462553552948703e-01 4.987799999999991546e-02
-6.202555494280194148e-01 1.397741238131929020e-01 7.718460000000000321e-01
8.608688377340033560e-01 4.841129087490914640e-01 1.566510000000000402e-01
-8.645431409699261271e-01 4.094800667686457896e-01 2.913609999999999811e-01
6.843325474670146624e-01 -1.963291570636058470e-01 7.022420000000000329e-01
8.774980516848235323e-01 3.779050222586869401e-01 2.952710000000001167e-01
1.999246075858606697e-01 -2.953623749971729523e-02 9.793659999999999588e-01
-3.048997447301908248e-01 -1.234854916112192169e-01 9.443449999999999900e-01
-1.827360621622751147e-01 4.585571559897688165e-01 8.696739999999999471e-01
-4.320431867247074842e-01 8.661823743552852228e-01 2.511309999999999376e-01
4.984158045115949509e-01 8.528706654874815829e-01 1.555419999999999303e-01
7.785293363760436014e-01 2.780877629560083997e-01 5.626360000000000250e-01
-8.974907236569077407e-01 2.600039199431423143e-01 3.562420000000000586e-01
-9.356310189604094552e-01 3.092910062677316496e-01 1.700990000000000835e-01
-9.979497742524511272e-01 -6.121798615179761816e-02 -1.867099999999994112e-02
6.484390553311744076e-01 1.003690085644673435e-01 7.546209999999999862e-01
5.668571939772115709e-01 6.762972314273375529e-01 4.704200000000000603e-01
1.528982120779536769e-01 -4.987436917840314954e-01 8.531570000000000542e-01
-5.930296975950050120e-01 8.023895908356344364e-01 -6.698300000000000087e-02
-7.537772975479930526e-01 5.369012119377681858e-01 3.788889999999999203e-01
-2.063222046342798877e-01 1.219735297958136483e-01 9.708520000000000483e-01
4.021203241162426001e-01 2.043066566014139218e-01 8.925009999999999888e-01
7.857522407123507246e-01 4.229711295756722889e-01 4.513190000000000812e-01
-5.045863655597260244e-01 7.609325512758844390e-01 4.078899999999999748e-01
2.279493914158571277e-01 -3.384475811542169144e-01 9.129580000000000473e-01
1.320318870986053328e-01 8.348442861187834740e-01 5.344179999999999486e-01
-8.248593851387678311e-02 -6.589855087833760283e-01 7.476190000000000335e-01
-4.912853907660045816e-01 2.634576732909752472e-01 8.301979999999999915e-01
3.488589630875869041e-01 -9.119859035036965711e-01 2.158220000000000138e-01
-8.278126075367330250e-01 2.239368938322465197e-01 5.143720000000000514e-01
7.117206024602970027e-01 -6.114846584482327430e-01 3.457459999999999423e-01
5.704318511866387498e-01 -7.390568071960263996e-01 3.583329999999999571e-01
-7.258612490936759976e-01 1.107400380026380207e-02 6.877520000000000300e-01
-5.498113514545500680e-01 -2.131771362686935012e-01 8.076280000000000125e-01
9.023213425552909506e-01 -3.051891158613250221e-01 3.044270000000000032e-01
-9.806630827217712731e-01 -1.275490107591282785e-01 1.484290000000000054e-01
-4.259951697341609611e-01 -6.359982534081075611e-01 6.434549999999999992e-01
5.442850322792024409e-01 7.765750460553233481e-01 3.173090000000000077e-01
5.879839244067104342e-01 8.087978960180867150e-01 1.099399999999998295e-02
-4.701820751533216103e-01 -7.327851171274674114e-01 4.918889999999999652e-01
-6.968097053835534682e-01 6.753347144633431443e-01 2.416179999999999717e-01
-2.960562004030352079e-01 -4.021172721967037345e-01 8.664020000000000055e-01
-1.537097379042719203e-02 -5.288950981628909309e-01 8.485479999999999690e-01
8.961708726460451691e-02 -6.438116269113258738e-01 7.599179999999999824e-01
-9.775666877157823675e-01 2.060159341880960227e-01 4.382699999999991464e-02
-3.925013011143796415e-01 -2.549531955918951653e-01 8.837089999999999668e-01
-1.152143611087504821e-01 -4.000512538541811658e-01 9.092219999999999747e-01
-3.372626212130807044e-01 3.425996152189881433e-02 9.407870000000000399e-01
-8.810902836200948385e-02 8.450142720073445801e-01 5.274349999999999872e-01
-3.089928550551891973e-01 -7.484586489071008986e-01 5.867989999999999595e-01
-3.404015404403998302e-01 3.730914963072769486e-01 8.630929999999999991e-01
-4.530806670317619189e-01 5.826655718000280926e-01 6.746990000000000487e-01
2.576399529363269589e-02 -7.658398601022995411e-01 6.425149999999999473e-01
-1.736269972145059182e-01 -9.671369844842424568e-01 1.857410000000000727e-01
4.362003008193610643e-01 8.448875826647583853e-01 -3.096680000000000543e-01
-4.640418796857585793e-02 2.187228859767014477e-01 9.746829999999999661e-01
2.778200407895075608e-01 3.315050486715344080e-01 9.016210000000000058e-01
-8.044213073299681938e-01 5.508972104708325102e-01 2.223030000000000006e-01
-8.289365433940742989e-01 5.497996971519680809e-02 5.566339999999999621e-01
3.470549301690669108e-01 8.267248336546714205e-01 -4.428079999999999794e-01
4.526973446597593043e-01 -1.038500790659447753e-01 8.855960000000000498e-01
-1.535366110384097649e-01 -8.772777775505322118e-02 9.842410000000000325e-01
4.235478152055998091e-01 -5.458537618433741967e-01 7.229459999999999775e-01
-2.751829696405972969e-01 9.592448941718595412e-01 -6.421500000000004982e-02
7.893441958589304530e-01 -5.801161439434507905e-01 2.009999999999999565e-01
9.517572506557236967e-02 1.043887952523768620e-01 9.899719999999999631e-01
9.561923493912228844e-01 -2.564010936885676717e-01 1.412609999999999699e-01
-7.767903376292579765e-01 6.252072717441979899e-01 7.558199999999995478e-02
-1.535600875900595963e-02 5.278593010888350534e-01 8.491929999999999756e-01
-7.809658834975218289e-01 -6.080579092914877304e-01 1.426809999999999190e-01
7.693185857801430050e-01 1.192400907926556564e-01 6.276389999999999469e-01
6.831854358387424719e-01 4.230156506818956164e-01 5.952439999999999953e-01
7.275617202227705471e-01 -6.822907376313143146e-01 7.164699999999990521e-02
2.570151868882900592e-01 -6.046354396599469272e-01 7.538960000000000106e-01
-1.971575098888318223e-01 2.970057681164376406e-01 9.343000000000000194e-01
-4.874843113686502249e-01 9.119705824988462439e-02 8.683560000000000167e-01
3.104451965477082465e-01 6.307193993183141112e-01 7.112079999999999513e-01
