-3.907665903494736970e-01 4.457396733998966187e-01 8.053679999999999728e-01
-2.075733278489896860e-01 -6.466179061622054358e-02 9.760799999999999477e-01
-6.951203774852513506e-01 -7.164473890668886513e-01 5.925200000000008932e-02
6.034146134626805491e-01 -5.366746562151820665e-01 5.898060000000000525e-01
8.697877283958240779e-01 -1.313869589724647180e-01 4.756119999999999792e-01
3.481540806162405910e-01 9.027512090350586771e-01 2.526439999999999242e-01
-8.419007375092276702e-01 -4.297948659970456387e-01 -3.263119999999999910e-01
2.693199726547093609e-02 9.928748991888618480e-01 -1.160779999999999590e-01
1.992820059025464663e-01 -8.224640243606146095e-01 5.327659999999999618e-01
-8.666570216091894485e-01 -3.493310087102046158e-01 3.561929999999999819e-01
3.284474134951103630e-01 -2.431895657390999166e-01 9.126779999999999893e-01
-5.365975462343904878e-01 -4.488874569491012601e-01 7.145369999999999777e-01
-6.394760567453919853e-01 6.538820580237418856e-01 4.043620000000000547e-01
1.378315080281029836e-01 2.913399600993640259e-01 9.466379999999999795e-01
9.004127436459626876e-01 -2.309259342537119952e-01 -3.686870000000000425e-01
-3.729102018406288965e-01 -8.222874450696553428e-01 4.298619999999999663e-01
-6.682184484732405227e-01 3.660596978656923545e-02 7.430639999999999468e-01
-2.299079167866294460e-01 9.220026662883531454e-01 3.115340000000000331e-01
2.285999347293783072e-03 7.276827922295429074e-01 6.859100000000000197e-01
4.879291033294877455e-01 6.070721285605871209e-01 6.272069999999999590e-01
-8.681814175052474658e-01 4.881922347698486320e-01 -8.904699999999994564e-02
-9.975940231807971514e-01 -6.308500146588770507e-02 -2.874799999999996455e-02
-5.742510942440411797e-02 -5.484700451178670111e-01 8.341960000000000486e-01
6.130802578732524877e-01 1.426070599832500174e-01 7.770430000000000392e-01
-5.227756617959901098e-01 8.441954538569633737e-01 -1.184890000000000387e-01
