8.141109724530957159e-01 2.727259907718271870e-01 5.126829999999999998e-01
2.034653701856428965e-01 8.055975063231886682e-03 9.790489999999999471e-01
-7.068680697673350721e-01 7.054720696295508908e-01 -5.144599999999999174e-02
-6.118185347284620795e-02 -4.854518373697098710e-01 8.721200000000000063e-01
-1.280189749911049280e-01 8.523058334994703111e-01 5.071350000000000025e-01
6.740931709102039315e-01 -3.595900911708032055e-01 6.452080000000000037e-01
-8.337518472221295829e-01 -3.255099403530965774e-02 5.511789999999999745e-01
-1.203560628500207064e-01 -8.784154587091701494e-01 4.624940000000001272e-01
5.512468987742943360e-01 -6.482918809538823490e-01 5.252090000000000369e-01
7.847696310826283994e-02 -5.757767293294374644e-01 8.138319999999999999e-01
6.409660384938279387e-01 -7.379960443210576981e-01 2.110080000000000289e-01
-1.520749552629336032e-01 9.315097259705754640e-01 3.303980000000000805e-01
-8.980353217378261865e-01 2.493590893375232931e-01 3.624260000000000259e-01
1.124000276073950809e-03 9.770092399703184105e-01 2.131939999999999114e-01
-6.239098740356755490e-01 7.764968432291193823e-01 8.825600000000000112e-02
6.478020125824707209e-01 7.530290146263294293e-01 1.153249999999998998e-01
7.391754889926033245e-01 4.445492940862080800e-01 5.059599999999999653e-01
3.704053496526204525e-01 -3.356903168825695061e-01 8.660900000000000265e-01
-8.536346581493815533e-01 4.920578029481785798e-01 1.708419999999998828e-01
3.042415144908857672e-01 -1.514102560439421763e-01 9.404850000000000154e-01
-1.998699201575892537e-01 6.254137501648000530e-01 7.542609999999999593e-01
-8.653213882788899358e-01 -5.009772247937970269e-01 -1.551500000000007040e-02
-7.704851459997158480e-01 -2.026250383955462697e-01 6.043969999999999620e-01
-4.884105246495122621e-02 7.401107950253905665e-01 6.707089999999999996e-01
-3.007010601032254482e-01 8.460731691105659591e-01 4.401580000000001047e-01
2.140539839913772890e-01 -8.703489349085337112e-01 4.434790000000001231e-01
-6.154525390365043203e-01 1.175289119728416959e-01 7.793619999999999992e-01
4.965209161925850934e-01 8.644038540978838947e-01 7.920200000000009177e-02
-8.377732524257701652e-01 1.756860529351910727e-01 5.169819999999999416e-01
-1.124739382739675247e-01 -7.739895752322143441e-01 6.231290000000000440e-01
-3.215598738929417721e-02 9.843746139549818253e-01 -1.731259999999999744e-01
6.593386606655610160e-01 6.888106454975447823e-01 3.013509999999999245e-01
6.415802374570402922e-01 6.025102229967288503e-01 4.747170000000000001e-01
-1.908990140577326855e-01 -2.253400165939555000e-02 9.813509999999999733e-01
8.785020803649595811e-01 4.382360400896281316e-01 1.902189999999999714e-01
7.742030707690248370e-01 5.332170487407659198e-01 3.410119999999999818e-01
-8.180623542169969120e-01 -3.266417421471796700e-01 4.733700000000000130e-01
-1.800490645962812275e-01 9.738163493765157330e-01 1.387950000000000850e-01
-9.962645439820446702e-01 -4.147998101346013142e-03 8.625399999999990019e-02
-9.541909306436316962e-01 1.437399895521082327e-01 -2.624090000000000034e-01
-5.747521548530094559e-01 -5.253991415560387290e-01 6.273879999999999457e-01
-7.051608219067924122e-01 -6.848558270349583976e-01 1.836319999999999619e-01
-9.198556405438995665e-01 1.476699422943566868e-02 -3.919789999999999663e-01
-5.953660229477848453e-01 -6.466050249227404123e-01 4.769080000000000541e-01
8.002932111427122353e-01 -4.839091276705640987e-01 3.540659999999999363e-01
-4.548891762423045715e-01 -8.849753428749287387e-01 9.947100000000005937e-02
8.306262637512974445e-01 -5.565601767262549071e-01 1.734299999999992098e-02
1.401029465501993088e-01 9.866086236051010427e-01 -8.351399999999992163e-02
8.515107645598289643e-02 4.734984251477372119e-01 8.766690000000000316e-01
1.933730356830666575e-01 9.364041727943738236e-01 2.928379999999999317e-01
5.173759785832714453e-01 -8.552159645984178660e-01 3.045900000000003466e-02
-8.740829921792410417e-02 -1.859056363960756020e-01 9.786719999999999864e-01
5.292962679718800079e-01 -3.549141796857935849e-01 7.706370000000000164e-01
6.400216372037684787e-01 1.520701514006213562e-01 7.531579999999999941e-01
-9.925995975144413785e-02 -6.426297394224311788e-01 7.597199999999999509e-01
-9.171735603262455294e-01 -2.727978692264272365e-01 2.904720000000001190e-01
-6.816473465052022007e-01 -3.646691853741096390e-01 6.343290000000000317e-01
-7.821187473840186533e-01 3.569158847199908058e-01 5.107850000000000446e-01
3.876079359317835538e-01 -7.749338719101794837e-01 4.992370000000000418e-01
-2.902591002264549025e-01 -9.379063238590135132e-01 1.899510000000000642e-01
-1.007571740826584961e-01 1.582738443011882656e-01 9.822410000000000307e-01
5.458702626730315144e-01 3.295901585989419735e-01 7.703219999999999512e-01
4.814408437300572996e-01 1.686139452699289831e-01 8.601069999999999549e-01
-8.756040534560700916e-03 3.223354921958751507e-01 9.465850000000000097e-01
2.583900783336090870e-02 -3.460451049071313623e-01 9.378619999999999735e-01
-1.250319615817975794e-01 -9.512777077037009033e-01 2.818469999999999587e-01
-2.824763871011904404e-01 -1.941865786666484850e-01 9.394139999999999713e-01
-5.386322734220209130e-01 5.893412991630786468e-01 6.021229999999999638e-01
4.945866083580487960e-01 6.298635012380714437e-01 5.988790000000000502e-01
-3.776658352790964179e-01 -3.251198581972962465e-02 9.253710000000000546e-01
-3.857104993390464420e-01 3.126854048010933029e-01 8.680179999999999563e-01
-1.779615462920509095e-01 -3.472230658774591028e-01 9.207419999999999494e-01
3.875604857077747933e-01 -5.014646284574352242e-01 7.735180000000000389e-01
-8.338267426569345719e-01 4.292908675084135539e-01 3.470479999999999121e-01
-4.424048413596047835e-01 -6.661517611269844874e-01 6.004329999999999945e-01
-5.905789413683387723e-01 -7.467889258600801661e-01 3.058150000000000035e-01
-3.143828564764043487e-01 -9.492645666371080093e-01 -7.758999999999933485e-03
3.495301063488752691e-01 -9.275872822299494613e-01 1.319490000000000107e-01
-7.183386246375151885e-01 -4.873124237466995856e-01 4.965040000000000009e-01
-6.059048056283469208e-01 -7.915327460797026982e-01 7.971999999999992981e-02
-9.659156379808331305e-01 1.216279544146000313e-01 2.285029999999999839e-01
3.031701709508980574e-02 9.205485190767817016e-01 3.894500000000000739e-01
-2.877788131751709555e-01 1.439279065625914678e-01 9.468199999999999950e-01
-2.064161381741045909e-01 3.164322118184067500e-01 9.258849999999999580e-01
5.148301018065423174e-01 7.386601460684508735e-01 4.351220000000000088e-01
-9.891173028608757356e-01 -1.338550409854875334e-01 -6.107199999999991108e-02
1.988324311250855014e-01 -3.038676588712398430e-01 9.317349999999999799e-01
-7.257890519204718283e-01 -5.946410425385910692e-01 3.458790000000000475e-01
-2.740699747311640677e-01 -6.679179384189789515e-01 6.919330000000000203e-01
2.439769697000770954e-01 -6.273379220898157582e-01 7.395420000000000327e-01
8.937383692507625543e-01 -3.215661328560390775e-01 3.127730000000000232e-01
0.000000000000000000e+00 0.000000000000000000e+00 1.000000000000000000e+00
-5.446918380725381814e-01 -5.002398512873456465e-02 8.371429999999999705e-01
7.774469309329945510e-01 6.058139461805641668e-01 1.690140000000000808e-01
9.707969811971099983e-01 6.231499879305139877e-02 2.316680000000001238e-01
7.679031688918451781e-01 -1.933580425269720293e-01 6.106859999999999511e-01
-9.419041087931521172e-01 -2.485730287110365366e-01 -2.258940000000000115e-01
9.980323973854200725e-02 -1.552488173761437107e-01 9.828209999999999447e-01
-7.400682899134621850e-01 5.920042319110260243e-01 3.191079999999999472e-01
-9.457490817102414127e-01 -3.215340277796970847e-01 -4.663199999999995821e-02
6.900418584000811428e-01 3.118059360159174398e-01 6.531609999999999916e-01
1.537800081095303528e-01 6.263480330302257926e-01 7.642250000000000432e-01
4.474642670446851156e-01 4.905442927546529996e-01 7.477580000000000338e-01
3.987822940475161393e-01 6.442004750099299820e-03 9.170230000000000325e-01
-9.792574632161904491e-01 1.957590925995302544e-01 5.228000000000004865e-02
-2.858769088460442198e-01 -7.887987484857150733e-01 5.441240000000000521e-01
1.630420656868975526e-01 9.802163949126484477e-01 1.122189999999999716e-01
7.114568068570151782e-01 -2.789403163438017655e-02 7.021760000000000224e-01
-5.522408461237561239e-01 2.974329171233704994e-01 7.788220000000000143e-01
-5.896758219715537708e-01 6.752197961450570052e-01 4.431260000000000754e-01
9.729445975696427995e-01 2.007609169610605204e-01 -1.143410000000000121e-01
-8.898150376966532660e-01 -1.551250065718081106e-01 4.291450000000000542e-01
3.621229157214561623e-01 -8.712607972274380996e-01 3.313179999999999459e-01
-6.945977927490756265e-01 -6.870497950012137423e-02 7.161100000000000243e-01
-4.523001349753186240e-02 9.295012773815930496e-01 -3.660350000000000548e-01
3.707560048595789359e-01 8.524790111736264553e-01 3.685369999999999480e-01
-6.309209925146757048e-01 4.343079948473163032e-01 6.428960000000000230e-01
-9.619056408085793208e-01 -7.907097047359623598e-02 2.616970000000000685e-01
1.878490592761081490e-01 -9.806823094560650489e-01 5.454300000000010529e-02
6.024780126926762014e-01 4.805930101248699349e-01 6.372210000000000374e-01
-4.576934719932225226e-01 -2.150337519316194157e-01 8.627150000000000096e-01
5.372599310389384458e-02 -8.395978922317517412e-01 5.405450000000000532e-01
-3.233549679546567912e-01 9.108869097286681482e-01 2.563719999999998778e-01
3.509391653391178423e-01 9.167764319238814741e-01 1.906900000000000539e-01
-3.522581783395654087e-01 9.341584729412302224e-01 5.711499999999999216e-02
7.758728766296899559e-01 -5.976069049754780815e-01 2.022060000000000246e-01
-2.412681213420909410e-01 -5.183302606862328910e-01 8.204409999999999759e-01
2.730534944256187702e-01 4.886148847486726510e-01 8.286719999999999642e-01
-3.736589753095809208e-01 6.191089590908808171e-01 6.907119999999999926e-01
4.876198681287258890e-02 8.319717750026507375e-01 5.526710000000000234e-01
4.212770482059254307e-01 -7.313050836818395517e-01 -5.363940000000000374e-01
3.331802149028666449e-01 6.338204088172607609e-01 6.980420000000000513e-01
-7.500463586574610542e-01 9.311304452483208649e-02 6.547979999999999912e-01
-4.708194084683615110e-01 4.645644030417120374e-01 7.500059999999999505e-01
-6.990075743098279615e-01 5.233776812670657419e-01 4.873030000000000417e-01
6.786868875406980584e-01 -6.331698950829230954e-01 3.721290000000000431e-01
7.768122645085209221e-01 1.334120454274790035e-01 6.154380000000000406e-01
-8.234127217764654061e-01 -5.421638168078660724e-01 1.674810000000000465e-01
-9.004233096772474854e-01 -1.613930555069562067e-01 -4.039679999999999938e-01
-6.217439045288156718e-01 7.352578870983044190e-01 2.698709999999999720e-01
8.614751555621257273e-01 3.607790651482029598e-01 3.573499999999999455e-01
6.320197018807953704e-01 -1.939562153954098311e-01 7.502879999999999550e-01
4.775201907456033679e-01 -1.764917008991710168e-01 8.607120000000000326e-01
1.935264823171593540e-01 3.276851234431406024e-01 9.247539999999999649e-01
8.808079222269407094e-01 -4.424959609287520967e-01 1.684480000000000699e-01
-5.237127994455635926e-01 -3.862668520801269545e-01 7.592910000000000492e-01
6.856407760509649618e-01 -5.092448336667054765e-01 5.201599999999999557e-01
7.948574402176130649e-01 -3.538541959758336741e-01 4.929390000000000160e-01
-2.429440693728179557e-01 7.503212142546521468e-01 6.148139999999999716e-01
4.038249350379438107e-01 -6.496648954904370443e-01 6.440970000000000306e-01
8.357014959231858775e-01 -1.862601105307432059e-02 5.488680000000000225e-01
3.562152613791494948e-01 7.576705559539609336e-01 5.468509999999999760e-01
-1.158320253798525573e-01 4.719091033995860274e-01 8.740050000000000319e-01
-3.572966854264764680e-01 -3.722297140735186249e-01 8.566120000000000401e-01
3.785384351848872231e-01 3.344783845314623361e-01 8.630370000000000541e-01
2.011979892242478085e-01 -9.459069493391617511e-01 2.545180000000000775e-01
1.002028251904557993e-01 1.673747080052746805e-01 9.807879999999999932e-01
5.659662813155160732e-01 -1.207198467055660418e-02 8.243399999999999617e-01
-6.168367055207788496e-01 -2.274668914067978220e-01 7.535060000000000091e-01
-9.143024880129957399e-01 -3.817892037816756901e-01 1.352329999999999921e-01
4.496190156885148115e-01 7.738730270026802360e-01 -4.460529999999999218e-01
-9.169140180455518374e-01 4.689500092292876038e-02 3.963199999999999501e-01
9.936191401999953099e-01 -6.785200957394138532e-02 9.009500000000006392e-02
-9.211792329613969210e-01 3.887510983131141074e-01 1.736099999999995980e-02
4.505408363329276300e-01 8.502486911318511975e-01 -2.721949999999999648e-01
1.810319099379875396e-01 7.480736278390012206e-01 6.384459999999999580e-01
-2.989946482130496630e-01 4.772934384327473523e-01 8.263129999999999642e-01
2.324450504308105403e-01 -7.625661654448209203e-01 6.037069999999999936e-01
6.750201326444760230e-02 -7.211801417151239013e-01 6.894510000000000360e-01
-1.656400645915827308e-02 9.995493897757233848e-01 2.503299999999996500e-02
-4.111891516743840236e-01 -5.341061970145078996e-01 7.386840000000000073e-01
4.818558889875841356e-01 -8.586998021683626137e-01 -1.744979999999999032e-01
8.736237300381612947e-01 -1.899999412873852322e-01 4.479749999999999566e-01
2.097140645471805565e-01 -4.665621436015796042e-01 8.592670000000000030e-01
2.133369424402490055e-01 8.582317684432602123e-01 4.668249999999999345e-01
5.473815362114341498e-01 -5.119845015367265884e-01 6.620009999999999506e-01
5.209279302445067872e-01 8.138608910189593093e-01 2.574189999999999534e-01
-9.555040646240530178e-01 2.674270180870166880e-01 -1.244779999999999914e-01
-2.006701884349377379e-02 6.112035739373051779e-01 7.912190000000000056e-01
-4.977239762745951368e-01 8.425609598369759867e-01 -2.058200000000001140e-01
5.297821528865893637e-01 -7.602972194095216629e-01 3.758710000000000107e-01
-7.519850655974360532e-01 6.447810562457769734e-01 1.370249999999999246e-01
-4.672548208091127919e-01 8.073916903675958379e-01 3.602660000000000307e-01
2.992205161247625811e-01 1.703147245807912769e-01 9.388609999999999456e-01
-4.607450272990714080e-01 1.365390080899149539e-01 8.769670000000000520e-01
-9.283262491411560235e-01 3.170960851012078474e-01 1.940630000000000965e-01
-8.367807437031358209e-01 -4.399298652542549259e-01 3.259750000000000147e-01
-7.021232646437723934e-01 2.687841013099011023e-01 6.593769999999999909e-01
7.533337534915408584e-01 6.575907848208840667e-01 -7.912999999999973874e-03
-2.897860629120149745e-01 -8.802621911032836310e-01 3.757160000000000499e-01
