4.630209554150412909e-01 -8.495029182001332391e-01 2.528960000000000652e-01
9.187188132903335858e-02 -4.350994379817836322e-01 8.956830000000000069e-01
1.130349906726643844e-01 7.822859354479221317e-01 6.125779999999999559e-01
-7.821413669425891779e-01 -4.787932246264330338e-01 3.987630000000000896e-01
6.182566643349819424e-01 -5.072547246003544785e-01 6.003760000000000208e-01
3.837754160088595046e-01 3.783754242260282674e-01 8.423469999999999569e-01
-2.022170785848053653e-01 9.576803721699775895e-01 2.048330000000000706e-01
6.054507071162104070e-01 6.718656749882976342e-01 4.266450000000000520e-01
9.058078180839187477e-01 4.104609175659117981e-01 1.050429999999999281e-01
9.944249206856022871e-01 -9.221999264461998996e-03 -1.050430000000000252e-01
5.063351133213325195e-01 -1.184280265050189351e-01 8.541659999999999808e-01
9.089406218608251375e-01 -1.217169493630874538e-01 3.987630000000000896e-01
8.673485463851939858e-01 -4.825613039889243838e-01 1.218239999999999323e-01
6.364800785017319384e-01 -7.478780922412617826e-01 -1.886039999999999106e-01
-5.982180124904169505e-01 -7.920190165368602431e-01 1.218239999999999323e-01
-4.152342113998353512e-01 -3.130191593611434953e-01 8.541659999999999808e-01
-5.039856455963606097e-01 1.909232445691715074e-01 8.423460000000000392e-01
-0.000000000000000000e+00 -0.000000000000000000e+00 1.000000000000000000e+00
-9.421220517424432062e-02 4.461809716877290222e-01 8.899700000000000388e-01
1.625340812416717906e-01 -7.697473847535473146e-01 6.173100000000000254e-01
7.690743729925426653e-01 2.514341219427609908e-01 5.876270000000000104e-01
8.253883116030780176e-01 -3.697406916259287080e-01 -4.266449999999999410e-01
-8.005795598917511691e-02 -9.641754699570173059e-01 2.528960000000000652e-01
-8.050723192808718620e-01 -8.095103210409229644e-02 5.876270000000000104e-01
-2.797949566648357256e-01 -9.413518542016703350e-01 -1.886039999999999106e-01
-4.196490516715620789e-01 6.698080824737475680e-01 6.125779999999999559e-01
-3.604068273816867229e-01 -7.139016580739024898e-01 6.003760000000000208e-01
