8.181842240587599013e-01 3.501340958837985129e-01 4.560490000000000377e-01
-1.257230752696039122e-01 -7.777834656540042468e-01 6.158299999999999885e-01
8.462138583004439329e-01 5.254469120132653215e-01 8.847400000000009423e-02
3.794878815891542523e-01 9.101137160190346798e-01 1.663790000000000824e-01
-9.851340137665015595e-01 -1.656930023154340736e-01 4.535199999999996873e-02
4.900010505324746135e-01 8.582680885108517899e-01 -1.525610000000000854e-01
1.306560169858871356e-01 -8.465331100532238473e-01 5.160530000000000950e-01
-7.778364066513255848e-01 -4.614092412238332552e-01 4.266990000000000505e-01
-7.052607175362979319e-01 6.105037554873731231e-01 3.604059999999998931e-01
-0.000000000000000000e+00 -0.000000000000000000e+00 1.000000000000000000e+00
1.473101480861767863e-02 3.011563027427921480e-01 9.534610000000000030e-01
4.773531706248840822e-01 -8.253982950299633137e-01 3.014159999999999062e-01
-5.797780605731679415e-01 -6.888390719674779561e-01 4.351529999999999010e-01
3.912381475085212612e-01 -7.302602753300364569e-01 5.600469999999999615e-01
8.902623789536691090e-01 -2.423891031765939563e-01 3.855910000000000171e-01
-2.521971205159875273e-01 9.414264498740432252e-01 2.238590000000000024e-01
7.278162316513236973e-01 5.986321905342768535e-01 3.345489999999999298e-01
7.807498369006633798e-02 9.719577969571496778e-01 2.218160000000000687e-01
-4.904510571541902397e-01 7.574216326021536438e-02 8.681710000000000260e-01
-8.291892486180888477e-01 4.987641495458242091e-01 -2.523479999999999057e-01
-8.167027901862358163e-01 5.727048528701474961e-01 7.075099999999988343e-02
-7.652581111877654330e-01 3.673430533729112879e-01 5.286199999999999788e-01
7.074660700581324457e-01 2.013380199378687618e-01 6.774620000000000086e-01
-7.302820797474568471e-01 6.684000729898853521e-02 6.798680000000000279e-01
-9.238135246988277149e-01 -1.676729137324464991e-01 3.441719999999999224e-01
2.750572289424346728e-01 1.227315483586394890e-01 -9.535620000000000207e-01
8.947660142011464313e-01 4.141910065737712809e-01 -1.668520000000000003e-01
5.210019180780615100e-01 -2.460224335258489881e-01 8.173310000000000297e-01
-3.388949054168959862e-01 -3.969468892150095907e-01 8.529849999999999932e-01
-3.412053201018993565e-01 4.530620972120270595e-01 8.235980000000000523e-01
-2.793983240748642433e-02 -2.983612103290935180e-01 9.540440000000000031e-01
-5.808178672212955806e-01 3.242399258766652248e-01 7.466720000000000024e-01
5.940854434902886894e-01 4.571635717518916509e-01 -6.618640000000000079e-01
-2.593219258244371384e-01 7.130967960282146301e-01 6.513409999999999478e-01
7.458542342829885818e-01 -9.733703057488900245e-02 6.589589999999999614e-01
-5.599098070215116074e-01 -1.973352844276300977e-01 8.047109999999999541e-01
-3.737760009719299226e-01 -6.452760016779113261e-01 6.662660000000000249e-01
6.084813199251453142e-01 5.160432713233967794e-01 6.028679999999999595e-01
9.387426643302395624e-01 2.710069030950379432e-01 2.128790000000000404e-01
-2.486780575643287861e-01 1.986238446965327697e-01 9.480020000000000113e-01
8.927128507226751442e-01 5.441899090018546825e-02 4.473280000000000589e-01
2.245600466730992006e-01 8.654051798678903396e-01 4.479360000000000008e-01
7.284301881218196995e-02 -9.971532575212940230e-01 1.947500000000004089e-02
2.285528800428481833e-01 9.707324905060711329e-01 -7.376999999999991897e-02
-4.282019027930962229e-01 8.022948178695732402e-01 4.158919999999999839e-01
5.240804391586157962e-01 4.176695530335559209e-02 8.506439999999999557e-01
4.767920394532932371e-01 3.532210292281155462e-01 8.049250000000000016e-01
2.744036442152193445e-01 1.749394107038416690e-01 9.455679999999999641e-01
-5.343787602363068157e-01 5.903657351162139300e-01 6.049029999999999685e-01
-9.735996520461184800e-02 -5.552458015612155018e-01 8.259680000000000355e-01
2.167719468004105088e-01 -9.416707688976865276e-01 2.574219999999999842e-01
-7.242899911671959456e-01 -6.670929918647200418e-01 1.743299999999999017e-01
2.671738752069680589e-01 -1.265174144451721439e-01 9.553070000000000173e-01
6.736940385854260915e-01 -7.290510417559654677e-01 1.209169999999999690e-01
6.502420528988184234e-01 -6.168900501855497653e-01 4.434320000000000483e-01
2.238975508604542919e-01 4.925980118460591139e-01 8.409619999999999873e-01
-7.781684520274323447e-01 -2.067471200965802225e-01 5.930509999999999948e-01
3.634359901758022482e-01 6.649319820259318448e-01 6.525180000000000424e-01
6.905400774752576409e-02 7.396170829814605607e-01 6.694759999999999600e-01
-9.831851513859786174e-01 1.032690159008515518e-01 1.506069999999999909e-01
4.751277748603344175e-01 -5.096807584873763730e-01 7.172720000000000207e-01
-4.048981247749808832e-01 9.141872817195085821e-01 -1.786399999999996324e-02
6.333902953177300565e-01 7.675163578539018205e-01 9.866799999999999182e-02
-3.392839468546067216e-01 -8.483998671067554120e-01 4.063299999999999690e-01
-5.872649265781479944e-01 7.919179009917395318e-01 1.672899999999998832e-01
-7.563705147380042626e-02 5.496543740600540184e-01 8.319609999999999506e-01
-8.915242109744195842e-01 1.049640248391732894e-01 4.406440000000000357e-01
7.184582380787482014e-01 -3.764311247396803228e-01 5.849079999999999835e-01
9.919298484533671523e-02 -8.809338654112877087e-01 -4.627270000000001104e-01
9.461440850758876531e-01 -3.186120286491260778e-01 5.742599999999999094e-02
8.264698666691909501e-02 9.439078477234300601e-01 -3.196990000000000109e-01
1.626969101652504246e-01 -6.466106429673735834e-01 7.452680000000000415e-01
5.021170386522616491e-01 7.660160589668359998e-01 4.013700000000001156e-01
2.377084499855921240e-01 -4.057377680675626208e-01 8.825370000000000159e-01
9.836120591115319334e-01 -4.600400276467440236e-02 1.743299999999999017e-01
-8.936071213127206869e-01 3.664750497512654914e-01 2.591570000000000262e-01
