6.294468851050549763e-01 -3.660659331808190919e-01 6.854139999999999677e-01
1.810789624857283564e-01 -9.834677962541998886e-01 -1.225999999999917911e-03
-1.175828400151758824e-01 5.479302544785836782e-01 8.282190000000000385e-01
-5.622863348300136677e-01 -6.684793980658114698e-01 4.867949999999999777e-01
-2.093460997723536332e-01 -5.660212697603365095e-01 7.973670000000000480e-01
-8.542416763663882584e-01 5.187568034664634675e-01 3.409600000000003600e-02
-2.881615657545578690e-01 1.438132823520886783e-01 9.467210000000000347e-01
6.616890653905492803e-01 1.622890160379979740e-01 7.320039999999999880e-01
1.969429874331498631e-01 9.083739420370369189e-01 3.688770000000000659e-01
-3.811419584890249346e-01 6.050369341041508253e-01 6.990429999999999700e-01
1.974569600849623505e-02 -1.558776002129237670e-01 9.875789999999999846e-01
5.577271036515509817e-01 6.470531202524658632e-01 5.198679999999999968e-01
5.402592424134765592e-01 -7.930223558278899354e-01 -2.814879999999999605e-01
6.743682686485450439e-01 -7.363532933415615211e-01 -5.487500000000006262e-02
8.013198522612160479e-01 2.620219516911949098e-01 5.378020000000000023e-01
-5.908758262744518985e-01 -2.808919174139470898e-01 7.562839999999999563e-01
2.562462415179020958e-01 -6.939226540378610197e-01 6.729110000000000369e-01
4.415168549703828438e-01 -8.964087055473424215e-01 -3.891400000000002496e-02
-7.574327330110781631e-01 -5.746437974427017759e-01 3.099680000000000213e-01
1.405530414026031349e-01 -8.614442537549821255e-01 4.880149999999999211e-01
-7.465425944569572536e-01 -6.639896393020563448e-01 4.233100000000000751e-02
8.413125183990496359e-01 8.511995127393385402e-03 5.404820000000000180e-01
1.248899897345728816e-01 6.372669476193616456e-01 7.604560000000000208e-01
4.586609161576001292e-01 8.243008493192706121e-01 3.319009999999999461e-01
9.985582465983680045e-01 -1.425700352082997016e-02 5.175100000000006084e-02
5.131961414931066612e-01 -5.979831648697035984e-01 6.156669999999999643e-01
8.479104140694695424e-01 5.119442500033971610e-01 1.376989999999999881e-01
-6.936204223014197368e-02 3.290032003091520330e-01 9.417780000000000040e-01
-4.830682241251875175e-01 -6.620716777311685952e-02 8.730759999999999632e-01
6.794731423912556689e-01 -1.061090222363415964e-01 7.259870000000000489e-01
-7.829881834583528599e-01 -2.124140497697570573e-01 5.846449999999999703e-01
-3.666290858218081983e-01 7.924761855055741933e-01 4.874060000000000059e-01
2.086732893024172419e-01 -3.289904561088509705e-01 9.209889999999999466e-01
-8.755159735332763704e-01 1.922209941891867002e-01 4.433089999999998976e-01
-9.696378782151792164e-01 -1.549439805393071912e-01 1.891949999999999743e-01
1.858649655672935386e-01 9.488148242258173104e-01 -2.553520000000000789e-01
3.306630303329758935e-01 7.518780689726316524e-01 5.703869999999999774e-01
8.796437650736099734e-01 -4.089528907809841796e-01 2.428670000000000828e-01
4.817354492133607002e-01 4.623794713437934939e-02 8.750959999999999850e-01
7.458701703910867176e-01 -4.784651093034594238e-01 4.634099999999999331e-01
-3.389431883470269136e-01 3.898472166338394218e-01 8.562340000000000506e-01
-3.043939249460654306e-01 -9.425897675871136583e-01 -1.373640000000000416e-01
-8.961440901663126901e-01 3.701770372456826830e-01 2.447339999999999793e-01
9.483119053847607338e-01 7.884499213345551316e-02 3.073890000000000788e-01
-8.987018692150919863e-01 -5.044699265862748888e-02 4.356489999999999529e-01
7.998699174460714711e-02 8.109989162974560184e-01 5.795540000000000136e-01
-5.739764033680778699e-01 4.289313014360755516e-01 6.975449999999999706e-01
-3.137511882973645916e-01 -7.217884331803825493e-01 6.169130000000000447e-01
9.217394383982518979e-02 -5.468716667994538705e-01 8.321269999999999500e-01
4.683210745193864266e-01 -2.267880360865786593e-01 8.539569999999999661e-01
-8.935199873097725565e-01 -4.330579938494888981e-01 1.186709999999999432e-01
-7.457290666235272258e-01 6.057320541161766991e-01 2.774470000000001102e-01
3.932238985341559023e-01 9.130817643922146676e-01 -1.079660000000000897e-01
-6.070002563333906122e-03 9.769574125645811291e-01 2.133480000000000654e-01
6.129708730183001109e-01 -6.846238581748250729e-01 3.944069999999999521e-01
-7.574139445388438086e-01 6.267039541100003497e-01 -1.832110000000000405e-01
-3.579434839932116308e-01 -3.353844534900231045e-01 8.714319999999999844e-01
5.518621542504156263e-01 -8.142352275860400557e-01 1.801920000000000743e-01
3.771609559800498390e-01 -4.765559443792667382e-01 7.941310000000000313e-01
-6.958160111032546391e-01 -4.566940072875439460e-01 5.543200000000000349e-01
-2.220500129774733919e-02 -7.277160425305786440e-01 6.855189999999999895e-01
9.430341060857677649e-01 -1.696710190869876456e-01 2.861790000000000167e-01
1.153780362713579394e-01 -8.938372809953527565e-01 -4.332929999999999282e-01
7.036299335693875501e-02 -9.645439089361621532e-01 2.543700000000000960e-01
-5.276641566278937878e-01 1.907456951288112879e-01 8.277600000000000513e-01
1.756301356752557330e-01 4.249803282996651999e-01 8.880010000000000403e-01
9.669748008789367244e-01 2.481509489003428937e-01 5.814500000000004387e-02
-5.596999521663563737e-01 -8.257389294298643767e-01 -6.993699999999992978e-02
6.133387261370766286e-01 4.240518106559009182e-01 6.663299999999999779e-01
3.887300475075259332e-01 -8.015640979608533723e-01 4.542950000000000599e-01
-3.890439997308873243e-01 -8.367409994212028357e-01 3.853689999999999616e-01
-9.713597253086982131e-02 -9.950907185977980740e-01 1.894900000000006648e-02
-5.940659118775788450e-01 -7.729098853482601061e-01 2.229259999999999298e-01
-9.734007257197214713e-01 1.094559691580119648e-01 2.012720000000000342e-01
7.506275400208304305e-01 5.039386911899866872e-01 4.273219999999999241e-01
4.376143884621340741e-01 3.098342750341096519e-01 8.440950000000000397e-01
-9.356290568433393851e-02 -3.743726226153623049e-01 9.225459999999999772e-01
-7.022119303667166967e-01 -1.461299855093457258e-02 7.118179999999999508e-01
3.197987880503139202e-01 -9.197423904319895760e-01 2.276020000000000820e-01
6.802490235445496358e-01 6.877400238038257063e-01 2.535250000000000559e-01
2.655703570590399187e-01 -6.745158271333710764e-02 9.617289999999999450e-01
-9.608686844852658560e-01 2.764259092316684319e-01 -1.789099999999994514e-02
8.971686462792777261e-01 3.230988726139539247e-01 3.011570000000000080e-01
-7.310135875315851850e-01 2.185738766714847847e-01 6.464090000000000114e-01
-8.706387124165004820e-01 -3.319118903651058217e-01 3.630740000000000633e-01
-2.118894766317507353e-02 9.023577711710158156e-02 9.956949999999999967e-01
2.239343129628077744e-01 1.857574300906300602e-01 9.567379999999999773e-01
3.849660243526176195e-01 5.510650348598973292e-01 7.403570000000000428e-01
-5.826660790091635622e-01 6.354700861693546310e-01 5.066340000000000288e-01
8.222880221112564003e-01 -2.429890065339541105e-01 5.145859999999999879e-01
-1.587381235837836135e-01 7.358855729154495373e-01 6.582360000000000433e-01
-2.930530615342307188e-01 9.234841939098982211e-01 2.475819999999999965e-01
-2.397888588329675774e-01 -1.155334137969758201e-01 9.639259999999999495e-01
-1.220160165761846882e-01 -8.636211173251150397e-01 4.891530000000000045e-01
-4.738802540345420922e-01 -5.229322803300229250e-01 7.085050000000000514e-01
-7.585219706732357903e-01 4.375489830830269211e-01 4.829029999999999712e-01
