2.858440690829296416e-01 6.700191619305474466e-01 6.851040000000000463e-01
2.171589701215508872e-01 -9.713408663552395295e-01 9.663800000000008494e-02
2.617622981939591864e-01 -1.493801701706650720e-01 9.535019999999999607e-01
4.859460144372348411e-01 5.959570177056117135e-01 6.392900000000000249e-01
-4.622033338390615920e-01 -1.313510948719384952e-01 8.769919999999999938e-01
-3.212200165071322222e-01 -2.025300104077870644e-02 9.467879999999999630e-01
4.692698637441764520e-01 7.953557690628275667e-01 3.836599999999999455e-01
5.172643955879605571e-01 -3.313176128626756367e-01 7.890920000000000156e-01
-2.162990048272389332e-01 -3.923420087560673952e-01 8.940259999999999874e-01
4.800847510822336406e-01 -8.277865708033138592e-01 2.903239999999999710e-01
-1.704399867361917065e-01 1.077237275504643876e-01 9.794620000000000548e-01
6.873361370599526121e-02 -1.185023339977530205e-01 9.905720000000000081e-01
-7.307454016251789808e-01 2.662721463459068461e-01 6.285779999999999701e-01
-7.488549303089115927e-01 6.465099398334996084e-02 6.595729999999999649e-01
-8.709592349010102375e-01 4.791711292342715200e-01 1.087430000000000618e-01
9.105672291688521325e-01 2.320780584087155096e-01 3.420629999999998949e-01
3.762569939407692798e-01 5.131879917356367837e-01 7.714069999999999538e-01
-1.714790140595343904e-01 -9.826290805655865102e-01 7.095799999999997942e-02
-5.239235254600161928e-01 -4.334776073807594110e-01 7.332130000000000036e-01
-9.588997403028985331e-03 -4.376998814585225106e-01 8.990700000000000358e-01
-1.274583500498526201e-01 -8.274952571809256197e-02 9.883859999999999868e-01
-5.950521004053014318e-01 -7.462131259112501080e-01 2.984610000000000318e-01
-9.438280844051419871e-01 3.009860269167325963e-01 1.363670000000000715e-01
9.107433078460704934e-01 -1.615510546068874842e-01 3.800630000000000952e-01
-8.167576764313390081e-01 -2.383049055925624271e-01 5.254690000000000749e-01
6.225660653239176723e-01 -7.035470738210027886e-01 3.426849999999999064e-01
-8.689461161517233467e-01 -4.745840634374858813e-01 1.403660000000000740e-01
-2.406270899027364574e-01 -8.837783301959493132e-01 4.012910000000000643e-01
6.652395593399225149e-01 4.926624142353723812e-01 5.610169999999999879e-01
8.517436611268461855e-01 -2.592398968592952990e-02 5.233170000000000321e-01
5.662757635431046044e-01 4.245605724601306252e-01 7.064559999999999729e-01
-8.728750948104533336e-01 -3.301500358604282370e-01 3.592910000000001380e-01
-1.391100672203537079e-02 5.880072841351368096e-01 8.087360000000000104e-01
-1.477869492329892120e-01 -5.581568082648511453e-01 8.164679999999999715e-01
-7.299158225055353555e-02 -2.663524755968315061e-01 9.611079999999999623e-01
-8.138366934076958215e-01 3.452258699449217150e-01 4.674280000000000657e-01
-9.419207888319564015e-01 -2.704419393699596941e-01 1.991139999999999854e-01
7.501969493674088829e-01 -5.475989630412327891e-01 3.705939999999999790e-01
-8.146567554939894151e-01 5.784468263885681472e-01 -4.163699999999999346e-02
-3.059441176430458542e-01 -9.259413560472489202e-01 2.214289999999999314e-01
-8.491148971609564500e-01 1.543349813079928357e-01 5.051579999999999959e-01
-3.543467996760774619e-01 -7.637205682435964649e-01 5.396009999999999973e-01
1.174234176210802449e-01 2.376348451578292609e-01 9.642309999999999492e-01
1.324950272345470359e-01 -7.233661486889725323e-01 6.776330000000000409e-01
-4.294481023004574904e-01 7.272291732360135486e-01 5.354550000000000143e-01
1.600969628849173987e-01 9.470337804503201617e-01 2.783810000000001006e-01
-5.970031756023491676e-01 6.289611850024694473e-01 4.979910000000000725e-01
-9.792331872442052720e-01 -7.427101420174175850e-02 1.886430000000000606e-01
7.258891299575498390e-01 3.066780549052561256e-01 6.156570000000000098e-01
9.867114387152735588e-01 1.620409078240273304e-01 -1.196999999999989565e-02
5.770477762292728352e-01 6.566247453704826542e-01 4.856539999999999191e-01
-4.698083052083736888e-01 2.829571838215733659e-01 8.361910000000000176e-01
-2.777704826404907568e-01 3.576113339334603958e-01 8.916039999999999521e-01
3.755541503095380929e-01 9.001813602831824079e-01 2.205280000000000851e-01
-6.822320696839180298e-01 -3.394220346689318935e-01 6.475739999999999830e-01
-9.791517028303675652e-01 1.165659646225759433e-01 1.663559999999999484e-01
2.862460852084878771e-01 8.693022587701099146e-01 4.029599999999999849e-01
-7.524228154412107017e-01 5.262788709111564378e-01 3.960940000000000016e-01
-4.071725392573399827e-01 4.666974719009413519e-01 7.851139999999999786e-01
-8.095231060151887315e-01 -4.966230650377825295e-01 3.131099999999999994e-01
3.998646672663016544e-01 -4.804116002419279163e-01 7.805849999999999733e-01
-9.339632499311382174e-01 4.917201315856601501e-02 3.539700000000000069e-01
7.390766977869975829e-01 1.002950946919490272e-01 6.661129999999999551e-01
8.673794437918183609e-02 7.110235440552401531e-01 6.977980000000000294e-01
2.852399482736390005e-02 -8.216868509925715491e-01 5.692249999999999810e-01
-7.665903389263793999e-01 6.178772731770759696e-01 1.748339999999999061e-01
2.626649893304358052e-01 3.863409843066640814e-01 8.841649999999999787e-01
2.061034159841593216e-01 4.032427703828803112e-02 9.776989999999999847e-01
3.862171995067397168e-01 7.449863848347640927e-01 5.439040000000000541e-01
4.841154605303146785e-01 1.554781479035606262e-01 8.610799999999999566e-01
4.867600173831405086e-01 -7.261770259331843391e-01 4.855219999999999536e-01
4.451911016660305420e-01 3.389500774043074927e-01 8.288050000000000139e-01
3.351149322945009557e-01 -9.401218100609366468e-01 -6.220099999999997853e-02
9.317257191538328431e-01 -2.860779137687369245e-01 2.237110000000000209e-01
2.007462332900474822e-01 -4.663945420037179934e-01 8.614969999999999573e-01
6.200741753369366505e-01 -5.903241669245956613e-01 5.167450000000000099e-01
-2.749473536302657339e-01 -2.114785028382638876e-01 9.379129999999999967e-01
-8.492236239039939738e-01 3.623802662319899892e-01 -3.840569999999999262e-01
-2.997498529413624574e-02 8.141396005794192536e-01 5.798950000000000493e-01
4.309290808193718125e-01 -8.759031642728386524e-01 -2.170109999999999817e-01
-4.852245489463674621e-01 7.521008508700367801e-02 8.711489999999999512e-01
8.411940430042071926e-01 1.695200086663400385e-01 5.134739999999998750e-01
-5.069597977442593523e-02 -9.938166035087716565e-01 -9.878499999999988679e-02
-1.682199419912213667e-01 -8.071127216761423417e-01 5.659250000000000114e-01
6.016651114688870150e-01 2.392700443289216133e-02 7.983900000000000441e-01
-1.364449487612168221e-01 8.937666643663485511e-01 4.272749999999999604e-01
7.333600295381063061e-01 -4.264510171764957502e-01 5.294550000000001200e-01
9.772144553217821938e-01 -2.092330974897437523e-01 3.568499999999995981e-02
-4.859959402167527975e-01 -8.564978946406316407e-01 1.738369999999999360e-01
-6.195631782818222799e-01 -3.370095530288354929e-02 7.842230000000000034e-01
9.784991245051700703e-01 1.010320128554105246e-01 1.798109999999999153e-01
-4.103248381307013637e-01 -3.260528713752014474e-01 8.516590000000000549e-01
-9.175502622039711786e-01 3.932851123872144194e-01 -5.855199999999991661e-02
-9.144345010375676264e-01 2.391408695124584982e-01 3.265290000000000137e-01
9.748010819339224531e-01 -9.237500776429863336e-02 2.030509999999999260e-01
4.115498571520260218e-01 -9.030946865379880784e-01 1.226650000000000379e-01
9.319326646139163284e-01 3.879698603765090181e-02 3.605499999999999816e-01
3.065584447816046554e-01 2.023446335267723162e-01 9.300960000000000338e-01
1.306972515013492542e-01 -3.020725812797200871e-01 9.442829999999999835e-01
3.948769895728731494e-01 6.357999832110575351e-03 9.187119999999999731e-01
-5.862162550507863390e-01 3.780185196233531997e-01 7.165559999999999707e-01
6.921099551361646618e-02 8.968259418660982085e-01 4.369359999999999356e-01
-3.634409986763625922e-01 -9.311809966086765922e-01 2.850599999999989947e-02
2.440220280765482697e-01 9.634061108470344248e-01 1.109139999999999432e-01
-7.310893825738672414e-01 -1.391658824703865538e-01 6.679380000000000317e-01
7.427751492602663319e-01 -9.323201873492396874e-02 6.630179999999999962e-01
-6.940579037467951018e-01 7.198049001761549492e-01 1.282699999999995996e-02
-5.105691652214559006e-01 7.781472518103920155e-01 3.657950000000000923e-01
2.938419021272480891e-01 -7.534657490359072396e-01 5.881720000000000281e-01
6.184204352204921706e-01 2.332197870093725700e-01 7.504429999999999712e-01
8.730678977745447433e-01 4.802689437664452443e-01 8.422700000000001019e-02
-7.390167658570963027e-01 -6.404417970886330247e-01 2.090179999999999538e-01
7.321542303542707408e-01 -6.529942054485212699e-01 1.937750000000000028e-01
4.511316370358659511e-01 -1.608802271764301350e-01 8.778369999999999784e-01
2.812939844333742778e-01 -9.204759490614605744e-01 2.712890000000000024e-01
9.432569295617903027e-01 2.908289782821923408e-01 1.602650000000000463e-01
5.166379904488747066e-01 8.556169841821447131e-01 3.169800000000008722e-02
-1.095540199731051129e-01 4.407790803596883245e-01 8.909049999999999470e-01
-8.496075518488281908e-01 -4.160302702257265978e-02 5.257719999999999061e-01
-5.126170951221380445e-01 5.577441034959856880e-01 6.527979999999999894e-01
5.975319962156941944e-01 -7.890689950026471555e-01 1.425680000000000003e-01
6.828474683694935043e-01 -3.001412058687936701e-01 6.660589999999999566e-01
-1.416050179471583514e-01 9.860441249721966228e-01 8.754999999999996119e-02
-4.258290183521805661e-01 -8.283520356999301004e-01 3.640090000000000825e-01
8.492806104249899235e-01 -4.802887796858848479e-01 2.191920000000001090e-01
-5.273050988774820036e-01 -6.959761305057874381e-01 4.874080000000000079e-01
1.633030026807388568e-01 -8.769100143951227277e-01 4.520630000000001036e-01
7.412500530561476619e-01 5.435830389078177838e-01 3.937839999999999674e-01
-7.145601978006586863e-02 -7.037751948152128900e-01 7.068200000000000038e-01
-7.551178203886325102e-01 -4.305698975851900423e-01 4.943750000000000089e-01
7.770429603354849224e-01 5.968589695330596134e-01 1.999090000000000589e-01
7.618181399368129103e-02 4.173889808986721572e-01 9.055290000000000283e-01
3.317962060321373863e-01 -3.228622004844782234e-01 8.863809999999999745e-01
8.101359043836136031e-01 3.663939567563097577e-01 4.576409999999999645e-01
6.779996765530721392e-01 7.287036523642032027e-01 9.647500000000007458e-02
-2.656490081972277539e-01 -6.696140206625225133e-01 6.935759999999999703e-01
5.415487697956078428e-01 8.144416537928691469e-01 2.083500000000001184e-01
8.606824436181564897e-01 4.262167244753292672e-01 2.785050000000000581e-01
-8.315838321891558249e-02 2.684982373208733009e-01 9.596839999999999815e-01
-7.865208246057547870e-01 -6.171818623683652527e-01 2.171500000000010228e-02
1.897819928660261224e-01 8.054229697238586283e-01 5.614949999999999664e-01
-6.059898749354891700e-01 7.757728398955908711e-01 1.759339999999999515e-01
-6.415838910294106023e-01 -7.612908706976339035e-01 9.384199999999992547e-02
-6.210302185450636836e-01 1.745510614257916593e-01 7.641029999999999767e-01
2.694417977420133226e-01 -6.119995405991348614e-01 7.435439999999999827e-01
-3.376490777421975453e-01 6.495611495585642547e-01 6.812219999999999942e-01
1.680794480533436344e-02 7.430375599807025055e-02 9.970940000000000358e-01
-3.317078019209019901e-01 8.534854903416949634e-01 4.019109999999999627e-01
-6.667299801174809692e-01 6.723009799513482987e-01 3.216870000000000007e-01
9.205698264585426838e-02 -9.570108195888598068e-01 2.750560000000000227e-01
-2.407990709279831665e-01 9.377372762129168038e-01 2.503289999999999127e-01
3.447111069928372462e-01 -8.357672594088455531e-01 4.273960000000001092e-01
-1.322420424817474516e-01 6.992322246230187055e-01 7.025569999999999871e-01
-6.811033357833263802e-01 4.597912266766573386e-01 5.698159999999999892e-01
-6.807873423426453741e-01 -6.060053047375389967e-01 4.114440000000000319e-01
-3.292007432126208277e-01 1.839758564927966022e-01 9.261639999999999873e-01
-4.476372096507305054e-01 -6.111062862114151617e-01 6.528169999999999806e-01
-5.836316844775863988e-01 -2.386218709964680329e-01 7.761660000000000226e-01
2.526400233484695640e-02 -9.956220920133427299e-01 8.999100000000008481e-02
-9.388170411386899117e-01 -3.434140150483023790e-01 2.625599999999995299e-02
4.450083174621459192e-01 -6.232424446116535677e-01 6.430679999999999730e-01
-4.159499325499015077e-02 9.616768440552768693e-01 2.710119999999999751e-01
-3.441677270058204341e-01 -5.072225976705366790e-01 7.901099999999999790e-01
-9.996825715159654013e-01 2.350898992357440542e-02 -9.060000000000005549e-03
-2.303840217311060035e-01 5.531810521791226121e-01 8.005710000000000326e-01
-8.585793744261165372e-01 4.258916896888906845e-01 2.854079999999999395e-01
6.481749607622694365e-01 6.949919579281694793e-01 3.112159999999999371e-01
1.818570708604238528e-01 5.596622180718174855e-01 8.085210000000000452e-01
-2.374589244504698160e-01 7.896427487685973023e-01 5.657539999999999791e-01
-9.190189068428756825e-01 -1.418399856222705147e-01 3.678119999999999168e-01
-1.095939797056843940e-01 -9.621828218255978893e-01 2.493859999999999411e-01
-4.314396959885154204e-02 -9.075973604667728623e-01 4.176189999999999070e-01
5.197090181114996099e-01 -8.538930297575809680e-01 -2.773499999999988821e-02
6.084015792310660808e-01 -1.573121497696379212e-01 7.778819999999999624e-01
-6.123718671894037291e-01 -5.305638849318367045e-01 5.860910000000000286e-01
6.079496518471818461e-02 -5.905456618138761327e-01 8.047109999999999541e-01
8.133029304351900857e-01 -2.319109801637954937e-01 5.336250000000000160e-01
5.769579591002420571e-01 -4.739119664050311376e-01 6.652270000000000127e-01
