5.113510837033879985e-01 8.041631316339805657e-01 3.030539999999999345e-01
-7.947690756158296566e-01 -5.034660479007097011e-01 3.389159999999999395e-01
1.745710160662639066e-01 2.212290203603319017e-01 9.594700000000000450e-01
-2.346358815975388146e-01 -4.318827820623852287e-01 8.708749999999999547e-01
8.159453419625054549e-01 1.881470788523975368e-01 5.466569999999999485e-01
-9.815144175953911532e-01 1.819660774193370134e-01 5.931100000000008587e-02
-5.995398257092992012e-01 8.003427673343860294e-01 1.857999999999957125e-03
-8.114896954930314599e-02 -9.468386447040942899e-01 3.113060000000001382e-01
-6.367258013067580436e-01 2.184389318351172005e-01 7.395030000000000214e-01
5.179362366813415886e-01 -4.989522280062184678e-01 6.948299999999999477e-01
-1.612001150168431152e-01 7.952475674119076077e-01 5.844620000000000370e-01
