3.471527754617830808e-01 5.086876709811049002e-01 7.878589999999999760e-01
-7.828199272953234589e-02 9.479199119616030789e-01 3.087390000000000412e-01
6.319090000738554203e-01 7.646150000893654486e-01 1.267079999999999318e-01
9.885330321559434585e-01 1.434940046677095626e-01 -4.703099999999994785e-02
1.929169278580950830e-01 -9.766206347895760587e-01 9.484300000000001063e-02
2.914909305554272412e-01 8.345328011815539293e-01 4.675340000000000051e-01
4.988743309922497038e-01 -5.852353882909295812e-01 6.392370000000000552e-01
8.014852536368584079e-01 -5.971221889644200420e-01 -3.265700000000001935e-02
-1.446440100025874753e-01 -9.373230648188336511e-01 3.170229999999999437e-01
1.208056381484397777e-02 -1.147408571255915249e-01 9.933220000000000383e-01
-6.251796666902906807e-01 -1.761631878600554424e-01 7.603400000000000158e-01
7.021013653481632533e-01 -1.753708414766981527e-01 6.901439999999999797e-01
8.008275073408058775e-01 -4.537842874817411554e-01 3.908390000000000475e-01
-1.474198854242051229e-02 6.944364602789914187e-01 7.194030000000000147e-01
-8.786994483546740620e-01 -1.773900905129465744e-01 4.431930000000000591e-01
1.922590788555195718e-01 -8.332833417731493331e-01 5.183389999999999942e-01
-9.214934027355607959e-01 2.220000970243879712e-01 3.186940000000000328e-01
-3.663811402288953412e-01 7.653252929209738431e-01 5.291899999999999382e-01
3.856004927265767601e-01 1.181798445295184491e-01 9.150660000000000460e-01
5.495863363043780314e-01 -7.910794840795273286e-01 2.686039999999999539e-01
9.203909111730608217e-01 1.806299825673979634e-02 3.905819999999999292e-01
-3.498286694236577010e-01 7.405614171203671325e-02 9.338819999999999899e-01
3.641819306964108605e-01 -2.862539455260568189e-01 8.862449999999999495e-01
-6.329810733258044442e-01 -5.310790615212696020e-01 5.632850000000000357e-01
-1.471998437366278580e-03 3.205956596643197987e-01 9.472150000000000292e-01
8.776272015803208149e-01 4.109260943847384828e-01 2.467999999999998806e-01
7.652596802584608893e-02 -5.654757637323699626e-01 8.212070000000000203e-01
-5.300280640488650441e-01 -8.034700970917414420e-01 2.711199999999999721e-01
5.001020776847439064e-01 -8.527001324565409712e-01 -1.509980000000000211e-01
-8.354355751821261888e-01 -5.209717350865687990e-01 1.750309999999999921e-01
-3.882625381087494443e-01 4.615126396290266664e-01 7.976579999999999782e-01
7.030219413225600178e-01 2.421719797872143587e-01 6.686649999999999539e-01
-2.647809685254539080e-01 -9.617528856763170042e-01 -7.015999999999998626e-02
-2.935809165339143822e-01 -3.793028921628555095e-01 8.774619999999999642e-01
6.232229967598954534e-01 6.023309968685118809e-01 4.987890000000000379e-01
-7.051127064363625907e-01 2.130582134581719411e-01 6.763299999999999867e-01
-7.038578528717543970e-01 5.578148833992901956e-01 4.398030000000000550e-01
-2.658839957271987298e-01 -7.216899884023186829e-01 6.391160000000000174e-01
9.658978620356186706e-01 -2.447969650343341796e-01 8.435499999999998555e-02
