-3.435159521748045730e-01 -5.740329200816250976e-01 7.432919999999999527e-01
-7.278081649920433716e-01 4.384150993874577629e-01 5.273400000000000309e-01
3.687200941336684079e-01 -9.205202350073888873e-01 1.291819999999999635e-01
2.328911015415618124e-01 8.759673819256957872e-01 4.224250000000000504e-01
1.977889677131577373e-01 -5.927119032463946668e-01 7.807509999999999728e-01
4.477829507085068772e-01 -7.543369169633571403e-01 -4.800690000000001345e-01
-1.767377022867967773e-01 -9.628629300883680131e-02 -9.795369999999999910e-01
-2.893601085223790684e-02 -7.969172988779695821e-01 6.033950000000000147e-01
-5.205802877959324615e-01 -7.188133973864874182e-01 4.607639999999999514e-01
2.009528798882794509e-01 -8.364865000229272374e-01 5.098120000000000429e-01
5.968343800093749429e-01 -2.646221684871183921e-01 7.574720000000000342e-01
1.561132884971611068e-01 -1.187902195241765102e-01 9.805700000000000527e-01
-7.495644398745290315e-01 -6.139495412151939335e-02 -6.590780000000000527e-01
8.517015681627260193e-01 9.727195068031387060e-02 -5.149200000000000443e-01
-9.994199618266226548e-02 7.129919727668921903e-01 6.940129999999999910e-01
-1.423930293485154153e-01 -9.866922033663552138e-01 -7.850299999999990619e-02
9.819093455380254465e-01 -4.953701743228462739e-02 1.827570000000000305e-01
-5.126228086267522466e-01 -5.860227812249454438e-01 6.275309999999999500e-01
3.177091778171894365e-01 -8.903714983279313877e-01 3.260359999999999925e-01
-6.672519697198202593e-01 -6.701679695874908083e-01 3.250380000000000491e-01
-6.981801957015244531e-01 -5.955111669231578642e-01 -3.973799999999999555e-01
-9.660989749839924423e-01 2.326109939768090662e-01 -1.120039999999999647e-01
-3.893050980302815156e-01 -6.791101710056232643e-02 9.186020000000000296e-01
-8.237941167646063434e-01 5.655650801632136071e-01 3.872199999999991621e-02
1.300960770139067135e-01 -9.247045474039757851e-01 3.577660000000000284e-01
-5.587313327777125860e-01 2.957561761509655551e-01 7.748209999999999820e-01
-6.959630402393609527e-01 7.179000415077196884e-01 -1.596800000000002731e-02
4.045970474629569935e-01 -7.840180919725371345e-01 4.707620000000000693e-01
6.551909701427343080e-01 -7.244759669853945150e-01 2.141480000000000328e-01
-3.694559827269237040e-01 -7.785589636002419045e-01 -5.072950000000001625e-01
5.627252992654742103e-01 -4.574552432813319136e-01 6.885310000000000041e-01
-9.546004853068057461e-03 -6.488423298632305380e-01 7.608629999999999560e-01
9.857645871037236107e-01 1.401129413124466982e-01 9.293300000000000172e-02
6.926395082123749936e-02 7.937854363967843385e-01 6.042410000000000281e-01
7.154248577307557033e-01 -5.830938840460667683e-01 -3.849270000000000747e-01
7.151009683260132199e-01 -3.566139842044870334e-01 6.012129999999999974e-01
-2.320944672907854778e-01 4.345058748187491937e-01 8.702509999999999968e-01
6.312106891968143341e-01 1.781779122665954618e-01 7.548679999999999835e-01
-3.221366185186781417e-01 1.147168641497474523e-01 9.397170000000000245e-01
-3.729520209649876961e-01 -8.382640471218668621e-01 3.977689999999999837e-01
-2.519686370555760391e-01 -2.112846956581458935e-01 9.443890000000000340e-01
-6.391816100941025702e-01 -7.651025332813312652e-01 -7.787800000000007217e-02
-1.534541537788108589e-01 -2.972072978360878470e-01 -9.424010000000000442e-01
-2.856071620767571262e-01 -5.756933266952648509e-01 -7.661630000000000384e-01
0.000000000000000000e+00 -0.000000000000000000e+00 1.000000000000000000e+00
9.285235199279279206e-01 -5.845496977718079440e-02 3.666429999999998857e-01
-3.326220592154511824e-01 -9.429091678625640682e-01 -1.687799999999997982e-02
6.308096061756847117e-01 3.702367688553875325e-01 6.819119999999999626e-01
4.362783963957402311e-01 -3.561273235717267172e-01 8.263380000000000170e-01
2.419870476280642779e-01 7.322771441273125959e-01 6.365629999999999900e-01
-8.367926605113158445e-01 2.459089002342003394e-01 4.891899999999999582e-01
9.282752597152499341e-01 3.128730875364406638e-01 2.010359999999999370e-01
5.426367585342832811e-01 -8.366816276884569969e-01 7.422400000000001219e-02
4.759826501283804800e-01 -1.446578936690412487e-01 8.674760000000000248e-01
-7.774749461415202401e-01 -6.288669564361287767e-01 -7.685000000000033818e-03
-9.114451123352313999e-01 3.808570469404726766e-01 1.556140000000000023e-01
-1.273020368245640910e-01 8.369682421091718671e-01 5.322390000000001287e-01
-4.301862580702959238e-01 -8.396545037117806309e-01 -3.315420000000000589e-01
9.125871456077651045e-01 -4.067660649015251706e-01 4.154600000000011062e-02
6.026517753576664527e-01 7.490297207943438229e-01 2.752550000000000829e-01
-2.033620638444345596e-01 -9.227772897010048103e-01 3.273010000000000086e-01
-3.840216179945826203e-01 2.959797055742551808e-01 8.745990000000000153e-01
3.621203863053581995e-02 -3.832994088988667669e-01 -9.229139999999999011e-01
-4.690178436075315704e-01 -4.745758417542354501e-01 -7.448489999999999833e-01
3.613879757584435026e-01 9.114179388629646272e-01 -1.967640000000000500e-01
-9.824513366943827819e-01 -1.426390488836086767e-01 1.201809999999999129e-01
4.334580756289874715e-01 6.372751111906183041e-01 6.371769999999999934e-01
-5.244049609618158803e-01 -8.084499398167064310e-01 2.672230000000000438e-01
-9.757696062474731369e-02 -9.581006133774451206e-01 -2.692989999999999551e-01
8.408951861060521837e-01 -5.855501295933485811e-02 5.380210000000000825e-01
-7.500759787171108472e-01 -6.294249821404996892e-01 -2.030029999999999057e-01
6.031688155381840222e-01 5.431438338950964617e-01 5.841079999999999606e-01
-9.731889967137609121e-01 2.141559992768434784e-01 8.390700000000002323e-02
-9.210912947244560556e-01 2.462280787863669884e-01 -3.016000000000000347e-01
3.889259083819696095e-01 -5.390738730120945288e-01 7.470849999999999991e-01
-8.699508302933885995e-01 -2.733729466714727718e-01 4.104299999999999060e-01
-4.191840052339471656e-01 4.661800058207410391e-01 7.790770000000000195e-01
1.129419603302293101e-01 -9.337636720245465760e-01 -3.396020000000000705e-01
4.420600798492085176e-02 -4.886950882728790524e-01 8.713340000000000529e-01
-3.416498179104046629e-02 -8.956175226614416784e-01 4.435109999999999331e-01
-2.903422418037305830e-01 8.613337173386307333e-01 4.169000000000001038e-01
-6.121578441987453045e-01 -2.549569351105097637e-01 7.485049999999999759e-01
-3.667101124153004932e-01 -7.204342208497300781e-01 5.886409999999999698e-01
5.872969557184858358e-01 -7.345149446184189301e-01 -3.399559999999999249e-01
-9.081868760896210091e-01 6.635399094685431876e-02 4.132720000000000282e-01
-9.757488809396631657e-01 4.896099402580657983e-02 2.133470000000001199e-01
8.690231367053253830e-01 1.250880196774949993e-01 4.786980000000000679e-01
-4.796051313736141575e-01 -4.265891168514477361e-01 7.668120000000000491e-01
-1.625299985120504664e-01 -5.395029950608920544e-01 8.261479999999999935e-01
3.277991241713295034e-01 -6.999052651262949176e-01 6.345709999999999962e-01
9.281677180404508398e-01 -2.285729305639280506e-01 -2.936989999999999323e-01
1.718200725855077368e-02 -9.988414219612474776e-01 4.495099999999997015e-02
-6.609011191807523389e-01 1.082420195193577878e-01 7.426260000000000083e-01
-6.359663718991528381e-01 -4.257662489787422677e-01 6.436380000000000434e-01
-7.992430642671315422e-01 8.385700674294173373e-02 5.951290000000000191e-01
4.945638719117353976e-01 -8.240867865678180859e-01 2.762019999999999476e-01
-8.800401731655064230e-01 -4.638390912696185864e-01 1.018950000000000411e-01
5.893099899211455828e-01 -6.128199895190586943e-01 -5.264649999999999608e-01
-7.575384656708910036e-01 -2.525081552207617541e-01 6.019759999999999556e-01
3.039108337777365887e-01 -2.353386456503074875e-01 9.231759999999999966e-01
-2.658099921311849606e-02 -9.704259712723233289e-01 2.399309999999999776e-01
3.347806444108306079e-01 -2.243397617162435839e-02 9.420290000000000052e-01
-7.759615993099175935e-01 -6.020466891158815503e-01 1.882109999999999617e-01
-9.407012727343434522e-01 -1.160630336497636000e-01 3.187640000000000473e-01
3.143726822492928785e-01 3.966255991125447466e-01 8.624720000000000164e-01
8.719075859368689008e-01 4.787187726596290882e-01 1.029829999999999218e-01
8.063238143883642017e-01 -4.195499034217488044e-01 4.169170000000000376e-01
8.408722302284824535e-01 -2.431640665776463872e-01 4.835340000000000193e-01
-2.873772959269337290e-01 7.439377660703371253e-01 6.032999999999999474e-01
-5.668146190045014743e-01 -7.250107917667060475e-02 8.206489999999999618e-01
5.048021962881344971e-01 -6.308232452903711485e-01 5.892680000000000140e-01
-1.869563621601855186e-01 -8.778063956792328537e-03 9.823290000000000077e-01
1.001017426599599136e-01 -3.099972030638973863e-01 9.454529999999999879e-01
-7.644413271940680987e-01 -2.531451083504711042e-01 -5.929139999999999411e-01
-8.219795122652612251e-01 -4.722082942845916009e-01 3.183849999999998626e-01
-1.276511613066919071e-01 -4.864216146678239650e-01 -8.643489999999999229e-01
7.372636873992375328e-01 -5.853977517905918360e-01 3.372710000000000430e-01
-3.037653026287790992e-01 -3.981570859282128061e-01 8.655620000000000536e-01
6.239310051125537271e-01 -4.295500035197762079e-02 7.802980000000000471e-01
9.473057576758407983e-01 1.327129660515544984e-01 2.915459999999999718e-01
3.372116990814089665e-01 1.968194080308881544e-01 9.206250000000000266e-01
2.666308428273227449e-01 -9.390914464274452422e-01 -2.168299999999999672e-01
-5.669578939580195015e-02 -1.863563077542236823e-01 9.808449999999999669e-01
6.426502159325671315e-02 -9.865263314760626123e-01 -1.504520000000000302e-01
4.918409153110709364e-01 7.738882932935468861e-02 8.672389999999999821e-01
-5.867511332179687900e-01 4.614881047778257028e-01 6.653959999999999875e-01
8.756329458947176292e-01 -4.232509738473597682e-01 2.326489999999999947e-01
4.867011991244496460e-01 2.904255220995957121e-01 8.238779999999999992e-01
-1.915789731376814631e-01 -7.003499018001725362e-01 6.876100000000000545e-01
8.286165889298660048e-01 4.706527665128861782e-01 3.031180000000000541e-01
2.900949465808796979e-01 9.310128285599702513e-01 2.214949999999999419e-01
4.731902833979052814e-02 8.932755349907317566e-01 4.470120000000000204e-01
-6.530013013470402639e-01 -7.473503448872369503e-01 1.227059999999999956e-01
-6.620241494177483421e-01 -5.714671289791798392e-01 4.849220000000000752e-01
-4.384801012723734681e-01 6.198941431721782802e-01 6.507429999999999604e-01
2.498159049735794723e-01 -4.247778384205460611e-01 8.701470000000000038e-01
6.652061700413698375e-01 -5.354021368605959008e-01 5.204280000000000017e-01
-9.993785052440985472e-01 3.304098364261241066e-02 1.228399999999991131e-02
-9.509389889682742236e-01 -3.093259964115471772e-01 5.697999999999932286e-03
-1.096347704438817433e-01 -3.683052288329849433e-01 9.232179999999999831e-01
1.778520195211984456e-01 -9.690701063660107639e-01 1.710900000000000476e-01
-9.241479687716679381e-01 -3.108359894963904635e-01 2.221069999999999989e-01
-4.384242122753441717e-01 8.536864133361523610e-01 2.810760000000000480e-01
7.044512265395951323e-01 -6.854212204198670833e-01 -1.842449999999998811e-01
-7.115048141584183750e-01 2.782209273300528252e-01 6.452550000000000230e-01
-5.677980866155094564e-01 8.127641239841769671e-01 1.304599999999999926e-01
7.490638599721486379e-01 4.308079194660021649e-01 5.032969999999999944e-01
-8.158459325256295358e-01 5.314299560481945406e-01 2.279859999999999665e-01
-2.206640730729963473e-01 9.751163229101619256e-01 2.134300000000002862e-02
-5.013206460320268620e-01 1.153301486213869492e-01 8.575409999999999977e-01
-1.901004625005670856e-01 2.472256014818659531e-01 9.501270000000000548e-01
-2.614899516551703051e-01 6.016978887567885348e-01 7.547070000000000167e-01
4.768449434637416218e-01 8.675898971357729472e-01 1.410909999999999387e-01
7.321013106191389674e-01 -1.634480693484601788e-01 6.612959999999999949e-01
-7.234499460978952023e-02 5.576419584517555705e-01 8.269229999999999636e-01
5.825998341699323291e-01 -6.999718007614073034e-01 4.130579999999999252e-01
-1.737690128751708668e-02 1.857149450142443481e-01 9.824500000000000455e-01
-2.135191178815949442e-01 -8.281614572189806012e-01 5.182259999999999645e-01
9.102403704192793543e-02 6.514262650957434175e-01 7.532320000000000126e-01
-4.440873301772957360e-01 -2.492036241229278748e-01 8.606300000000000061e-01
-7.209237544262903086e-01 -7.908597306034713392e-02 6.884869999999999601e-01
1.399770102355413770e-01 -7.381690539771490478e-01 6.599340000000000206e-01
-7.660807360927200937e-01 -4.155113992463219663e-01 4.903779999999999806e-01
5.026869537017758516e-01 8.623149205794994332e-01 -6.098200000000003618e-02
8.413729927069929504e-01 -3.968849965598074681e-01 -3.668429999999999191e-01
7.976039769293044035e-01 -5.841679831029407133e-01 1.502520000000000799e-01
-4.069040919932987999e-01 9.106362058775772095e-01 7.190799999999994419e-02
5.444911323249868040e-01 6.996441700310621625e-01 4.626309999999999589e-01
-8.658290895196307790e-01 -3.022330312484178827e-01 -3.987419999999999853e-01
-1.856120152451533334e-01 -9.752290800999696696e-01 1.203180000000000083e-01
