9.133694029059951092e-01 -3.645441608079134088e-01 1.812840000000000007e-01
7.985271564641783781e-01 4.827400945885580025e-02 6.000199999999999978e-01
-9.177138496049781491e-01 -3.465579432060554854e-01 -1.941619999999999180e-01
6.167383700675702629e-01 -1.868681121283052304e-01 7.646659999999999568e-01
9.756041589809626435e-01 1.995510325181221734e-01 9.152000000000003188e-02
-3.720599942052022491e-01 -7.372039885181204122e-01 5.640049999999999786e-01
7.653146441729861138e-01 -1.370201153312007314e-01 6.289029999999999898e-01
6.328389256701854038e-01 -7.741869090682207410e-01 1.222799999999990735e-02
-9.122487328877156854e-01 3.737808905545562665e-01 1.676009999999999445e-01
-1.062610256914766488e-01 -9.943382404081597681e-01 2.410000000000993704e-04
-9.923401609117745714e-01 -1.002500162559240987e-02 1.231280000000000013e-01
9.529601631272934803e-01 -3.910000669312161531e-02 3.005630000000001356e-01
-4.393446189133745072e-01 5.367705344063342654e-01 7.203150000000000386e-01
3.966751743121729179e-01 -6.797052986849574374e-01 6.169679999999999609e-01
9.929223592629833339e-01 -1.187620429709387304e-01 8.749999999999113305e-04
0.000000000000000000e+00 -0.000000000000000000e+00 1.000000000000000000e+00
5.545996360104419459e-02 -9.379973843824783719e-01 3.421770000000000089e-01
-4.721392448070740322e-01 -5.985153103338340941e-01 6.471970000000000223e-01
5.391216736198876092e-01 -3.614804516613469576e-01 7.607099999999999973e-01
1.825651589436594058e-01 -4.714994104936677810e-01 8.627620000000000289e-01
-6.198078462647157449e-01 -7.188098217085618913e-01 3.148819999999999397e-01
1.798101095948636402e-02 -7.702934694964477247e-01 6.374360000000000026e-01
-3.895998451819775079e-03 -5.062277988367128723e-01 8.623910000000000187e-01
-3.805009737061748054e-01 -9.179469365669525871e-01 1.122159999999999269e-01
-7.430476425309512356e-01 5.905567158920435045e-01 3.148380000000000623e-01
4.634579874863458127e-01 -8.860849760751540183e-01 7.752999999999897127e-03
-2.576799295398226608e-01 9.051677524903061212e-01 3.380419999999998981e-01
3.013642516467393007e-01 6.456555391386343823e-01 7.016470000000000207e-01
6.389109267053405539e-01 5.152929408865631888e-01 -5.711969999999998437e-01
6.051138881271767023e-01 7.454218621871850914e-01 2.796130000000000004e-01
8.278076076962437302e-01 4.815497717902292307e-01 2.878269999999999995e-01
-1.650771858358743571e-01 4.745095341797762600e-01 8.646329999999999849e-01
-1.651200061781669601e-02 -9.848730368502314203e-01 1.724889999999999479e-01
6.461573222806064054e-01 5.420442703526682227e-01 5.372789999999999511e-01
-9.795167717274848584e-01 -1.826859574257592989e-01 8.469200000000003115e-02
4.725587181705704909e-01 6.207176298100346434e-01 6.256180000000000074e-01
-1.343909260597870026e-01 8.553455293995478881e-01 5.003229999999999622e-01
-5.042402018343473680e-01 8.140503258433499922e-02 8.597179999999999822e-01
3.019554603962513739e-01 3.788563229720310899e-01 8.748089999999999478e-01
7.359018159619226673e-02 -3.317178185696985082e-01 9.405040000000000067e-01
1.051279158199666108e-01 6.635564686643857790e-01 7.407030000000000003e-01
-6.908401153639404102e-02 9.366541564126212860e-01 3.433749999999999303e-01
5.583266150969383723e-01 4.683355159555969149e-01 6.847870000000000346e-01
-9.667863969801702151e-01 1.895330778257469373e-01 1.714680000000000926e-01
7.530709392889448628e-01 6.222139498383705281e-01 -2.138549999999999340e-01
6.969051890794412119e-01 3.580000971300821844e-01 6.214169999999999972e-01
5.425591527228037503e-01 -8.220622313990062491e-01 1.727520000000000722e-01
2.789100541736858618e-01 -9.603171865258017803e-01 2.880000000000748172e-04
3.392738603183542145e-01 9.387656135030095772e-01 6.010300000000001752e-02
-2.112160067107416717e-01 -9.673660307350924192e-01 1.399670000000000081e-01
-7.352065409046107947e-01 4.688193449187830764e-01 4.895710000000000339e-01
6.449689353322767271e-01 7.588399239150174225e-01 9.042699999999991023e-02
4.449138021951975497e-01 8.148346377316152411e-01 3.716130000000000821e-01
-3.237729242248733597e-01 -9.078287875336815693e-01 -2.664919999999999511e-01
-8.822282897876471131e-01 -2.785170914851785029e-01 3.796070000000000833e-01
-5.559309138196489863e-01 -6.706338960384049530e-01 4.911119999999999375e-01
-1.916090940856739755e-01 -5.222832564563670843e-01 8.309670000000000112e-01
-8.265156153337287481e-01 5.412737480873311968e-01 1.545790000000000497e-01
-3.972912679892577348e-01 6.777464571677875860e-01 6.187240000000000517e-01
9.321537819199294805e-01 3.620129153060324123e-01 -5.998000000000060575e-03
-8.369589489394849147e-02 6.402051960246037954e-01 7.636309999999999487e-01
-5.352317042048010398e-01 3.824815032312338658e-01 7.531499999999999861e-01
-7.797920526983460610e-01 -4.069580275022228744e-01 4.757199999999999762e-01
7.052432915567458105e-01 6.043822498594798587e-01 3.706130000000000813e-01
4.254850201132092669e-01 2.521350119187374395e-01 8.691320000000000157e-01
5.521647485945284650e-01 6.928376845449020216e-01 4.637779999999999681e-01
6.643100446028604722e-02 8.699460584095990434e-01 -4.886520000000000308e-01
8.199758106349573916e-01 -5.396838753655185394e-01 1.907380000000000742e-01
-7.066819309053389286e-01 -1.445359858682321585e-01 6.926109999999999767e-01
-6.491990055666834181e-01 -7.520070064482308192e-01 1.141319999999999973e-01
-4.368642710393667583e-01 2.555695735513967559e-01 8.624579999999999469e-01
-5.087751195044338814e-01 -8.328541956262507373e-01 2.179490000000000594e-01
-9.075119440624932476e-01 2.498749845981271811e-01 3.376160000000000827e-01
-8.924395771089511931e-02 9.960085280318116130e-01 -1.590000000000087871e-03
-4.496740521445466987e-01 -7.986220926088281047e-01 3.999949999999998784e-01
3.669776262326653882e-01 -4.247535673877713691e-01 8.275940000000000518e-01
8.802385714750659007e-01 2.935428570950676663e-01 3.728440000000000643e-01
-1.308463081990469123e-01 1.508885085806075665e-01 9.798529999999999740e-01
9.102136849889075343e-01 -2.338939190528771528e-01 3.417670000000000430e-01
-6.689842204340941123e-01 3.579895828354929393e-02 7.424140000000000184e-01
-8.090418915662711541e-01 -2.337569686701763405e-01 -5.392670000000000519e-01
4.842969830409382670e-01 8.569819699902939680e-01 1.761769999999999170e-01
5.445711117643411425e-01 -8.245161692184995728e-01 -1.536730000000000873e-01
4.633690013807519326e-01 -5.400900016093659328e-01 7.025609999999999911e-01
-5.204169602378243553e-01 -8.538589347613707581e-01 9.545000000000088136e-03
3.225866496903747049e-01 -1.093528812493731739e-01 9.402019999999999822e-01
-1.945003266942487430e-01 -2.670004484697395195e-02 9.805390000000000494e-01
-1.630299811747018893e-02 7.717459108854297645e-01 6.357220000000000093e-01
8.754898281874727850e-01 -9.273998180002766822e-02 4.742539999999999534e-01
-1.105519604279060486e-01 -3.572398721259241183e-01 9.274470000000000214e-01
-8.117924637042993607e-01 -2.114521207836510541e-01 5.443170000000000508e-01
6.011067748395773069e-01 -6.141677699472366525e-01 5.113400000000000167e-01
1.385079199484921531e-01 9.368194585594078472e-01 -3.212240000000001205e-01
8.721796484605017774e-01 -1.157139533604972653e-01 -4.753030000000001420e-01
-2.497650456510597805e-01 2.891450528487805594e-01 9.241279999999999495e-01
-3.257748630189945538e-01 1.097049538715333533e-01 9.390610000000000346e-01
1.205810870221262765e-01 3.639482626577058566e-01 9.235809999999999853e-01
-2.492897947534128411e-01 -2.011426412568984301e-01 9.473099999999999854e-01
-6.319988052630843844e-01 6.206888087480182392e-01 4.640290000000000248e-01
8.805713321157938589e-01 -4.736061786250430061e-01 1.706799999999993045e-02
-2.094681835091130873e-01 7.398886481953836913e-01 6.392870000000000497e-01
-3.865882541126932637e-01 -4.844030653878024784e-01 7.847950000000000204e-01
1.250320522177663096e-01 -8.565123577095743457e-01 5.007530000000001147e-01
-6.031151429871191016e-01 7.351341742863181095e-01 3.095640000000001169e-01
7.274904366402459299e-01 -5.872433524638522861e-01 3.548279999999999212e-01
-3.469591010635260653e-01 4.235961233866404330e-01 8.367710000000000425e-01
-9.091402962920677733e-02 -6.570452141333803509e-01 7.483490000000000419e-01
-9.231661698887583256e-01 -3.293470606091999375e-01 1.982289999999999608e-01
3.074359489373109655e-01 -8.142588647580173422e-01 4.924080000000000124e-01
6.015901795505552707e-01 -7.266242168682038871e-01 3.318230000000000346e-01
6.931819868510410432e-01 1.814269965585139643e-01 6.975550000000000361e-01
-2.571198336545612029e-01 -8.497174502694708753e-01 4.602930000000000077e-01
1.741239716297731110e-01 -9.693388420644629688e-01 1.733870000000000411e-01
2.093879421473244518e-01 -7.379517961081933919e-01 6.415480000000000071e-01
-1.905279953626838607e-01 -9.695259764024257709e-01 -1.540080000000000615e-01
4.806689406456226554e-01 -7.395209086818402833e-01 4.712390000000000745e-01
-2.914075044718441032e-01 -3.692123721674181458e-01 8.824760000000000382e-01
-7.746711965298607172e-01 6.321771603799002381e-01 -1.538099999999998670e-02
-6.983931907435633191e-01 -3.390110925899400551e-01 6.303320000000000034e-01
5.843841017653145925e-02 1.835542883591648744e-01 9.812710000000000043e-01
4.406023958381541927e-01 -2.406576700059203100e-01 8.648430000000000284e-01
9.936055778212887768e-01 2.261399039141331890e-02 1.106190000000000229e-01
-8.142115903510476205e-01 2.990532168310815475e-01 4.976209999999999800e-01
8.938937505157342756e-01 9.484297352948312110e-02 4.381309999999999927e-01
8.582297749729582703e-01 5.013018685591202894e-01 -1.101730000000000209e-01
1.913475285018137184e-01 2.959739110542831259e-02 9.810759999999999481e-01
-4.331720844434913675e-01 -2.628340512374313653e-01 8.621370000000000422e-01
-3.267269194431941526e-01 -8.984737784750095324e-01 2.932480000000000642e-01
9.526818450681759920e-01 1.397969772652320475e-01 -2.699150000000000160e-01
-5.427164655803026205e-01 -4.325695740433254666e-01 7.199600000000000444e-01
2.080016737808279281e-01 5.297781691230527557e-01 8.222350000000000492e-01
-6.123706705015025120e-01 2.132158852748552991e-01 7.612759999999999527e-01
5.594394460717336814e-01 3.103966926611038124e-01 7.685579999999999634e-01
9.684730065541760080e-01 -1.784290012075247234e-01 1.738480000000000303e-01
-9.515841366669937074e-01 -1.497190215027212334e-01 -2.684619999999999784e-01
2.600308850025385699e-01 -2.933117422961389886e-01 9.199739999999999585e-01
-2.651289360668995232e-01 5.978958558235989429e-01 7.564570000000000460e-01
7.779301261306235116e-01 4.266970691830352935e-01 4.612530000000000241e-01
5.551845689671868200e-01 1.181819082462243348e-01 8.232880000000000198e-01
9.852201652299835688e-02 -6.358881066439612262e-01 7.654670000000000085e-01
1.854879729399376564e-01 7.737718871176653135e-01 6.056989999999999874e-01
-3.189829773963044346e-01 8.104389425708693473e-01 4.913639999999999675e-01
2.551991147772131874e-01 8.599493867669926184e-01 4.419960000000000555e-01
3.710709956845562041e-01 -9.137299893735960632e-01 -1.655409999999999937e-01
2.450951304694763411e-01 2.075562636471141309e-01 9.470210000000000017e-01
-6.364993554159473210e-02 3.346006611493030913e-01 9.402080000000000437e-01
1.329336997441103729e-01 -1.520975122983370953e-01 9.793849999999999500e-01
2.082104805738260733e-02 5.121761821617559773e-01 8.586279999999999468e-01
-7.552560133093171313e-01 1.749800030835428066e-01 6.316410000000000080e-01
-5.822842238763156208e-01 5.344352054793516382e-01 6.126369999999999871e-01
2.447100144681481904e-01 -9.085510537168501877e-01 3.386029999999999873e-01
5.999301307316803888e-02 8.691331893941243170e-01 4.909260000000000290e-01
3.708657271388885457e-01 7.531874458491347735e-01 5.432930000000000259e-01
-9.502688467599131883e-01 5.382599132003597353e-02 3.067440000000001277e-01
4.378439044671198488e-01 -8.375468172561982838e-01 -3.268150000000000222e-01
-8.013467747473866920e-01 -1.147599677418266462e-02 5.980900000000000105e-01
9.535019894688649966e-01 -3.013579966715940195e-01 4.160999999999977217e-03
-2.893212440983671252e-01 -6.401755401117518174e-01 7.116660000000000208e-01
2.140000278533287989e-04 -9.851311282199888275e-01 -1.718039999999999290e-01
-5.528825698856206783e-01 -9.464192637341890812e-02 8.278670000000000195e-01
-3.864363118550371845e-01 -7.379705955440525600e-02 9.193590000000000373e-01
1.868210479281922076e-01 -9.671122481087767175e-01 -1.726030000000000619e-01
2.833361825279638868e-01 -5.924533816643131612e-01 7.541349999999999998e-01
-1.787549479482236081e-01 -7.675777764884987864e-01 6.155249999999999888e-01
-8.396615871248542806e-01 4.279927895490421297e-01 3.343510000000000093e-01
6.989925922474179432e-01 -3.131032652883628531e-01 6.429430000000000422e-01
-7.000990400718600792e-01 6.914480395766988696e-01 -1.782160000000000688e-01
-7.115547581153187640e-01 -5.756498043146112131e-01 4.028860000000000774e-01
6.713165924186792477e-01 -8.050007103912864073e-03 7.411269999999999802e-01
-8.945394885702359078e-01 -7.801004260671053070e-02 4.401290000000000480e-01
-7.021266343849880132e-01 6.959306376113997272e-01 1.506610000000000726e-01
8.567747807477446020e-01 5.072128702021019286e-01 9.312399999999991518e-02
4.918800740035684238e-01 -7.281041095435760724e-01 -4.774080000000001656e-01
7.388881079324993717e-01 -4.575390668346594469e-01 4.946740000000000581e-01
-5.888079895563359117e-02 -1.800423852578784678e-01 9.818949999999999623e-01
-5.840835493287230840e-01 -2.664047944455223971e-01 7.667300000000000226e-01
8.338940567270953785e-01 4.630760315015534645e-01 -3.003019999999999579e-01
4.274429779653325379e-01 -8.434199565217368466e-01 3.254769999999999053e-01
3.818810652956813323e-01 7.066501208261034839e-02 9.215060000000000473e-01
-1.239030392050915336e-01 -9.369192964576733562e-01 -3.268489999999999451e-01
5.069722952657657045e-01 -6.234103630804679885e-02 8.597050000000000525e-01
6.127330559714605496e-01 -4.795840438086686475e-01 6.281379999999999741e-01
-6.823748057201830530e-01 3.585738979099601376e-01 6.370160000000000267e-01
8.405052014503481272e-01 -4.179851001817047607e-01 3.447309999999998986e-01
7.491830139160606805e-01 6.352300117993857631e-01 1.876369999999999427e-01
-3.605141510666440285e-01 9.174803844528214292e-01 -1.681049999999999212e-01
7.664858032884387384e-01 6.421448351994094583e-01 -1.222800000000000796e-02
8.199128796483692305e-01 -2.808639587731376341e-01 4.988569999999999394e-01
4.046041288260966429e-01 4.858531546958148595e-01 7.747530000000000250e-01
