5.850470084608173638e-01 -2.035220029432891209e-01 7.850470000000000503e-01
2.535312244951603428e-02 2.389371540092913859e-01 9.707040000000000113e-01
-4.745442059845775828e-01 -8.577433723191726367e-01 1.976970000000000671e-01
-8.487271485276399741e-01 4.441330777234920868e-01 2.870679999999999343e-01
-7.371353611216293622e-01 -4.678822292148792639e-01 4.875630000000001352e-01
-1.548329144516492062e-01 -7.021636120402483527e-01 6.949769999999999559e-01
7.833189955163474272e-01 1.727769990110388509e-01 5.971260000000000456e-01
-4.103080328808217936e-01 5.849560468765754306e-01 6.996240000000000236e-01
-7.294726331135329422e-01 5.146997411330309635e-01 4.505040000000000155e-01
5.507303671100560738e-01 3.220002146413633408e-03 8.346770000000000023e-01
2.202590957135642513e-01 9.726834226794671689e-01 7.330000000000003180e-02
7.141631987518701763e-01 -5.860261630912879660e-01 3.828109999999999014e-01
5.625401406008802285e-02 -9.714852428123277317e-01 2.303300000000000902e-01
-2.143188947490836382e-01 9.605095282986687577e-01 1.774509999999999699e-01
-7.145059270522700068e-01 6.996269285713467845e-01 1.855000000000020261e-03
9.672681977136364795e-01 1.499480306500001747e-01 2.047140000000001181e-01
8.974088149439702899e-01 -4.194359135074855471e-01 1.368610000000000659e-01
7.889597708635895934e-01 5.483398407464773472e-01 -2.772470000000000767e-01
-5.425691677262071133e-01 6.445591992547239357e-01 5.386670000000000069e-01
-8.907009237220756548e-01 -4.376669625190380275e-01 1.228799999999999337e-01
-9.528382572519551452e-01 -2.420660653541858442e-01 1.830390000000000905e-01
-1.546000316151965133e-03 -8.868811813642357711e-01 4.619950000000000445e-01
-9.025307805270984529e-01 6.558298405185933322e-02 4.256020000000000914e-01
2.793760780369585195e-01 -9.405902627311678588e-01 1.929740000000000344e-01
-1.540399375749797878e-02 7.322367032594848668e-01 6.808760000000000367e-01
0.000000000000000000e+00 0.000000000000000000e+00 1.000000000000000000e+00
-8.675829552226346220e-01 -3.603779814003070237e-01 3.426770000000000094e-01
2.257607392216262054e-01 -3.158060340622149686e-01 9.215740000000000043e-01
3.822291979755046420e-01 -8.354624327275299578e-01 3.948459999999999748e-01
5.599371944478078733e-01 -7.260402521299474943e-01 3.991689999999999960e-01
-2.749150821845578463e-01 4.867361455074585286e-01 8.291619999999999546e-01
4.714799706821127812e-01 -8.574239466830827494e-01 2.062300000000000522e-01
8.981291066444418991e-01 1.586990188440260685e-01 4.100960000000001271e-01
7.382056992171254217e-01 -4.135248315087681759e-01 5.329629999999999646e-01
3.556018107887565227e-01 -9.346365026916920726e-01 -1.399999999999996299e-03
7.871629042084780092e-01 -5.898219282233195804e-01 1.802349999999999786e-01
8.399180209549766962e-01 -4.200030104785860696e-01 3.437080000000000135e-01
-1.585235370414132816e-01 -3.210290624536658588e-01 9.337079999999999824e-01
9.921132413542701478e-01 -9.663502350868287405e-02 -7.983099999999990204e-02
-6.475262645853534504e-01 -7.274402972389824029e-01 2.270250000000000046e-01
3.075601823518880201e-02 -7.700754565763777704e-01 6.372109999999999719e-01
8.200154342715428868e-01 3.462307611354785708e-01 4.557400000000000340e-01
-3.231949838144259068e-01 -8.734179562593116231e-01 3.642610000000000015e-01
-5.424766110250299755e-01 -6.024405680287461262e-01 5.854780000000000539e-01
-4.714047915323642535e-01 7.954466482325058818e-01 3.808440000000000714e-01
-1.374149520587391593e-01 -9.417846714306271627e-01 3.068530000000000424e-01
3.106258284704960237e-01 4.543477491063623863e-01 8.349130000000000162e-01
2.022025979875761159e-01 -1.137012116297569930e-01 9.727209999999999468e-01
3.675067497711556053e-01 3.171306469960397112e-02 9.294799999999999729e-01
-1.497938867279643982e-01 8.281563737597686936e-01 5.401099999999999790e-01
-4.958178719993901473e-01 -7.698078012660020120e-01 4.019459999999999700e-01
-7.386651959090076991e-01 3.535710937742328475e-01 5.738999999999999657e-01
-6.499739094604448653e-01 -6.360309114026654331e-01 4.159310000000001062e-01
-8.623380587715839818e-01 -4.988040339953719871e-01 -8.699200000000004152e-02
-8.599966987124810780e-01 2.864418996491853719e-01 4.223230000000000595e-01
2.071687813766186909e-02 -2.219716943018396893e-01 9.748329999999999496e-01
8.004231451367881389e-01 5.242480950593261246e-01 2.906659999999999799e-01
9.343454548315733854e-01 -2.354551146175856979e-01 2.675060000000000771e-01
8.416651640156863623e-01 -2.925000569996236838e-02 5.392069999999999919e-01
6.299231083439180701e-01 1.902390327202509168e-01 7.529979999999999452e-01
9.115921502385858355e-02 4.327670207989904871e-01 8.968850000000000433e-01
-1.767318435411591171e-01 -1.017653340904618869e-01 9.789839999999999653e-01
-4.965122284894111226e-01 1.572250723532313821e-01 8.536719999999999864e-01
1.368760765434721416e-01 9.483605303396307473e-01 2.861419999999998964e-01
-4.254529506452513488e-01 -9.048938950276155246e-01 -1.252299999999995778e-02
2.603869923670326103e-01 8.642119746665462010e-01 4.305069999999999175e-01
5.018797184448240412e-01 3.819487857262335306e-01 7.760359999999999481e-01
6.433379323418232376e-01 -7.382649223585985299e-01 2.026849999999999485e-01
-2.780589873329543660e-01 8.839179597328996607e-01 3.759949999999999681e-01
-1.272750348402984510e-01 3.700181012888434373e-01 9.202649999999999997e-01
2.363312172443830794e-01 -6.668986130378350419e-01 7.066780000000000284e-01
-5.453741898633787111e-01 8.381162917769009457e-01 -1.131700000000004404e-02
8.548660489851352962e-01 -2.311550132455366391e-01 4.645120000000000360e-01
-5.193981505202505122e-01 -2.740770794268340693e-01 8.093869999999999676e-01
7.111471303239067510e-01 -1.505500275896040803e-02 7.028820000000000068e-01
-3.509301250854670595e-01 7.537572686690977575e-01 5.556060000000000443e-01
-8.223799934666962963e-02 -9.934889921073394303e-01 7.884500000000008169e-02
4.234577385175011255e-01 -3.713047707216318161e-01 8.263270000000000337e-01
-1.878420509163501173e-01 -8.297032248988425174e-01 5.256500000000000616e-01
3.587405057672825304e-02 -4.296366057195526444e-01 9.022890000000000077e-01
3.797007726517453441e-01 7.396315571408969003e-01 5.556729999999999725e-01
1.409600678532694495e-01 -9.896384763775111226e-01 2.731199999999994743e-02
-2.163880980460082537e-01 6.745923056595228839e-01 7.057630000000000292e-01
-4.889477733877758414e-01 -4.730077807754711761e-01 7.329350000000000032e-01
5.400257811810190711e-01 5.343027834999832804e-01 6.503020000000000467e-01
-1.512538608759507741e-01 -5.269085153469419414e-01 8.363549999999999596e-01
3.494239831064417379e-01 9.101299559980592369e-01 2.226350000000000551e-01
6.137359953183892936e-01 7.888839939823510949e-01 -3.146699999999991171e-02
7.758057095415065163e-01 6.260347656151370455e-01 -7.877800000000004244e-02
-6.791737484046659334e-01 -1.694569372258204754e-01 7.141480000000000050e-01
1.851858736986428111e-01 7.556424846330904721e-01 6.282600000000000406e-01
-5.533572303938890657e-01 -8.160323397603825857e-01 -1.669939999999999480e-01
-9.046257832162977186e-01 -1.548049629026792273e-01 3.970990000000000353e-01
-1.640866690324067900e-01 1.388705662185094336e-01 9.766219999999999901e-01
6.813646346443155144e-01 3.630943381974144346e-01 6.355349999999999611e-01
-9.276948039323689166e-01 3.542579251278419328e-01 1.178289999999999199e-01
4.045951732150577795e-01 -1.754790751260028314e-01 8.975020000000000220e-01
9.361955836509805451e-01 -3.873102414602313387e-02 3.493389999999999551e-01
9.887877981790144100e-01 -4.883899003149803908e-02 1.411150000000000460e-01
9.036198854178130180e-01 3.435449564372884401e-01 2.558280000000001109e-01
4.175839450468479819e-01 -7.066419070074396735e-01 5.712099999999999955e-01
-3.308407389123201314e-01 -6.025135245178733223e-01 7.263070000000000359e-01
-4.632535105575578682e-01 3.817885966278963816e-01 7.997710000000000097e-01
1.437318327421482911e-01 6.063322944232667489e-01 7.821139999999999759e-01
-7.893170618259002236e-01 1.500160117505060786e-01 5.953770000000000451e-01
-6.443409070140045936e-01 6.749679025941678345e-01 3.595040000000000457e-01
4.016903142918031716e-02 -6.146134808878189748e-01 7.878049999999999775e-01
4.450111539968359398e-01 2.128010736401587388e-01 8.698740000000000361e-01
-9.938535703903841334e-01 -1.093559527290839245e-01 1.721499999999996297e-02
-5.913355949733032357e-01 4.752536744819229608e-01 6.515030000000000543e-01
-6.696279224154991772e-01 4.529899475156302230e-02 7.413140000000000285e-01
-8.101362286722733064e-01 -5.890301662619965017e-02 5.832749999999999879e-01
7.065822407860048449e-01 5.172421762635258657e-01 4.829099999999999504e-01
6.585618780954737295e-01 6.846978732575137450e-01 3.122259999999999480e-01
-9.457749597585699552e-01 1.992769915210366449e-01 2.565120000000000178e-01
-7.293801327502759391e-02 9.366691704777584393e-01 3.425359999999998961e-01
-6.523068759766709190e-01 -3.825169272719259328e-01 6.543520000000000447e-01
-7.629053472007285563e-01 6.136772792865445858e-01 2.034100000000000907e-01
9.674658598690148992e-01 -2.471089642079126181e-01 5.428600000000002868e-02
-7.967916639944334634e-01 -2.674838872025410152e-01 5.418260000000000298e-01
1.852530681332113238e-01 -9.070863336123148324e-01 3.779890000000001304e-01
2.204478438208155311e-01 -8.035614307062985961e-01 5.528939999999999966e-01
2.539107161659201473e-01 2.835816829982315546e-01 9.247220000000000439e-01
-6.031233715063630818e-01 7.771024786724062272e-01 1.798720000000000041e-01
5.917163741089275231e-01 -5.747003633506626574e-01 5.653240000000000487e-01
-5.218912592565857489e-01 -6.183303071639944387e-02 8.507679999999999687e-01
5.972196959087127111e-01 -3.987117969846198373e-01 6.959579999999999655e-01
9.506572205210342963e-01 3.073400712927319423e-01 4.234300000000010278e-02
-4.194948886223868190e-01 8.865757646104991396e-01 1.949550000000000449e-01
-6.312538794777831086e-01 2.593563613413955027e-01 7.309259999999999646e-01
-3.695509319242480384e-01 -7.356258644888173936e-01 5.677029999999999577e-01
-9.702850507742917241e-01 -3.371000176401930948e-02 2.396050000000000957e-01
7.303718784120908358e-01 6.725678880349509337e-01 1.192030000000000312e-01
-3.439901324661637227e-01 3.365311079099560926e-02 9.383700000000000374e-01
8.479269382692971035e-01 -5.289079614944888208e-01 -3.572499999999994430e-02
-6.824989527113366206e-02 5.642881341048021637e-01 8.227520000000000389e-01
-2.843270192608046698e-01 -9.473330641739821090e-01 1.473710000000000298e-01
-3.187904213482334326e-01 2.684413548014088491e-01 9.090169999999999639e-01
3.521090737005995730e-01 6.081701272972108718e-01 7.114409999999999901e-01
5.526700007121924940e-02 8.662870011163319450e-01 4.964800000000000879e-01
-3.527021973759063012e-01 -1.930366553331445967e-01 9.156079999999999774e-01
-3.309385133152945024e-01 -4.041004057219723666e-01 8.527500000000000080e-01
4.287203792428465610e-01 -5.504204868978531673e-01 7.164049999999999585e-01
-1.142999383306147034e-03 -9.912414651856578107e-01 -1.320569999999999800e-01
1.807447035094916221e-01 1.008292767467166284e-01 9.783479999999999954e-01
2.368386935470496724e-01 -5.024443498716316681e-01 8.315390000000000281e-01
5.603023157273925303e-01 6.645613744768209541e-01 4.943879999999999386e-01
7.367728898340099031e-01 -2.204959670303334174e-01 6.391769999999999952e-01
4.668009389783337459e-01 8.072498944737905857e-01 3.611709999999999088e-01
