-4.702174924385011390e-01 -4.047284238546238200e-01 7.842770000000000019e-01
-9.606189292690409109e-01 -1.249699907983834943e-02 2.775879999999998904e-01
-4.190460188245692663e-01 5.878670264084205899e-01 6.919629999999999947e-01
2.923901764111409146e-02 -8.408165072995312794e-01 5.405299999999999550e-01
8.825950759998579809e-01 2.649750228168779032e-01 3.883480000000000820e-01
3.046126496499454994e-01 -5.524193646352023451e-02 9.508729999999999682e-01
5.799822955360384169e-01 -6.469383296541851847e-01 4.950670000000000903e-01
5.806797930501729210e-01 -8.130907102207036719e-01 4.116399999999998532e-02
7.958593023076561135e-01 -2.034140772669650876e-01 5.702899999999999636e-01
-6.095183192335703604e-01 -4.103995416278373443e-02 7.917089999999999961e-01
1.657710269291117477e-01 -9.659791569210319784e-01 -1.985050000000000980e-01
-4.115511894764987133e-01 -8.968754129178027057e-01 1.619879999999999098e-01
5.272365728462584666e-01 -4.444156399456844486e-01 7.242349999999999621e-01
9.841836936760413046e-01 1.696109472091469339e-01 5.113299999999997014e-02
2.612390370849254073e-01 -9.587541361026511444e-01 1.120030000000000747e-01
7.810726111457170218e-01 -5.713887155361151438e-01 2.518739999999999313e-01
1.964027986596479647e-01 4.276395616096080876e-01 8.823550000000000004e-01
-2.439102468199324802e-01 6.833286914803443635e-01 6.881639999999999979e-01
6.525361803389609916e-01 -6.831801888079299667e-01 3.278129999999999655e-01
-9.151996851350435377e-03 -9.905406592147708578e-01 -1.369139999999999802e-01
-5.454468412440005576e-01 6.222728188832790108e-01 5.614839999999999831e-01
-4.501938892375312307e-01 8.864737818983625672e-01 1.071900000000000214e-01
4.678814943244454794e-01 1.634801727194743273e-02 8.836399999999999810e-01
4.801890688479323877e-01 -5.961010854670167891e-01 6.434919999999999529e-01
-6.026502469227002640e-02 -9.974034086641372365e-01 3.942800000000010185e-02
8.739622093143968318e-01 -2.479150593757837029e-01 4.180049999999999599e-01
1.215120143810120013e-01 -9.925281174662351491e-01 -1.107999999999992671e-02
-9.266232308452315714e-01 -8.340402077804633107e-02 -3.666239999999999499e-01
-1.977020656465564019e-01 -2.633747552729469588e-01 9.442180000000000017e-01
-5.801026878768160699e-01 -6.215436655795740784e-01 5.264640000000000430e-01
-6.986721773392757795e-01 -5.827761479221635899e-01 -4.150050000000000128e-01
2.642888529736661662e-01 8.938045027682864907e-01 3.623049999999999882e-01
6.941218472936995232e-01 -7.038338451570670395e-01 1.510390000000001176e-01
9.918975642264299397e-02 -3.163132232389544995e-01 9.434550000000000436e-01
-3.173658004322644777e-01 2.154085432845879167e-01 9.235139999999999461e-01
-4.209580913539510694e-01 -6.390191386763299786e-01 6.437770000000000437e-01
-2.888863203620317330e-02 -1.954655102929335753e-01 9.802849999999999620e-01
1.597489917203472332e-01 6.622141110194253166e-02 9.849339999999999762e-01
6.072361486353360371e-01 1.962920480470976281e-01 7.698920000000000208e-01
7.984896789359940961e-01 5.458107805354279751e-01 2.539779999999999816e-01
-4.161168647730079106e-01 -8.221137328347473128e-01 -3.885560000000000125e-01
-1.571991650312948297e-01 1.183478770974099731e-01 9.804500000000000437e-01
-9.499968314390555557e-01 3.065519456075181948e-01 -5.942999999999989957e-02
-3.489868898471730208e-01 8.406867346489994564e-01 4.140699999999999381e-01
-8.888388264800307637e-01 -3.896129239393910648e-01 -2.411789999999999212e-01
-3.029969024153963963e-01 -8.443767280560702249e-01 4.418380000000000085e-01
-9.404826871775441299e-01 1.041839653464285420e-01 -3.234779999999999878e-01
3.616213784323767388e-01 -5.204685446640052726e-01 7.735260000000000469e-01
4.198119579324789408e-01 7.240769274434164515e-01 5.472390000000000310e-01
-1.591267959462484838e-01 -6.700091408242846158e-02 9.849820000000000242e-01
7.649798690814135771e-02 -7.543068709079890910e-01 -6.520499999999999075e-01
5.022891692074606951e-01 -7.752802611706808289e-01 3.829439999999998956e-01
9.905384321479276943e-01 6.753702946477024849e-02 -1.194669999999999899e-01
-8.673252100013701948e-01 4.401881065806743099e-01 2.323389999999999067e-01
-7.641781950219493913e-01 -3.067650782879228766e-01 5.673859999999999459e-01
-8.346172191051280942e-01 6.426201687017377151e-02 5.470690000000000275e-01
-9.112874214299137021e-01 1.199950554923776974e-01 3.938989999999999436e-01
8.055899576594233169e-01 5.871269691415039738e-01 -7.941500000000005499e-02
-7.108025504084358737e-01 -6.636185802528913324e-01 2.331739999999999091e-01
1.658779353508534615e-01 -8.796536571644195668e-01 4.457509999999999528e-01
-1.899910544087644870e-01 9.075492598997841887e-01 3.745100000000000651e-01
4.209337534931971714e-01 -1.787893200421331319e-01 8.892970000000000041e-01
-7.329541977496272231e-01 1.148700309917113395e-02 6.801810000000000356e-01
-9.652194784690427964e-02 -9.706974755091514195e-01 2.200679999999999303e-01
-6.333451592333511071e-01 6.681691679886772040e-01 3.904150000000001230e-01
3.703399665132732499e-02 -9.371129152647664773e-01 3.470559999999999756e-01
1.395775330582432749e-01 -1.258436773992837598e-01 9.821819999999999995e-01
-3.142354846913955058e-01 -1.344582073945794209e-01 9.397750000000000270e-01
-8.732905144494517158e-01 5.936103496917861932e-02 -4.835699999999998333e-01
3.381788075732087839e-01 3.144608210689568972e-01 8.869890000000000274e-01
-7.358906010272528997e-01 1.964388934980759449e-01 6.479789999999999717e-01
-3.626491813433658229e-01 -9.318504659734772044e-01 -1.184400000000005587e-02
-1.471917242816641325e-01 2.963724448375566478e-01 9.436620000000000008e-01
1.272419383400102966e-01 -4.642417750337392013e-01 -8.765210000000001056e-01
9.493599419843478104e-01 2.194609865886775757e-01 2.248390000000000388e-01
6.567685718076299306e-01 3.411982970601790677e-01 6.724869999999999459e-01
8.817174442835196135e-01 -4.436442235453299521e-01 1.604810000000000125e-01
9.249289639786359984e-01 -2.871759888159294283e-01 2.490710000000000146e-01
-9.673353929392725092e-01 1.425600579090208764e-01 2.096159999999999968e-01
4.831795077117587850e-02 5.306734593224672336e-01 8.461980000000000057e-01
-2.160349362535158579e-01 -6.470118090830642155e-01 7.312349999999999683e-01
-5.860896588238409533e-02 8.644734967702581985e-01 4.992499999999999716e-01
1.751028304755223586e-01 2.542277538713277329e-01 9.511610000000000342e-01
7.767685273356718101e-01 -1.295200879291065303e-02 6.296530000000000182e-01
-3.786318549984661330e-01 7.236877228552522912e-01 5.769870000000000276e-01
-7.508409734420769255e-02 -3.813534944129992055e-01 9.213750000000000551e-01
-5.370039450941805903e-01 -8.425459138541271376e-01 4.175099999999992706e-02
-3.215140819610680656e-01 4.201988001805222889e-02 9.459720000000000351e-01
9.415101610543123722e-02 7.965601362592247270e-01 5.971830000000000194e-01
-9.039360213408735856e-01 2.843370067128647150e-01 3.194559999999999622e-01
7.845419895210455907e-01 3.075429958922160090e-01 5.384339999999999682e-01
2.331516602518831915e-01 -4.298463736287539971e-01 8.722800000000000553e-01
-2.346670118753710899e-01 -9.663650489030967128e-01 1.052140000000000575e-01
-5.901090644277507957e-01 -7.169340782744287877e-01 3.711829999999999297e-01
2.237699574559033899e-01 5.792018898796715831e-01 7.838699999999999557e-01
8.056640788000855036e-01 4.331800423683086487e-01 4.040549999999999975e-01
5.011782234074673159e-01 3.505084568753438212e-01 7.911789999999999656e-01
-1.438938535282246467e-01 -5.265214640456720163e-01 8.378959999999999742e-01
8.393778583066090482e-01 -4.210039289313225463e-01 3.438030000000000252e-01
3.691135011417896461e-01 4.747586445751673656e-01 7.989739999999999620e-01
-2.877312017031455893e-01 -7.442135217029206551e-01 6.027909999999999657e-01
4.153292933995751390e-01 -7.310915164623438267e-01 5.413010000000000321e-01
-2.741689264164495210e-01 -9.202507530160741744e-01 2.792309999999998960e-01
-8.105181007561497175e-01 4.076750506784099781e-01 4.205489999999999506e-01
-7.655044147877091421e-01 5.546385759902812129e-01 3.261579999999999480e-01
-8.678985525452693750e-01 -2.522391605873802178e-01 4.279339999999999811e-01
-2.215179714851468473e-01 8.090888958502061579e-01 5.443390000000000173e-01
-6.171893949938257462e-01 1.425268602865973344e-01 7.737979999999999858e-01
-8.988046718631427234e-01 -7.195097373203875046e-02 4.324039999999999551e-01
-9.994044572063988108e-01 5.329002437905920944e-03 -3.409299999999997055e-02
-6.879850003460697971e-01 -4.727250002377897387e-01 5.506429999999999936e-01
1.814818216941472273e-01 -5.919284184304498542e-01 7.852930000000000188e-01
1.445229630589051906e-01 9.573037553063677985e-01 2.503650000000000597e-01
-7.197024590573548597e-01 3.700512360346828733e-01 5.874439999999999662e-01
4.790081001915082459e-01 8.686851816981351337e-01 1.262429999999999941e-01
-4.452448798091749316e-01 -8.329777751433187216e-01 3.284890000000000310e-01
-6.067778253286810752e-01 3.169494311091227146e-01 7.289470000000000116e-01
-3.933624737101825142e-01 -2.778196282979407683e-01 8.764030000000000431e-01
-7.139408605185549872e-01 6.994348633525677705e-01 3.285300000000006271e-02
5.655792985440544207e-01 7.090713742871131986e-01 4.211149999999999061e-01
2.482894095041405028e-02 3.666971279002344541e-01 9.300089999999999746e-01
-2.746831698521275955e-01 -4.116882545701143203e-01 8.689430000000000209e-01
4.001548819956726732e-01 -3.567538947944777217e-01 8.441579999999999639e-01
6.801721225385084502e-01 6.838141231946444076e-01 2.641289999999998916e-01
3.931129791682079211e-01 -8.855509530729985812e-01 2.475109999999999810e-01
-7.607492767443700954e-01 -6.421402335969286224e-01 -9.442699999999988603e-02
-4.506343693141884876e-01 4.354933569054798004e-01 7.792780000000000262e-01
6.857241581481697823e-01 7.250221672114471883e-01 -6.422800000000006282e-02
-9.776439600921952300e-01 1.465649940171600552e-01 -1.507680000000000131e-01
7.395040028679822353e-01 1.673510006490291913e-01 6.520179999999999865e-01
-9.414392881891854303e-01 3.100880949227812766e-01 1.324289999999999634e-01
-3.385110521264573791e-01 9.075511397514957057e-01 2.485179999999999889e-01
-5.935138310167202835e-01 7.933647741158262878e-01 1.353280000000000038e-01
5.626488897111312504e-01 6.055978812923895616e-01 5.627410000000000467e-01
-2.917128272819179413e-01 9.541424350688894052e-01 6.720000000000009299e-02
3.166914875774838878e-01 1.299047898076144680e-01 9.395909999999999540e-01
-4.485070218801981423e-01 -7.449030363397343146e-01 4.939239999999999187e-01
-3.494667573834530083e-01 -5.365316275140681324e-01 7.681189999999999962e-01
-6.872820429601637082e-01 6.893100430869287809e-01 2.291179999999999051e-01
5.394140441822820042e-01 4.864850398469773851e-01 6.872880000000000100e-01
2.646327251151894266e-01 -2.510387392358173209e-01 9.311009999999999565e-01
-8.096820417273898896e-01 -1.272950065602151404e-01 5.728969999999999896e-01
-1.997089333420928869e-01 -9.763896741052537909e-01 -8.233800000000003616e-02
-0.000000000000000000e+00 -0.000000000000000000e+00 1.000000000000000000e+00
4.017460718177497947e-01 6.087741088269175149e-01 6.841009999999999591e-01
8.466327084906279943e-01 1.270641063315031127e-01 5.167859999999999676e-01
-8.306847883797828791e-01 2.472779370049728587e-01 4.988149999999999529e-01
-4.689871715654967965e-01 -8.804003220691905551e-02 8.788059999999999761e-01
6.927352546497655972e-01 -1.559268322301338439e-01 7.041340000000000376e-01
-4.933508573455377411e-01 7.487147835059909662e-01 4.427540000000000364e-01
-4.704831116011888859e-01 2.698340640061282492e-01 8.401399999999999979e-01
3.393937815041548345e-01 -8.442434564906677874e-01 4.148069999999999258e-01
-8.902208134501355952e-01 4.542409048117297399e-01 3.423599999999998866e-02
-1.258880519297247147e-01 -9.110563758172920412e-01 3.925920000000000520e-01
-2.766453106178095034e-01 5.401396064696382115e-01 7.948060000000000125e-01
-7.124516879802884617e-01 -5.783557467078870307e-01 3.973880000000001300e-01
-6.326001089053505666e-01 -7.672991320944775318e-01 -1.052099999999999147e-01
-3.023361547115968051e-01 3.828541959143262341e-01 8.729350000000000165e-01
-5.417398657739778134e-01 -5.125018730182284710e-01 6.662280000000000424e-01
-7.587798449907773302e-02 -7.392868489729529369e-01 6.691019999999999746e-01
1.097050523041366160e-01 -7.284763473160584812e-01 6.762299999999999978e-01
5.819901605719118159e-02 -4.861181341206834983e-01 8.719529999999999781e-01
2.637699771040470931e-01 8.115769295529108307e-01 5.213140000000000551e-01
5.661189782693782924e-01 -1.069889958932000312e-01 8.173510000000000497e-01
-6.887760898504969864e-01 5.257440685830512273e-01 4.991799999999999571e-01
-8.956102092972786366e-01 -3.581660837006832576e-01 2.638169999999999127e-01
3.063508670430916125e-01 -6.650397113713931718e-01 6.810810000000000475e-01
-2.197199417444193892e-01 9.337827524209413310e-01 -2.824410000000000531e-01
-6.326023203801683925e-01 -3.553091799456170041e-01 6.881639999999999979e-01
-8.018602350413978064e-02 9.825522880058819020e-01 -1.678129999999999622e-01
6.882815786230948030e-01 4.694887125715596077e-01 5.530359999999999721e-01
-1.464271129919775816e-01 -8.290266397268754028e-01 5.396980000000001221e-01
-2.429899279936059003e-02 9.470217193644169251e-01 3.202489999999999504e-01
-8.101147403339424846e-01 5.825678132695532030e-01 -6.579400000000003301e-02
-5.758812486475546333e-01 -7.910323415430833283e-01 2.064670000000000394e-01
6.386998089084106045e-01 -4.985848508291840786e-01 5.860680000000000334e-01
-6.483998908967557838e-03 -6.247848948703453864e-01 7.807699999999999640e-01
-6.769914890694724852e-01 3.340477478916725751e-01 -6.558159999999998435e-01
-8.976088815333528315e-01 -4.307669431472698762e-01 9.347799999999996390e-02
-4.776752290361989672e-01 9.453004532536120330e-02 8.734359999999999902e-01
9.383302934995174649e-01 3.390661060561927509e-01 6.760500000000005394e-02
-6.944905354442023615e-01 -1.792338801075986365e-01 6.968199999999999950e-01
1.045670199795458444e-01 8.925201705331915480e-01 4.387179999999999969e-01
2.503468135517447624e-01 7.062514740122585177e-01 6.622200000000000308e-01
-8.057867997921700498e-01 -4.220068951470974383e-01 4.154730000000000922e-01
-9.601936230592224009e-01 -2.580588986944720720e-01 1.069290000000000379e-01
2.372510813231373528e-01 -7.853902692101564220e-01 5.717290000000000427e-01
7.231381796944181817e-01 -5.422801347525495474e-01 4.277890000000000303e-01
-4.281068264544097834e-01 9.007996348345916893e-01 -7.269500000000010675e-02
-5.061489954161175753e-01 8.143149926252462034e-01 2.840849999999999764e-01
7.385809420058692121e-02 6.757688618936635860e-01 7.334039999999999448e-01
5.512491620279014182e-01 -8.062462369788379046e-01 2.146889999999999632e-01
5.561567228724587642e-01 -2.802553642658191513e-01 7.823980000000000379e-01
9.151999924952485335e-03 1.884819984544246485e-01 9.820339999999999625e-01
9.779979033998231763e-01 3.919299612877456124e-02 2.049000000000000543e-01
-8.037817958251630701e-01 5.795548527827851792e-01 1.343539999999999179e-01
-9.434803691769458878e-01 -1.881020736029612728e-01 2.728779999999998984e-01
4.677313209566821839e-01 1.846961267382648542e-01 8.643579999999999597e-01
8.633099379858089062e-01 4.980369642244828476e-01 8.157899999999997098e-02
6.481019571305646210e-01 3.211799787551878477e-02 7.608759999999999968e-01
-8.178584919947906595e-01 -5.181553117039398026e-01 2.502449999999999397e-01
-5.823278413249605157e-01 4.783658696529378140e-01 6.573130000000000361e-01
5.358479139040134287e-01 8.003588714043949892e-01 2.688730000000000842e-01
-9.956309186095842201e-02 6.181175703004133659e-01 7.797549999999999759e-01
7.718458164469174099e-01 -3.810799093751748856e-01 5.089519999999998490e-01
-9.870276512357518683e-01 1.549159452607603848e-01 4.216000000000003772e-02
-5.541985303110206207e-01 -2.316578036676183172e-01 7.994989999999999597e-01
-3.371040560187061330e-01 -9.181511525749651570e-01 -2.082290000000001085e-01
