-7.688124935227662604e-01 3.420242195551454478e-01 -5.403210000000001623e-01
-7.452215914888317139e-01 -6.922405494373183588e-02 6.632139999999999702e-01
-3.188852522274278622e-01 -1.171694601116251983e-01 9.405229999999999979e-01
3.551292759218437761e-02 3.247003379638404574e-01 9.451500000000000457e-01
-9.313106320385672321e-02 -8.540435796009002711e-01 5.117969999999999464e-01
5.213132319903680534e-01 -5.910472630228117419e-01 6.155450000000000088e-01
7.642669087997457922e-01 6.077209274804357131e-01 -2.158039999999999403e-01
-1.637920905392801219e-01 2.221861228177229586e-01 9.611480000000000024e-01
9.113317859755692973e-02 -2.076724069844275988e-01 9.739440000000000319e-01
7.126027885115301386e-01 -2.113679372695667913e-01 6.689699999999999536e-01
9.875481999243066467e-01 -1.206040244156953156e-01 1.010110000000001007e-01
-7.729539306796517906e-01 5.684059490240016554e-01 2.818810000000000482e-01
9.699531205757876418e-01 4.661700579500398234e-02 2.387839999999999130e-01
2.027769305165653957e-01 9.761526655120498219e-01 7.750799999999992418e-02
-3.711258343604877941e-01 -4.457548010523630921e-01 8.145970000000000155e-01
-4.603380553238670680e-01 -7.945940954950775348e-01 3.958649999999999669e-01
7.728817439877668782e-01 -6.250897929429243272e-01 1.091630000000000239e-01
-7.757046959335861525e-01 1.282129497421479747e-01 6.179350000000000120e-01
-5.050488504061336759e-01 8.562507463812470965e-01 -1.084449999999999720e-01
9.374083007290467950e-01 -2.557630820511060388e-01 -2.363279999999999270e-01
2.704900852474429948e-02 9.786263084231019427e-01 2.038600000000000689e-01
8.164376060337346086e-01 3.342588387057315868e-01 4.708510000000000195e-01
-9.898944488489288540e-01 1.011700458736452812e-01 9.936599999999996824e-02
-5.470431275547296135e-01 -3.759700876654150092e-01 7.479240000000000332e-01
3.492079009977953619e-01 -6.266738223348043979e-01 6.966590000000000282e-01
-6.658130962926265273e-01 -7.377351066942833269e-01 1.115339999999999943e-01
8.873691398367559158e-01 3.733990588423810042e-01 2.704609999999999514e-01
7.007810607148132753e-01 2.970950257399493921e-01 6.485680000000000334e-01
-6.980984012710156339e-01 -2.867087541022283470e-01 6.560920000000000085e-01
3.891346050712601867e-01 2.437787525914315856e-01 8.883389999999999898e-01
-5.109011544967958507e-01 8.552012586133402872e-01 8.723999999999998423e-02
5.680997901187092962e-03 -9.310356560340997678e-01 3.648840000000000416e-01
-5.083002116132577172e-03 -9.837514095509531931e-01 1.794640000000000957e-01
-6.060107921976148893e-01 -1.663639429534513603e-01 7.778650000000000286e-01
8.865066040361267996e-01 -3.002638658852141429e-01 3.520620000000000416e-01
3.971082537637970478e-01 4.295172744741098114e-01 8.110610000000000319e-01
5.084500021703818734e-02 9.175780039167947821e-01 3.942909999999999471e-01
5.554076713465756487e-01 -2.682178412864701933e-01 7.871350000000000291e-01
8.096283683994494051e-01 5.606692551173512173e-01 1.736429999999998808e-01
-7.306403111708503761e-01 4.995152127374730133e-01 4.654559999999999809e-01
1.463029510767668295e-01 -6.453567841947810413e-01 7.497399999999999620e-01
8.849683295745376377e-01 -4.652881732797993219e-01 1.838400000000000797e-02
9.570823312182605846e-01 -2.871630993787672725e-01 -3.912500000000001393e-02
9.595728417802664723e-01 2.277899624407178081e-01 1.653229999999999145e-01
-5.390019854558711909e-01 -8.158659779851277216e-01 -2.093789999999998985e-01
-9.833101316497687705e-01 -8.843001183938835330e-02 1.590010000000000590e-01
6.528258694149349228e-01 6.156708768470653403e-01 4.413249999999999673e-01
-2.577045402719023715e-01 -3.214644265284223312e-01 9.111799999999999899e-01
7.816420684243261530e-01 -2.871300251351344840e-02 6.230660000000000087e-01
-1.767290841267672719e-01 -9.318564435832989989e-01 3.168759999999998800e-01
3.784211649652378662e-01 -3.175151384144576650e-01 8.694720000000000226e-01
-7.874233068751854692e-01 6.100122377344142643e-01 8.859799999999992681e-02
-9.366846528310847075e-01 -2.791158965496417510e-01 2.114620000000000111e-01
6.857739455018657670e-01 7.233529425154805459e-01 8.046499999999995323e-02
6.840653685550133201e-01 1.174488915856331944e-01 7.199029999999999596e-01
7.846859527232565856e-01 5.030329696926386651e-01 3.622510000000001007e-01
4.220319167905832725e-01 -7.396608541656548574e-01 5.242050000000001431e-01
4.979548577360374817e-01 -8.230497648575587633e-01 -2.731849999999999556e-01
2.253832685651309398e-01 5.619336695962416917e-01 7.958849999999999536e-01
3.452900318761976672e-01 -9.384950866392078872e-01 -1.328999999999991863e-03
5.525983273081598313e-01 4.562404446070337793e-01 6.974810000000000176e-01
-8.486765130469280383e-01 3.832367801066429713e-01 3.645239999999999592e-01
9.446696979845893294e-01 -1.301759583821248678e-01 3.010870000000001045e-01
-3.786908789329952452e-01 -9.141487077477906675e-01 -1.446559999999999235e-01
2.833051004128774863e-01 8.405592979225495753e-01 -4.617339999999999223e-01
6.282603664878425587e-01 -7.485964366843871343e-01 2.118780000000000940e-01
-7.637479096489097063e-01 -3.986409528409253777e-01 5.077149999999999164e-01
-6.334383579759373939e-01 4.288732423697570462e-01 6.440679999999999739e-01
-5.525459053765533479e-01 -6.580338873117439480e-01 5.115509999999998669e-01
-3.467399074538066728e-01 9.158277555621064936e-01 -2.025609999999999633e-01
-2.711921735914918918e-01 7.854245027542253732e-01 5.563839999999999897e-01
-3.782170270707211901e-01 -7.177030513692870262e-01 5.846829999999999528e-01
-6.581082302763135994e-01 7.295372552697899637e-01 1.861960000000000004e-01
-2.089904693347252873e-01 -1.964034410677452103e-01 -9.579919999999999547e-01
8.815817626134693219e-01 -4.388738818229316330e-01 -1.737909999999999455e-01
7.251834788431146261e-01 -6.165795568918889247e-01 3.064939999999999332e-01
-3.352330641692195523e-01 9.213341763587823419e-01 1.968810000000000560e-01
6.141904121566337665e-02 8.126695453473993247e-01 5.794789999999999663e-01
2.697494693531926058e-01 -4.999490165083546600e-01 8.229739999999999833e-01
8.034709193663639448e-01 5.950289402848990550e-01 -1.936600000000006719e-02
6.307784651918902918e-01 -6.940294115643159956e-02 7.728530000000000122e-01
5.234219884472581796e-01 7.526769833872417603e-01 3.993830000000000435e-01
-6.344548245394814323e-01 6.775468126222539134e-01 3.720180000000001264e-01
9.097768653999256383e-01 1.938129713256719344e-01 3.670729999999999826e-01
-5.869821322983472811e-01 5.978361347447018748e-01 5.459340000000000304e-01
4.658637735971744021e-01 -1.160151926507925757e-01 8.772180000000000533e-01
-1.633651037855128330e-01 -4.897953111659488212e-01 8.563950000000000173e-01
5.287401274422316028e-02 4.998181204711606429e-01 8.645150000000000334e-01
4.756501473281029013e-01 -8.186482535684993511e-01 3.218260000000000010e-01
-1.124460077336045527e-01 5.815470399965717574e-01 8.057039999999999758e-01
8.501675723454130695e-01 -1.672439158723173225e-01 4.992440000000000211e-01
1.831359433561307315e-01 -3.592728888770485574e-01 9.150869999999999838e-01
-3.091929448365691724e-01 4.745919153275688362e-01 8.241129999999999844e-01
-4.880099650047939885e-01 -4.039099710356062328e-02 8.719029999999999836e-01
5.270191142598918965e-01 6.194711343038665774e-01 5.818130000000000246e-01
9.406359501059481376e-01 -3.005179840596567398e-01 1.577749999999999708e-01
-3.480606791314420079e-01 9.684818896891894680e-02 9.324559999999999516e-01
-2.236529713133765807e-01 -8.523718906713770860e-01 -4.726960000000001161e-01
1.818218898970964115e-01 -9.720047573161387814e-04 9.833309999999999551e-01
6.089499630467918451e-02 6.695959593665817833e-01 7.402250000000000218e-01
-9.516756870248243017e-01 7.250997615382774597e-02 2.984220000000000761e-01
3.074602129905632530e-01 -8.560245930040780715e-01 4.155599999999999294e-01
-6.267671418584791487e-01 -4.915061112443600000e-01 6.046359999999999513e-01
-4.646456264090201849e-01 -5.649175457869664019e-01 6.818889999999999674e-01
5.543581606593406264e-01 2.782940806528101385e-01 7.843719999999999581e-01
2.857386113091577307e-01 -1.638343505071938322e-01 9.441990000000000105e-01
-6.527870731193572418e-01 2.456490275154022962e-01 7.166069999999999940e-01
-1.928369519947669697e-01 -9.738327575720422402e-01 1.202649999999998859e-01
-8.732939615208081818e-01 -2.908879871828557451e-01 3.908220000000000027e-01
-5.554509821603416386e-02 5.093129005779956087e-01 -8.587869999999998560e-01
8.568603817205376894e-01 -4.717322101507745447e-01 2.079880000000000062e-01
-1.638809814750189775e-01 9.804138891747629092e-01 1.092319999999999680e-01
-4.670051375075169875e-01 5.227091539093084993e-01 7.132190000000000474e-01
1.252930510507137551e-01 -8.597843503195458092e-01 4.950479999999999325e-01
5.346866915817776178e-01 8.449415126204493642e-01 1.356399999999997538e-02
5.283956259428705948e-01 8.858610494000726532e-02 8.443640000000000034e-01
5.153840626611789766e-01 8.357151016075142769e-01 -1.896299999999999375e-01
9.971917687275837494e-01 6.503798491614913579e-02 3.713000000000001716e-02
-8.335094012834386445e-01 -4.582202206048132109e-01 3.087010000000000032e-01
-4.676730395396255791e-01 7.623730644551706126e-01 4.472909999999999386e-01
6.815099921889005152e-01 6.821379921817026792e-01 2.650129999999999431e-01
-4.960195652720967296e-01 3.536944030759889834e-01 7.930099999999999927e-01
-1.339689915841453527e-01 -1.885599881547705414e-01 9.728809999999999958e-01
-4.963813395090690278e-03 -4.728722232885649440e-02 9.988690000000000069e-01
-8.777476484013398972e-01 1.981079206440717888e-01 4.362480000000000246e-01
-1.488100522113617458e-02 -9.998243507974831079e-01 -1.139399999999990594e-02
-9.658626625013374545e-01 -2.577659099295860345e-01 2.580800000000010169e-02
-2.778517406341033391e-01 -6.091554313724856229e-01 7.427839999999999998e-01
1.582327385812776210e-02 1.419524568135775711e-01 9.897470000000000434e-01
2.256707340285774854e-01 3.835555479484074048e-01 8.955210000000000115e-01
-2.706943310067927988e-01 6.393237817692886127e-01 7.197149999999999936e-01
6.257008543981423809e-01 -4.082699049947652314e-01 6.646910000000000318e-01
3.820658946779801335e-01 7.522727926250653008e-01 5.367600000000001259e-01
-8.686314835034272264e-01 9.322994456458497115e-03 4.953710000000000613e-01
-1.872469004157553407e-01 -7.459036033031964941e-01 6.391919999999999824e-01
4.598217697582051011e-01 -4.591177701107115872e-01 7.601149999999999851e-01
-3.873386080984545649e-02 -3.565787186341376480e-01 9.334620000000000140e-01
5.841150283976873636e-01 -6.916840336273267775e-01 4.247149999999999537e-01
6.588089221797368555e-01 -7.522559111415298982e-01 9.046999999999909281e-03
-3.342655006057911882e-01 2.936584397914690503e-01 8.955619999999999692e-01
-6.221013230439467190e-01 -7.161663718899199393e-01 3.163790000000001323e-01
-7.058740814617610049e-01 -5.700380657855360633e-01 4.204739999999999034e-01
-1.419600568797022011e-01 4.078931634321807942e-01 9.019260000000000055e-01
2.397930362874405863e-01 -7.582781147488368845e-01 6.062290000000000179e-01
1.800280640271701149e-01 -9.404173344604134233e-01 2.884529999999999039e-01
-8.234681672647561346e-01 -1.827570371220316736e-01 5.371219999999999883e-01
3.838989070247867397e-01 6.015058543232760790e-01 7.005799999999999805e-01
2.720201364344996750e-02 -7.637953830894380625e-01 6.448850000000000415e-01
-8.867646513223377269e-01 -4.470358242246060265e-01 1.175050000000000261e-01
3.604945357060759803e-01 4.576381411181500158e-02 9.316379999999999661e-01
-3.099831787667521876e-01 8.702925018961497061e-01 3.827550000000001229e-01
3.703141936974147508e-01 9.272124849899474608e-01 -5.607500000000009699e-02
-4.430053610013963694e-01 -2.505352041590609979e-01 8.608010000000000383e-01
6.893925268592605571e-01 4.645653550380223762e-01 5.558030000000000470e-01
9.045409553102178313e-01 4.195789792702662169e-01 7.588900000000006751e-02
-1.743830103395049014e-01 9.806150581425577828e-01 -8.935699999999999199e-02
-1.437260435973040928e-01 9.421852857988527452e-01 3.027039999999999731e-01
-9.297177897933888158e-01 -1.105289750097054047e-01 3.512949999999999684e-01
-4.205457266737398503e-01 6.741295618614095986e-01 6.071990000000000443e-01
8.160395126809375510e-01 1.549439074712455067e-01 5.568410000000000304e-01
-7.707205914359700483e-01 3.183548312380204415e-01 5.519420000000000437e-01
-3.512358493081156330e-01 -8.999806138783249532e-01 2.582019999999999871e-01
3.758728616249923937e-01 8.611116829876594991e-01 3.423540000000001027e-01
-1.055640433157670199e-01 7.424453046452826888e-01 6.615370000000000417e-01
-1.804870218618426503e-01 2.533586269387240117e-02 9.832509999999999861e-01
-5.060599697469806424e-01 1.677949899689653024e-01 8.460189999999999655e-01
2.113029557082233278e-01 9.381298033561071836e-01 2.743420000000000303e-01
7.964044107888783586e-01 -4.613232379525439297e-01 3.910509999999999264e-01
8.975249299030914063e-01 1.201499906162574113e-02 4.408000000000000251e-01
2.274138366742487483e-01 7.240934799651892462e-01 6.511310000000000153e-01
-1.124399756737727019e-01 8.667438124812206768e-01 4.859140000000000126e-01
-6.813400030096208870e-02 -6.386200028209173540e-01 7.664999999999999591e-01
6.704479866072329264e-01 -5.359469892940043056e-01 5.130890000000001283e-01
-6.395220777511327892e-01 4.815600585465958788e-02 7.672630000000000283e-01
