1.209909535157105420e-01 7.414597151338425673e-01 6.599990000000000023e-01
8.474218589198527773e-01 4.793189202022190010e-01 2.283189999999999387e-01
3.159040724421203206e-01 -9.384502152024279953e-01 1.396990000000000454e-01
-8.431768870334780397e-01 5.360529281811018398e-01 -4.123099999999990661e-02
-8.416353453877112312e-01 3.265931340262805405e-01 4.301010000000000111e-01
3.863070071480319556e-01 8.455020156447472512e-01 3.686369999999999369e-01
-2.302289979359548600e-01 9.317859916463683279e-01 2.806590000000000473e-01
6.677240820129569654e-01 4.730520581024395543e-01 5.747750000000000359e-01
-8.130598213789754780e-01 -5.781798729797252290e-02 5.793019999999999836e-01
-8.008301798765936619e-01 -5.152961157420292704e-01 3.051899999999999613e-01
-6.360741406647700824e-01 3.904640863492752634e-01 6.655429999999999957e-01
9.191934657958374943e-01 -4.793497214181496879e-02 3.908780000000000032e-01
-3.377146462735121091e-01 -1.410768522343641418e-01 9.306159999999999988e-01
2.086791515883061887e-01 4.193203046018457725e-01 8.835290000000000088e-01
-3.543598249072140577e-02 -8.337465880373468030e-01 5.510089999999999710e-01
4.521916578647099394e-01 7.358234432644593648e-01 5.040700000000000180e-01
1.158252267701770089e-01 -4.417438648749261731e-01 8.896330000000000071e-01
-9.954601948914072740e-02 -4.054070793706834874e-01 9.086999999999999522e-01
2.093840512553702682e-01 9.757012388430633676e-01 6.454000000000009729e-02
-7.938392169592646264e-01 5.559941519553075473e-01 -2.463529999999999331e-01
7.732821691339600845e-01 4.841311058902098563e-01 4.094530000000000114e-01
7.311309964381237370e-01 -2.266679988957336078e-01 6.434819999999999984e-01
-1.289936653965960689e-01 -1.970220163117591405e-01 9.718759999999999621e-01
-5.389822584951263762e-01 7.760833722084843345e-01 3.274029999999999441e-01
-8.890071379546832242e-01 -4.564600708327321565e-01 -3.620099999999999707e-02
-4.042399033136748893e-02 -9.240237789914768074e-01 3.801919999999999744e-01
-2.635597290946977908e-02 -5.557344287769072633e-01 8.309419999999999584e-01
4.662149525405867578e-01 -7.934309192308920400e-01 3.912939999999999752e-01
-8.121787982379060633e-01 -5.722788578340375354e-01 1.134129999999998889e-01
6.049884631938202695e-01 -3.749282870541773560e-01 7.024369999999999781e-01
-6.932912520864140671e-01 -7.173542608359222417e-01 6.892099999999991289e-02
-5.674178961772087249e-01 -7.551438618282151349e-01 -3.283209999999999740e-01
9.781982075649181541e-01 -5.448401156102036097e-02 2.003989999999999105e-01
-3.978125627915543028e-01 6.364833004849503872e-01 6.607830000000000092e-01
-6.278340971215146116e-01 -6.269330969821360622e-01 -4.612800000000000233e-01
-9.198723916354093477e-01 -2.773401180774772226e-02 3.912359999999999727e-01
7.659547001670987676e-01 1.238309515263847083e-01 6.308559999999999723e-01
3.108823958208876692e-01 -6.597388399909958068e-01 6.841760000000000064e-01
9.681522473949172314e-01 -2.344270599038666136e-01 8.789299999999995727e-02
-7.897150392288276866e-01 5.102570253468451389e-01 3.405699999999999839e-01
7.316508736693562165e-01 -5.392159068961780433e-01 4.170529999999999515e-01
5.059687087890187007e-02 -2.721383055144273033e-01 9.609269999999999756e-01
-1.433498087032350141e-02 6.359331513629772337e-01 7.716110000000000468e-01
4.638469085501242262e-01 -6.759418667344794240e-01 5.726679999999999549e-01
8.927898331625917783e-02 9.734848180829607234e-01 2.106100000000000194e-01
5.162092584058032285e-01 -3.301301652576917739e-02 8.558259999999999756e-01
5.016453848258221049e-01 6.007374608420493756e-01 6.224680000000000213e-01
9.872354306636783594e-01 1.197170522244081492e-01 1.050429999999999281e-01
-7.776471123328572155e-01 -4.010830579373410032e-01 4.841460000000000208e-01
-2.122680528476597883e-01 -7.452181855344535144e-01 6.321329999999999449e-01
2.953527138012681519e-01 -4.936565216435676584e-01 8.179669999999999996e-01
-5.983106724977954594e-01 7.989405626773720126e-01 -6.097800000000002524e-02
3.920577787766481026e-01 -1.747269014082288574e-01 9.031949999999999701e-01
-1.974349420062206928e-01 -9.700095411913623594e-03 9.802680000000000282e-01
-7.894304942274338321e-02 7.730424839676266480e-01 6.294229999999999547e-01
7.300818643737800873e-01 -6.735288748795448255e-01 1.154959999999999876e-01
3.182861490387869918e-01 5.277019050466340289e-03 9.479800000000000448e-01
-9.904411521777332084e-01 -1.043150160276283822e-01 9.024800000000002265e-02
7.224221334911247183e-01 6.317941167446334827e-01 2.809670000000000223e-01
2.560820617677482813e-01 8.118421958187312937e-01 5.247230000000000505e-01
-2.781129096441932180e-01 9.576086888835338984e-01 7.509199999999995045e-02
-7.279454591638736538e-01 8.532593660603504659e-02 6.803050000000000486e-01
3.550198849650152561e-02 -9.375086962246239608e-01 -3.461460000000000092e-01
-6.474607321361212087e-01 -4.461278154304639254e-01 6.178709999999999480e-01
-3.711955856304531842e-01 -6.245693027867003089e-01 6.871150000000000313e-01
-9.028562683256767807e-01 -3.993121186741436235e-01 1.593749999999999334e-01
-4.476907958548269062e-01 2.214968989983193692e-01 8.663210000000000077e-01
-9.599343076198674218e-01 -2.781840891466760279e-01 3.376000000000006773e-02
2.213539317173708054e-01 9.676497015021817694e-01 -1.210640000000000327e-01
3.588745229424882832e-01 5.295992959953793600e-01 7.685920000000000529e-01
-1.130974278976912550e-01 3.236303629187572417e-01 9.394000000000000128e-01
-9.905996300735324389e-02 9.843556324052714634e-01 1.457089999999999774e-01
3.881997856495720406e-02 9.800764588358482632e-01 -1.947900000000000464e-01
5.002599739916212263e-02 8.579879553934419700e-01 5.112280000000001268e-01
-3.987401111911314522e-01 3.933491232078756283e-02 9.162200000000000344e-01
-1.569660416455464780e-01 5.015191330608719245e-01 8.507879999999999887e-01
-4.003310965707248537e-01 -8.997392170415164925e-01 1.737939999999999763e-01
3.160700789459601479e-02 9.995002496487687127e-01 -4.979999999999149603e-04
-6.388259858721905271e-01 6.271129861312265685e-01 4.456799999999999651e-01
8.311025917369125882e-01 -5.342877375414738506e-01 -1.542889999999999817e-01
7.458351758306861479e-01 -3.870890912562757746e-01 5.421179999999999888e-01
3.163859405409051306e-01 6.838668714794180481e-01 6.574389999999999956e-01
2.576730530589253498e-01 -3.130410644600678527e-01 9.141169999999999574e-01
1.365122727437093897e-01 7.770644757256102431e-02 9.875859999999999639e-01
6.269990997531638133e-01 1.068098466421617682e-01 7.716629999999999878e-01
4.948574762163314086e-03 -6.239924748603352389e-02 9.980390000000000095e-01
6.331610491925769857e-01 -7.270030564835027187e-01 2.656569999999999765e-01
-5.371371622026394066e-01 -6.118121847527191459e-01 5.806630000000000402e-01
3.817553124999875647e-01 3.528082888043263532e-01 8.542769999999999531e-01
-6.815179108564159982e-01 -5.751149247740893200e-01 4.525219999999999243e-01
-2.230918831689934489e-01 -8.514665540954103884e-01 4.745889999999999276e-01
9.312898335605021005e-01 -2.246379598528536470e-01 2.867699999999999694e-01
-4.849174810976387140e-01 4.024003992305688060e-01 7.764849999999999808e-01
-2.503001759204770069e-02 -7.116245001567481632e-01 7.021140000000000159e-01
-8.653182267971165631e-01 -1.997850523630179120e-01 4.596850000000000658e-01
-3.932609651313142551e-01 -7.492639335661280819e-01 5.328690000000000371e-01
-3.121971835643180260e-01 7.956544678253917313e-01 -5.191020000000000634e-01
-6.064572937032327582e-01 -2.924091416118018150e-01 7.393960000000000532e-01
5.325648395537314617e-01 4.443198661393706894e-01 7.203850000000000531e-01
9.012098001427635285e-01 -3.980489117264864873e-01 1.713999999999999135e-01
9.260491406498601030e-01 -1.819620276366907263e-01 -3.306399999999999895e-01
7.967090288495030093e-01 3.121740113040831210e-01 5.174959999999999560e-01
8.828600038194747146e-01 3.150610013630331663e-01 3.482739999999999170e-01
6.907688029465358648e-01 -6.045498275419543266e-02 7.205439999999999623e-01
-3.883288706036818749e-01 -9.212866930150834799e-01 -2.077299999999990265e-02
1.443410667521514146e-01 -9.870384564670471317e-01 7.014800000000008529e-02
-2.040438597359606754e-01 6.567345485468627508e-01 7.259929999999999994e-01
-7.488824202432171617e-01 -2.533291421583024894e-01 6.123720000000000274e-01
-5.726361009327037843e-01 4.958100873913685869e-02 8.183089999999999531e-01
-4.795900233186569661e-01 8.529970414744767471e-01 -2.058869999999999867e-01
-4.427636617280202302e-01 -3.136807603475150752e-01 8.399790000000000312e-01
9.237152634980634325e-01 -3.808591086434765516e-01 -4.118799999999992606e-02
-8.548953759449477996e-01 1.204680529764893676e-01 5.046200000000000685e-01
-4.018790908695283881e-01 -8.418291903473539284e-01 3.603010000000000379e-01
-4.881948898914205692e-01 -8.540388073781564060e-01 -1.796760000000000856e-01
1.895394314093414856e-01 -1.341768895787329441e-01 9.726620000000000266e-01
1.748289639670944084e-01 5.931358777524694537e-01 7.858910000000000062e-01
3.094069217508510494e-01 -8.903857748210394218e-01 3.338869999999999338e-01
6.823441905360423387e-01 2.973440830295994153e-01 6.678269999999999484e-01
-5.169215999340764922e-01 -1.324498974918235095e-01 8.457240000000000313e-01
5.416902630828223097e-01 2.704976320141506130e-01 7.958659999999999624e-01
-3.075263049022852746e-01 -4.760354719736195617e-01 8.239039999999999697e-01
3.054341268768593354e-01 9.263253847941179675e-01 2.205249999999999710e-01
-7.228610487853985855e-01 4.627490312306160591e-01 5.131620000000000070e-01
8.479410346073789073e-01 -3.871550158011227705e-01 3.620870000000000477e-01
-7.831099664143618133e-01 -6.157979735899566931e-01 -8.678500000000000103e-02
1.466958817606286436e-01 -6.197215004939490290e-01 7.709899999999999531e-01
8.512757087560183233e-01 -2.227109238046903472e-01 4.751099999999999768e-01
-6.952872085375364497e-01 6.686512005485970578e-01 2.635930000000000772e-01
6.482218895321166796e-01 7.495278722678778704e-01 1.342249999999999832e-01
5.802523062575227764e-01 -8.026984236647198845e-01 -1.377769999999999828e-01
-6.781397172230194670e-01 -1.026571085735572680e-01 7.277280000000000415e-01
-9.755567006269088015e-01 3.415698951810449552e-02 2.170770000000000477e-01
1.797920209942811542e-01 9.096391062183902809e-01 3.744750000000000023e-01
8.801745952159750752e-01 3.383168444112625850e-01 -3.329180000000000472e-01
9.978105476840344323e-01 -6.613597002000508318e-02 3.799999999999033643e-04
-2.828232328768252035e-01 7.686076328720011785e-01 5.738060000000000382e-01
7.710148396435617668e-02 2.795821287734502336e-01 9.570210000000000106e-01
2.618883318876161215e-01 2.183684429127105697e-01 9.400690000000000435e-01
4.357075232871279180e-01 1.419411704721251222e-01 8.888260000000000050e-01
-3.033002121060058287e-01 3.527362466779561112e-01 8.852039999999999909e-01
-7.594767465794640682e-01 2.603619131230074935e-01 5.961600000000000232e-01
4.609513453066596544e-01 -5.239463924973437603e-01 7.162429999999999630e-01
-2.557230924922399562e-01 1.749673790773734749e-01 9.507849999999999913e-01
-7.261873781196771516e-01 6.833183557981368228e-01 7.568300000000008354e-02
-9.494919026424326614e-01 -1.832909812059862198e-01 2.546949999999999492e-01
8.227887641182759504e-01 -5.140304773765750485e-02 5.660180000000000211e-01
-9.381836489839445736e-01 -3.048778859316799705e-01 -1.638929999999998999e-01
1.477600593601038625e-01 -7.678293084624333575e-01 6.233819999999999917e-01
-4.765430491367690369e-01 7.203840742794297425e-01 5.039379999999999971e-01
-4.908161797772576107e-01 -4.728671732028548180e-01 7.317759999999999820e-01
-2.635455299252647543e-01 -3.165294354201698135e-01 9.112369999999999637e-01
-4.461651285102716247e-01 8.949352577708695744e-01 5.250000000000079256e-03
-6.936352327264266870e-01 -6.697702247193105807e-01 2.651000000000000578e-01
5.733785508358149041e-01 -2.069858378547208555e-01 7.927130000000000010e-01
9.470721881909609507e-01 1.319390262173596173e-01 2.926540000000000252e-01
6.107785269047631971e-01 -5.314214584452225942e-01 5.869760000000000533e-01
-3.580990456784928222e-01 8.435621076033185117e-01 4.002099999999998992e-01
-2.259299957587869723e-01 -9.260009826168839053e-01 3.024530000000001384e-01
-5.564336860450480593e-01 5.541686873230216026e-01 6.190949999999999509e-01
-1.609969393234345625e-01 8.688296725552634436e-01 4.682040000000000646e-01
-5.588228487892940022e-01 -7.992667837280729159e-01 2.211099999999999732e-01
-6.116124661356161507e-01 2.266611727480247196e-01 7.579939999999999456e-01
-3.409251562153147175e-01 5.157602363264963685e-01 7.859779999999999545e-01
-9.685439689449381051e-01 2.128249931760524127e-01 1.289499999999999813e-01
-1.916252639832518867e-01 -6.067988359269891330e-01 7.714109999999999578e-01
4.401024726028335832e-01 -3.540943802432794940e-01 8.251829999999999998e-01
8.727249090769875206e-01 1.331199861311737342e-01 4.697130000000000472e-01
-5.816427989135128374e-02 1.338073433848847860e-01 9.892990000000000395e-01
8.987413426182576659e-01 -3.654931393333283318e-01 -2.422369999999999801e-01
6.027051146942592474e-01 -6.673631269986227688e-01 4.374619999999999620e-01
-4.128770335534457381e-01 8.865620720485998252e-01 2.086629999999999596e-01
1.412480683638910606e-01 -8.796174257337502356e-01 4.542270000000000474e-01
2.734604196775171012e-02 4.691387199834373134e-01 8.827009999999999579e-01
-5.555758572606787071e-01 -7.237148140621842973e-01 4.093559999999999977e-01
1.396149899667365191e-01 -9.535609314734890818e-01 2.668879999999999586e-01
-5.506221181061966563e-01 -8.344071789769342828e-01 2.408200000000002006e-02
