-4.545126046938145481e-01 3.609996860254096052e-01 8.143080000000000318e-01
-7.524917042402905487e-01 3.412598658710529198e-02 6.577169999999999961e-01
-3.089591133275670920e-01 -9.240843389582162892e-01 2.249720000000000053e-01
4.180231857254097516e-01 -5.120942275206580296e-01 7.503440000000000110e-01
5.783849286497177999e-01 7.758009042962380475e-01 2.521979999999999777e-01
4.603529737238956088e-01 7.916419548145273710e-01 4.017189999999999928e-01
2.382529168686058074e-01 9.334106743136169060e-01 2.682910000000000572e-01
8.276631156082857599e-01 -5.226690730066065882e-01 2.044280000000000819e-01
8.201878339545586316e-01 3.666499257724312733e-01 4.391579999999999928e-01
3.210606512492975018e-01 -2.401454871184904027e-01 9.161059999999999759e-01
-9.093098211092924821e-01 3.256019359435483596e-01 2.591120000000000090e-01
-6.025651477413441759e-01 7.825781918782632740e-01 -1.564820000000001210e-01
7.206698989905029329e-01 9.099298724637189251e-02 6.872810000000000308e-01
-4.346877197880609223e-01 6.784595626458707340e-02 8.980219999999999869e-01
1.250221684856437088e-01 2.351574359831030692e-01 9.638830000000000453e-01
4.484169524810454055e-01 -8.758249071884242065e-01 1.784740000000000493e-01
-2.731348906236534813e-01 6.007687594232949957e-01 7.513149999999999551e-01
8.957797144866652683e-01 4.305538627688625386e-01 1.104630000000001167e-01
-8.224480517352857900e-01 5.688330357818826011e-01 2.860000000000063013e-03
4.162347714680814104e-01 9.064235023320578177e-01 -7.172900000000001497e-02
-2.210759905742233911e-01 -9.733799584990568965e-01 6.047199999999993553e-02
9.584872384841141013e-01 -2.467290613894053408e-01 1.429230000000000222e-01
4.348579114965263059e-01 1.097749776582957471e-01 8.937829999999999941e-01
-3.853351862907053449e-01 7.847253793763186991e-01 4.855130000000000279e-01
-8.320182856630058410e-01 3.554821220503120438e-01 4.258849999999999580e-01
3.556753007409607092e-01 -6.721795683608862149e-01 6.493609999999999660e-01
-7.376696199695209621e-01 6.629056584862000889e-01 -1.280609999999998971e-01
6.556107287384660420e-02 3.920723963288075958e-02 9.970780000000000198e-01
-6.117822639169089305e-01 3.581501545024882299e-02 7.902150000000000007e-01
9.955914171461185402e-01 5.414802268765792070e-02 7.658800000000003105e-02
2.359276743351113870e-01 5.793742002556081516e-01 7.801690000000000014e-01
-4.656122300007931036e-01 7.289553600857109350e-01 -5.018259999999999943e-01
-3.709213345963889852e-01 -2.436342197747138616e-01 8.961360000000000436e-01
-4.412430506099243588e-01 8.809961010489477662e-01 1.707349999999999979e-01
-5.593980339280357761e-01 6.744700409072653668e-01 4.818339999999998735e-01
-7.320747568894840906e-01 -6.773157750740808059e-01 7.286900000000004485e-02
-4.225893304524467320e-01 6.628625183390238762e-01 6.180870000000000530e-01
-9.526566324413274778e-01 -1.911149262630983392e-01 2.364749999999999353e-01
8.423882386321793758e-01 -1.496380423895426193e-01 5.176779999999999715e-01
-6.757731270363920295e-01 -6.162721158509902875e-01 4.044000000000000372e-01
-2.374180201435309168e-01 -8.079370685487365922e-01 5.393239999999999146e-01
-9.303801934738234469e-02 6.565221365246690644e-01 7.485469999999999624e-01
6.505089737993943189e-01 2.853379885074173727e-01 7.038609999999999589e-01
-4.982835977782053005e-01 -1.055199148227842082e-01 8.605690000000000284e-01
-2.097660239231873280e-01 8.526920972469820281e-01 4.784500000000000974e-01
-1.832156330088291207e-01 -2.020506980838574218e-01 9.620849999999999680e-01
5.299747954501659031e-01 -5.795827763033981617e-01 6.190400000000000347e-01
-8.482518716016141935e-01 -5.263789203229539693e-01 5.825800000000007361e-02
-7.951027816021705164e-01 -5.968788360500739687e-01 -1.074580000000000396e-01
3.787632394638422717e-01 -8.542155400569905188e-01 3.561660000000000381e-01
-7.969983185725478814e-01 -3.111021243523280355e-01 5.176959999999999340e-01
-8.388109263262295834e-02 -4.982055501846175405e-01 8.629919999999999813e-01
2.852751471022609842e-01 -4.180102155471601133e-01 8.624880000000000324e-01
-8.839664505006240569e-01 -3.069748091754885277e-01 3.526609999999999467e-01
8.890221914582653318e-01 -3.661670788571021462e-01 2.748840000000001282e-01
1.918761021700760017e-01 -1.037671368595021182e-01 9.759179999999999522e-01
1.999180282429242617e-01 -9.095291284914747143e-01 3.644029999999999214e-01
-2.708851285980864443e-01 -5.364102546516036352e-01 7.993029999999999857e-01
6.218591618429553103e-01 -2.299700598512274263e-01 7.486019999999999897e-01
-5.610272947237969765e-01 -4.524592376898694535e-01 6.932019999999999849e-01
-6.270199265362902397e-02 7.869949077930963321e-01 6.137650000000000050e-01
-2.774099401659854691e-01 9.410707970222561558e-01 -1.934670000000000001e-01
9.927454040938042956e-01 -1.201160488928490061e-01 5.356999999999965088e-03
-7.067799955534850853e-02 -8.591289945950224549e-01 5.068549999999999445e-01
1.321050339371387106e-01 9.848462530021970807e-01 1.123660000000000353e-01
-9.818164985491897312e-01 -1.801429079942053479e-01 5.987400000000009381e-02
5.400689400461408107e-01 4.411649510256202000e-01 7.167280000000000317e-01
8.271121428533422248e-01 4.887890844204197949e-01 2.774360000000000714e-01
-3.691300589015222289e-01 -8.406401341396678717e-01 3.963169999999998638e-01
6.122105456790876560e-02 -6.264185583430563753e-01 7.770789999999999642e-01
9.204820839898132379e-01 -1.255600114567812994e-02 3.905830000000000135e-01
6.666972411478417904e-01 7.397182675599248691e-01 9.127800000000002578e-02
9.747841973554476347e-01 -7.290301475999215464e-02 2.109049999999999814e-01
-1.079690329598209930e-01 -9.716522966173244402e-01 2.103200000000001180e-01
-4.460997081185306135e-01 5.210986590469809387e-01 7.276340000000000030e-01
3.613015131215261411e-01 4.405634063107097820e-01 8.218060000000000365e-01
5.062331055339082120e-01 8.574991787619945516e-01 9.177799999999990133e-02
7.744267834972263786e-01 -5.012008598816846128e-01 3.860839999999999828e-01
8.877220609359056658e-01 1.802960123760592448e-01 4.236069999999999558e-01
-2.670389456351983659e-01 -6.929328589300999264e-01 6.697269999999999612e-01
4.433168207409807215e-01 6.992977172328744828e-01 5.607609999999999539e-01
-2.401356202697855213e-01 1.126408218793055055e-01 9.641819999999999835e-01
2.740819952119433744e-01 7.154749875010587568e-01 6.426309999999999523e-01
7.598470131696539731e-01 -6.266490108610686116e-01 -1.730420000000000569e-01
-5.803824181508723118e-02 1.783277429987087659e-01 9.822579999999999645e-01
4.123213316737639467e-01 5.812084675275936974e-01 7.015609999999999902e-01
-1.505599372022118076e-01 9.394706081515622476e-01 3.077770000000000228e-01
-6.050188057313534706e-01 7.733797516714584486e-01 1.893040000000000000e-01
1.219199554611184559e-02 -9.334416590021058502e-01 3.585219999999999518e-01
3.690869258094209848e-01 -4.908099013417484280e-02 9.280979999999999785e-01
-6.899284081894964116e-01 2.070188224222801743e-01 6.936440000000000383e-01
-9.162101395666488735e-02 9.762421487113496221e-01 -1.963589999999998947e-01
7.842784356501857346e-01 2.341668314986083133e-01 5.745200000000000307e-01
2.465875180577266623e-01 9.157744963761763057e-02 9.647839999999999749e-01
1.683002084613279773e-03 3.716784603713043644e-01 9.283599999999999630e-01
8.800038292853867850e-01 -4.562279114949630010e-01 -1.320959999999999634e-01
4.046659795019122985e-01 8.774039555556824022e-01 2.576970000000000649e-01
-9.072000403517000988e-01 1.736300077229559757e-01 3.831979999999999831e-01
5.814629594745512886e-01 5.678099604261063194e-01 5.826599999999999557e-01
2.417850023036043627e-01 -5.833360055577282433e-01 7.754090000000000149e-01
4.882318029717289676e-01 -1.582622602864459105e-01 8.582440000000000069e-01
-8.811639435695697298e-01 -4.202739730853247702e-01 2.166099999999999970e-01
-5.906781825766667104e-01 5.357501655985988931e-01 6.033830000000000027e-01
-1.805099499767874593e-01 9.832077275318668041e-01 -2.680900000000002031e-02
-8.107754131723285962e-01 2.023178535652252197e-01 5.492820000000000480e-01
8.996391443693040058e-02 6.904303433440514004e-01 7.177829999999999488e-01
9.547169458368717221e-01 -2.907699835039987413e-01 -6.299499999999991218e-02
1.029011834116465018e-01 -4.685418351315949748e-01 8.774279999999999857e-01
-3.253099049895634143e-01 -9.410507251554939279e-01 -9.272000000000009401e-02
7.224899791974104257e-02 -9.891009715209024833e-01 -1.282940000000000746e-01
-4.120121160984265840e-01 -4.150761169618129576e-01 8.111460000000000337e-01
1.431911582032762142e-01 -2.945833254673527191e-01 9.448370000000000379e-01
9.612725753322122202e-01 2.507068892435477814e-01 1.144599999999999507e-01
-4.862421791936853976e-01 -8.397923094866825977e-01 2.414900000000000102e-01
3.026711690667224786e-01 8.265614617025059951e-01 4.745380000000000709e-01
-6.007125857518633705e-01 3.753557411567193802e-01 7.058699999999999974e-01
8.253934472962595192e-01 -3.334841807213603793e-01 4.555370000000000807e-01
8.094845256688577573e-01 -5.019917058494736128e-01 -3.045309999999999961e-01
9.078368037433677262e-01 -4.133039106517456540e-01 7.079700000000002658e-02
3.686698026994623956e-02 9.600734861987260116e-01 2.773080000000000545e-01
1.869887994125765118e-01 4.123915576175671283e-01 8.916100000000000136e-01
7.148138089778965920e-01 6.451478275949716901e-01 2.698620000000000463e-01
-5.439410966085685972e-01 7.687561365376329725e-01 -3.363659999999998873e-01
6.252256325881321297e-01 -6.240756332639256776e-01 4.686390000000000833e-01
-7.916109506244912719e-01 -4.698039706967037099e-01 3.906870000000000620e-01
-7.893285371574700893e-01 -1.399459179392108510e-01 5.978090000000000348e-01
-5.429832567469686788e-01 2.014220952414494947e-01 8.152289999999999814e-01
1.684420371412232165e-01 -7.314141612757540933e-01 6.608030000000000292e-01
9.178911878540644276e-01 -1.969360403045982977e-01 3.445170000000000732e-01
-5.356579427227364798e-01 -7.417499206855674432e-01 4.035809999999999675e-01
-3.140929251373271169e-01 -6.710098400677433350e-02 9.470180000000000264e-01
-1.913168898664373840e-01 -9.093144765436396160e-01 3.695200000000000151e-01
-9.674362459675325265e-01 1.562050397146257374e-01 1.991660000000000652e-01
1.227930517777557490e-01 8.078613406483227122e-01 5.764390000000000347e-01
-1.190801679849975148e-01 -2.030485812963761863e-02 9.926770000000000316e-01
-1.218112376684929860e-01 5.009229773614600756e-01 8.568769999999999998e-01
-4.317613762521241294e-02 -3.344610661045148703e-01 9.414200000000000346e-01
-3.637599780834639418e-01 9.314259438815936099e-01 -1.115300000000008646e-02
1.120089737279564152e-01 -8.454188017044630410e-01 5.222269999999998857e-01
-9.343988484183528564e-01 -3.505839431269722195e-01 6.316399999999999793e-02
-2.333795202446344863e-01 -3.753902283149951336e-01 8.970040000000000235e-01
-8.900183808231804106e-01 -1.426250610267501828e-01 4.330419999999999825e-01
3.120010562061503734e-01 2.658290478883873487e-01 9.121350000000000291e-01
-5.856791589827731181e-01 -8.069062190349208796e-01 7.669600000000009743e-02
2.927548839300746497e-01 -8.032306815393001065e-01 5.187629999999998631e-01
5.823317397657946648e-01 1.430079360921721054e-01 8.002740000000000409e-01
6.027959327176330984e-01 6.740529247641305899e-01 4.269540000000000557e-01
-5.055628365694432302e-01 7.925667437912459201e-01 3.409459999999999713e-01
-6.894313370925060358e-01 -4.702642299323214203e-01 5.509410000000000140e-01
-1.200100507820959644e-01 -6.455662731705233970e-01 7.542159999999999975e-01
-2.626760176392397561e-01 9.529060639896200779e-01 1.515629999999999200e-01
-6.443665645269659459e-01 -7.252315098771670021e-01 2.425509999999999611e-01
5.982262402304995286e-01 -3.346895749318334196e-02 8.006280000000000063e-01
7.363117696774726939e-01 -9.650596981238140915e-02 6.697250000000000147e-01
-6.711546197212064913e-01 6.625606245905973912e-01 3.325130000000000585e-01
6.927000192396814970e-01 -6.540660181666255735e-01 3.039150000000001017e-01
-6.818282679208496067e-01 -3.057681201499826695e-01 6.645419999999999661e-01
7.356964969405744847e-01 -2.873001940625299344e-01 6.133589999999999876e-01
-3.524176079054505140e-01 2.404484147633337843e-01 9.044259999999999522e-01
5.890274961141591659e-01 -4.116246478741091841e-01 6.954219999999999846e-01
6.933170753150118548e-01 -4.642600504325546384e-01 5.511570000000000080e-01
7.252381414801103432e-01 5.336171040985056013e-01 4.350660000000000638e-01
1.499009439618020079e-01 8.965456648399794393e-01 4.168160000000000198e-01
-3.242702318503337677e-02 -7.599125433307158950e-01 6.492160000000000153e-01
-7.263882836647067576e-01 3.762571469336383756e-01 5.751439999999999886e-01
4.797931645693614966e-01 2.971704825576012010e-01 8.255230000000000068e-01
6.975961630604410324e-01 4.169860974689090227e-01 5.826510000000000300e-01
-4.246220671263971624e-01 -5.828170921346640387e-01 6.928349999999999786e-01
2.037799821351874915e-02 9.989639124236719958e-01 -4.069199999999993655e-02
8.343203401325210988e-01 3.950001610321529633e-02 5.498629999999999907e-01
4.622407961367340223e-01 -3.414828493949267907e-01 8.183660000000000379e-01
-9.480800213238037566e-01 -6.067000136456167890e-03 3.179740000000000344e-01
9.846901424616059245e-03 -1.558224400923499953e-01 9.877359999999999474e-01
9.070774589464448701e-01 3.137271587339236500e-01 2.806879999999999376e-01
-1.776139899522269638e-01 3.125389823194064665e-01 9.331519999999999815e-01
-6.829979535544877800e-01 7.296959503789106627e-01 3.252100000000000130e-02
5.772399078464947320e-02 5.433999132488831485e-01 8.374869999999999814e-01
-3.320718017110287357e-01 8.850624715054814518e-01 3.261789999999999412e-01
-5.404993121459663596e-01 -2.788311610289232467e-01 7.937969999999999748e-01
-3.097600292351519735e-02 8.895030839513050624e-01 4.558780000000000610e-01
-8.645232334766136395e-01 2.715000733223981236e-02 5.018589999999999440e-01
-5.319359126407602334e-01 8.467328609420100571e-01 9.361999999999979713e-03
-2.441798216834826785e-01 7.389094603986489096e-01 6.280040000000000067e-01
-7.126433243470891021e-01 5.288942407169219262e-01 4.608800000000000674e-01
-2.926747326613329814e-01 4.386175993523485084e-01 8.496799999999999908e-01
9.590193005121561143e-01 1.203690377180720444e-01 2.565020000000000633e-01
-7.765859715119882711e-01 -5.843599785635403832e-01 2.354520000000000779e-01
-6.600433831480981839e-01 -1.336230775667620885e-01 7.392480000000000162e-01
9.910335425544994914e-01 1.353499375245970603e-02 -1.329259999999998776e-01
-5.625948135639096126e-01 -6.083757983927283730e-01 5.597910000000000386e-01
-4.149467760947916917e-01 -7.250166087811635851e-01 5.496999999999999664e-01
