3.075331583564882010e-01 3.227941662147615354e-01 8.951130000000000475e-01
8.851692623814755301e-01 1.308990388010343175e-01 4.464759999999998730e-01
-2.335301903299499271e-01 4.179113406028334143e-01 8.779599999999999627e-01
-5.290062082186827164e-01 -8.424983316102718778e-01 -1.017300000000000149e-01
6.400940059480678679e-01 3.949750036703016387e-01 6.589949999999999974e-01
-1.326199859302195916e-01 9.897848949927798845e-01 5.232399999999998164e-02
4.858898337626521569e-02 9.720466674339565127e-01 2.297050000000001035e-01
2.878393349897926876e-02 -3.202342601461098948e-01 9.469009999999999927e-01
9.132819084370722429e-01 -1.056579894070442532e-01 3.933859999999999579e-01
-4.493301053099565262e-02 8.913522089071308496e-01 4.510790000000000077e-01
1.952440749375289608e-01 -9.152893513014278559e-01 3.523139999999999050e-01
-5.397583793832767540e-01 -3.430002410866768697e-03 8.418130000000000335e-01
-6.310901019479467911e-01 -2.491660402509341676e-01 7.346030000000000060e-01
8.002030270092995723e-01 2.413480081462333893e-01 -5.490229999999999277e-01
-8.074078575769122468e-01 -4.412949221575752645e-01 3.916010000000000879e-01
-7.353708090121432450e-01 -6.752888246164200359e-01 -5.669900000000009654e-02
-8.813651994139802826e-01 -3.309000748680403139e-03 4.724240000000000661e-01
-4.264147119887546356e-01 -2.390273991063522896e-01 8.723739999999999828e-01
7.333993537764998960e-01 6.600994183636045391e-03 -6.797659999999998703e-01
-3.042949925939785749e-01 6.215799848718028819e-01 7.218329999999999469e-01
6.519751078812853207e-01 -5.154060852834261297e-01 5.561340000000000172e-01
-2.362499803701305356e-02 9.823279183789653812e-01 -1.856710000000000305e-01
-8.850709083678743871e-01 -4.611999522515864425e-01 -6.280200000000002447e-02
-9.295651490146593643e-01 3.430760549970720552e-01 1.349350000000001104e-01
4.683548953509690804e-01 -4.726908943821351294e-01 7.464629999999999876e-01
7.997465527488010206e-01 3.676027944213826615e-01 4.746299999999999963e-01
-2.336829984224252643e-01 9.302769937197763461e-01 2.828019999999999978e-01
6.025082983719587393e-01 -3.271096190769787887e-02 7.974419999999999842e-01
9.295178929642596843e-01 -1.842069787882185949e-01 -3.194750000000001200e-01
-6.748519546166001915e-01 4.576819692211548385e-01 5.788799999999999502e-01
-4.443960340464531145e-01 -8.244560631639407111e-01 3.504059999999999953e-01
-4.484006084064005165e-02 5.785787850369279450e-01 8.143930000000000335e-01
-8.006862288990724830e-01 2.327230665305484725e-01 5.520340000000000247e-01
-7.828990301124352236e-01 -5.960420229254044244e-01 1.783339999999999370e-01
-6.516808986654379909e-01 -4.734889263737928622e-01 5.925540000000000251e-01
3.059630068998692720e-01 -9.431330212688932013e-01 1.299490000000000645e-01
8.815050709938991869e-01 -4.664580375671972812e-01 7.325100000000009381e-02
4.077220314333783180e-01 -9.077840699857203655e-01 -9.844199999999997397e-02
1.502571125931255192e-01 7.492665614527160844e-01 6.449979999999999603e-01
8.076345990620059645e-01 -3.214338404290265072e-01 4.943750000000000089e-01
4.401500434765330816e-01 8.130810803134002063e-01 3.810079999999999578e-01
9.815463068472787267e-01 2.728500852973574434e-02 1.892680000000000196e-01
-8.261156304300164566e-01 4.269448090025411147e-01 3.677650000000000641e-01
2.073720194813081230e-01 8.773200824187510349e-01 4.327889999999998683e-01
-3.043500227728542784e-01 8.061480603196679029e-01 5.074410000000001419e-01
9.814973834655269513e-01 1.914700748062851121e-01 -1.448000000000027607e-03
-6.293995022643651405e-01 2.312718171078554374e-01 7.418690000000000007e-01
2.560243513468520304e-01 -4.007675499805636865e-01 8.796800000000000175e-01
-6.444627921345886801e-01 -6.568987881234749082e-01 3.913459999999999162e-01
7.355253905505620970e-01 1.566550831809908617e-01 6.591369999999999729e-01
-9.131389900135230553e-01 -3.735369959148400754e-01 1.632399999999999407e-01
-9.868760995208682996e-01 1.596160160963718266e-01 -2.446000000000004074e-02
-9.291185145313617388e-01 -1.892939010930779486e-01 3.176580000000000514e-01
9.282789243907837440e-01 2.819509770348202493e-01 2.424909999999999566e-01
1.174001281108630855e-02 -5.516486019770153737e-01 8.339940000000000131e-01
-2.842300735083002836e-02 -8.887722298565220447e-01 4.574670000000001235e-01
3.909727723594451643e-01 6.975775938414087163e-01 6.004380000000000273e-01
9.868283998698025306e-01 7.070002864814844230e-04 -1.617689999999999961e-01
-5.400059262512563185e-01 8.318108863993801672e-01 -1.283909999999999219e-01
-4.833796617533025475e-01 8.106704327303807522e-01 3.303900000000000725e-01
4.447087011786065025e-01 -2.238213529023468928e-01 8.672590000000000021e-01
-1.323839337994094090e-01 1.988669005535952383e-01 9.710440000000000182e-01
-1.135499753243398267e-02 -7.427108386007560403e-01 6.695160000000000000e-01
2.438789875016709463e-01 -6.192939682623752606e-01 7.463229999999999587e-01
-2.435029202072996057e-01 -6.460147883094607968e-01 7.234439999999999760e-01
4.402441431572214348e-01 4.977721618640036927e-01 7.472670000000000146e-01
8.004260080482824558e-01 -5.068350050962253661e-01 3.200570000000000359e-01
3.073521229309439939e-01 9.332343732636736444e-01 1.860330000000001149e-01
9.292600254987649633e-01 -2.857480078408853319e-01 2.341450000000000198e-01
6.313692069167055054e-01 -6.892332258803040013e-01 3.554300000000000237e-01
4.267309664316546458e-01 -8.270329349423189980e-01 3.659470000000000778e-01
2.556630414984346067e-01 8.103831315388848600e-01 -5.271770000000001177e-01
6.400004546543865969e-01 7.105565047771911225e-01 2.924189999999998735e-01
4.550527341882907306e-01 -6.770696045007196240e-01 5.783629999999999605e-01
5.291899540795274026e-01 2.259929803894530076e-01 8.178539999999999699e-01
-4.680158133788225872e-01 -6.680067336324979621e-01 5.785569999999999879e-01
1.499880277428810305e-01 9.886391828659234493e-01 -9.806000000000024766e-03
6.149058534049330893e-01 5.977198575021167581e-01 5.144140000000000379e-01
-3.838859238237468108e-01 -9.186088177162183843e-01 9.375200000000005751e-02
3.841460857744748991e-01 4.396400981655156776e-02 9.222249999999999615e-01
4.876790207630185559e-02 3.716852536731530821e-01 9.270770000000000399e-01
-2.332216614729450133e-02 -3.756487830671169370e-02 9.990219999999999656e-01
1.502416608919180940e-01 1.373286900375808584e-01 9.790649999999999631e-01
-5.072641607505858907e-01 6.530452069481895716e-01 5.623299999999999965e-01
-6.022658904230507870e-01 -7.838678573821801221e-01 1.510859999999999703e-01
-8.007898491284647369e-01 5.802958906702776476e-01 1.482980000000000964e-01
-4.832718226032888809e-01 4.471237610737045509e-01 7.526810000000000445e-01
-7.996998328697032532e-01 -5.242118904442826244e-01 -2.927149999999999475e-01
6.447445572826306925e-01 -2.891678014413508468e-01 7.075919999999999987e-01
-6.749063645270406697e-01 6.403223458476936525e-01 3.667269999999999142e-01
4.547104618760049455e-01 4.713854788137947227e-01 -7.556679999999998953e-01
2.074667122305974276e-01 5.584682253693816767e-01 8.031629999999999603e-01
-9.772392524526389568e-02 7.542114230596471680e-01 6.493189999999999795e-01
-7.336013877114118120e-01 6.710433546492288182e-01 -1.073770000000000835e-01
-3.056867042712490545e-01 1.164006489594634521e-02 9.520610000000000461e-01
7.831027438255755424e-01 -8.753497136490571984e-02 6.157010000000000538e-01
-6.295596825996361279e-01 7.678486128795476429e-01 1.185879999999999990e-01
-2.146200948061924574e-01 -9.348674129679463984e-01 2.827739999999999698e-01
2.214651117930868107e-01 -7.924514000205157283e-01 5.683080000000000354e-01
-4.075201437940162430e-01 2.322115121201019095e-01 8.831790000000000473e-01
-2.210963165875913794e-01 -4.442296360919650300e-01 8.682029999999999470e-01
-1.949090122791024837e-01 -2.123650133788157479e-01 9.575550000000000450e-01
2.149398685323979652e-01 -1.405832599539344752e-01 9.664559999999999818e-01
