-9.003018995166254257e-01 7.914499116656759092e-02 4.280099999999998905e-01
7.261830755741874865e-01 5.380200559919805503e-01 4.280099999999998905e-01
9.133888349532145456e-01 3.764769319716805840e-01 1.548739999999999561e-01
1.883079800233403989e-01 5.651479400462583458e-01 8.032110000000000083e-01
-1.034141700508825479e-01 3.540875822500517689e-01 9.294769999999999976e-01
3.333890023053763807e-01 -9.427530065191125352e-01 8.279000000000053677e-03
6.925232082285457391e-01 7.125452142487818108e-01 1.126539999999999347e-01
-6.849156690271751557e-01 5.884797156280668212e-02 7.262420000000000542e-01
6.119513809954753025e-01 2.944701833345114358e-02 7.903470000000000217e-01
-3.721414995750324528e-01 4.629006214130741009e-02 9.270209999999999839e-01
2.860241773697654311e-01 8.403285211058523219e-01 -4.604760000000000519e-01
-5.451258651640730202e-01 -2.953944688177503330e-01 7.845889999999999809e-01
9.743700895682168017e-01 -2.037170187265293642e-01 -9.540600000000010183e-02
6.816270638823727079e-01 -5.668020531209249091e-01 4.627309999999999479e-01
8.334667954074200802e-01 1.897889534121673105e-01 5.189540000000000264e-01
-1.703310518021687314e-01 6.685142033128144146e-01 7.239309999999999912e-01
-2.515299610917702267e-01 8.866338628499209618e-01 3.880890000000001283e-01
9.634398727633973480e-02 8.518408875017072779e-01 5.148639999999999883e-01
-2.692307450943230984e-01 -6.058514263843534087e-01 7.486380000000000257e-01
-4.646021540199745115e-01 3.827921268991825166e-01 7.985079999999999956e-01
9.729972349040328927e-01 1.741930420542285307e-01 -1.514369999999999328e-01
9.757284924327580544e-01 1.726999101626961299e-03 2.189769999999999772e-01
4.331221500477225872e-01 7.085252454563902846e-01 5.571329999999999893e-01
2.901635904937172050e-01 2.166664409242795297e-01 9.321270000000000389e-01
-2.878070981925973659e-01 -9.529243251139917215e-01 9.540600000000000469e-02
6.711016078172005184e-01 -7.300945733425009410e-01 1.287809999999999788e-01
3.743138404025687649e-01 -6.295407315806343940e-01 6.808579999999999632e-01
7.562498265900702288e-01 -3.985739086060306469e-01 -5.188690000000001357e-01
-8.320601557940806581e-01 -5.132600961022883990e-01 2.103330000000000199e-01
-5.807209319753258159e-01 7.825279083359959476e-01 2.245290000000000064e-01
3.945739082470278158e-01 8.858947939968186969e-01 2.439299999999999247e-01
5.749592243750102361e-01 -3.345165487342690036e-01 7.466730000000000311e-01
5.255697997243350544e-02 -7.930706977894071974e-01 6.068580000000000085e-01
4.881100678397518045e-02 -9.639481339738850130e-01 2.615749999999999464e-01
8.347802890918338825e-01 -1.917638366917867043e-01 5.161090000000000400e-01
5.523540579662256089e-01 3.924010411801216458e-01 7.354770000000000474e-01
3.930690599185397427e-01 -8.412441282373122053e-01 3.712210000000000787e-01
3.026476469506662603e-01 -1.874924007906052514e-01 9.344789999999999486e-01
-5.808678786295944363e-01 -7.824188365161940384e-01 2.245290000000000064e-01
8.315533111534335609e-01 -5.252241965301682747e-01 -1.807170000000000443e-01
-8.126710142202643317e-01 -2.759650048288856961e-01 5.132339999999999680e-01
9.865381750312160469e-02 -4.874370983040383631e-01 8.675669999999999771e-01
-5.963477790459533745e-01 -5.885887819207555882e-01 5.458319999999999839e-01
1.501499937604078641e-02 9.886239589170077169e-01 1.496569999999999567e-01
-5.066528016179188132e-01 6.579557423746020817e-01 5.571329999999999893e-01
8.914155280556742555e-01 -4.061507849705862649e-01 2.010470000000000035e-01
-2.006463214506161441e-01 -2.950244726515682814e-01 9.341850000000000431e-01
-0.000000000000000000e+00 -0.000000000000000000e+00 1.000000000000000000e+00
