9.573868048343153747e-01 -1.870709618651184847e-01 2.200340000000000074e-01
1.906178597113102335e-01 5.852445692785873677e-01 7.881329999999999725e-01
3.254919696874032931e-01 -8.445829213452131778e-01 -4.251290000000000346e-01
2.279598895575380216e-02 -6.784086713232144739e-01 7.343309999999999560e-01
-5.969774386958869306e-01 -2.587221901250422729e-01 7.593950000000000422e-01
-4.162500457256854691e-01 3.431030376903778656e-01 8.420309999999999739e-01
7.344479870272727640e-01 2.923069948369128590e-01 6.124889999999999501e-01
5.818806939378455834e-01 -3.625018093284656517e-01 7.280159999999999965e-01
9.288220907206813370e-01 3.544070346159377549e-01 -1.080979999999999025e-01
-8.616605670743922030e-01 3.227758378271780026e-01 3.916080000000000116e-01
5.257701141828361457e-01 7.611721653056998660e-01 -3.797139999999999405e-01
-3.427300104218731353e-02 9.911620301396548705e-01 -1.281530000000000447e-01
8.451126291704816329e-02 -5.617116872707528241e-02 9.948380000000000001e-01
6.304130535910014155e-01 -7.566620643233472610e-01 1.733259999999999523e-01
4.912391039294659589e-01 8.266261748859489167e-01 2.745419999999999527e-01
