5.578361439972830960e-01 7.899652039180221630e-01 2.545069999999999832e-01
5.698598900058816641e-01 -2.587624041345349402e-01 -7.799369999999999914e-01
-1.954990206597466418e-01 -8.807270930725816793e-01 4.313930000000000264e-01
9.321962095294588080e-01 -3.495240785624209590e-01 -9.403800000000005210e-02
5.495167701903135304e-01 -6.605067237739568053e-01 5.116270000000000540e-01
-1.503794430384919160e-02 -2.969809000695404766e-01 9.547649999999999748e-01
8.185897586101359424e-01 9.569997177951111711e-02 5.663500000000000201e-01
-8.336275053349015973e-01 -3.926817669870970029e-01 3.884149999999999547e-01
1.751568119428548176e-01 4.789824857403611746e-01 8.601720000000000477e-01
-2.997218995809452502e-01 9.123026943414065393e-01 2.790529999999999400e-01
