3.098777055749003528e-01 -6.029664271015720001e-01 7.351239999999999997e-01
6.616560702592044763e-01 5.953580632192249089e-01 4.558070000000001287e-01
4.313681644007024696e-01 -7.435522833786260000e-01 5.109320000000000528e-01
-1.941727385552924345e-01 1.835826982750225489e-01 9.636360000000000481e-01
-9.939090840860770326e-02 6.685273839340553081e-01 7.370160000000000045e-01
9.949288694553615198e-01 7.724298986494564090e-02 6.442099999999997828e-02
9.181826679274931458e-01 -3.961298567345701849e-01 -4.660999999999905670e-03
-3.278220273661534012e-01 -8.113550677308579706e-01 4.839789999999999370e-01
-8.771915821898819132e-01 -4.098108048053534791e-01 2.501800000000000690e-01
-8.740960586338278882e-01 -2.058850138106406436e-01 4.399630000000001040e-01
3.729099542656758026e-02 -6.166139243773981482e-01 7.863820000000000254e-01
-2.780090028682895009e-01 7.739230079847603250e-01 5.689939999999999998e-01
8.956510425171342327e-01 -3.432950162964364949e-01 -2.827680000000000748e-01
-1.799266992921027819e-01 -4.852231890561797267e-01 8.556780000000000497e-01
9.768190407296084565e-01 -1.812010075553872335e-01 1.139770000000000366e-01
-8.043040425862137965e-01 5.794390306800827339e-01 1.317020000000000968e-01
3.461209516431310029e-01 5.880089178487459822e-01 7.310579999999999856e-01
-8.576044103977622513e-01 -4.584122193684486146e-01 -2.331800000000000261e-01
5.489170619555188146e-01 -5.382750607543704824e-01 6.394919999999999494e-01
4.394370463312682329e-01 -8.924990940990645827e-01 -1.016880000000000006e-01
6.263829461725440861e-01 7.792259330381682281e-01 -2.124500000000003816e-02
4.652755213890113484e-01 -1.023648947011798205e-01 8.792269999999999808e-01
-3.666209485545585678e-01 5.726599196425010696e-01 7.332459999999999534e-01
9.393265737976291829e-01 -6.625396993846457971e-02 3.365650000000000586e-01
-4.119398537836410634e-02 -8.952196822454514535e-01 4.437169999999999170e-01
7.943672912002424091e-01 3.722551364617943670e-01 4.800070000000000725e-01
-8.181033998024843656e-01 -5.740762805478174524e-01 3.381200000000005035e-02
5.019660349298533664e-01 1.684230117198987353e-01 8.483300000000000285e-01
9.806163389779372075e-01 -1.286330444656715588e-01 -1.478009999999999879e-01
-1.465209525425598958e-01 9.875366801415635942e-01 5.747100000000004982e-02
4.487568235015413909e-01 7.229867156454581334e-01 5.252689999999999859e-01
7.499047381599953654e-01 -4.359758477727739279e-01 4.975620000000000043e-01
-5.049920330299751958e-01 -8.165060534051491459e-01 2.798230000000000439e-01
-9.429104303525153163e-01 -3.329441519586046616e-01 -8.253000000000048492e-03
-2.133321009815448144e-01 9.281944393642961311e-01 3.048679999999999723e-01
3.286801510963457962e-01 -9.360794303216385392e-01 1.253980000000000095e-01
1.504089464406550558e-01 7.383577370770975090e-01 6.574229999999999796e-01
-4.350440788877067977e-01 7.674001391547198569e-02 8.971329999999999583e-01
-1.288090138273057794e-01 -9.916091064466062699e-01 1.093700000000005085e-02
-4.165578134871127380e-01 3.373288489617154995e-01 8.442089999999999872e-01
-9.691636168185950861e-01 -1.427119435755095922e-01 2.008859999999999812e-01
8.215368572343466624e-01 -1.861189676564772577e-01 5.389220000000000121e-01
-1.608066326180942196e-01 4.407209931203973086e-01 8.831229999999999913e-01
-6.531917055973870956e-02 -2.707467069668398896e-01 9.604319999999999524e-01
1.572229851313091120e-01 -7.842079258368919170e-01 6.002490000000000325e-01
2.643438442581914627e-01 9.689194291478031573e-02 9.595489999999999853e-01
6.654084780385827180e-02 2.771423661036757080e-01 9.585219999999999851e-01
7.123826626146128049e-01 6.476386932774437222e-01 -2.703239999999999532e-01
-3.840694089698337699e-01 -3.207993415977695717e-01 8.657820000000000515e-01
8.845706559180973594e-01 -3.640128584056162020e-01 2.915979999999999683e-01
-0.000000000000000000e+00 0.000000000000000000e+00 1.000000000000000000e+00
-5.434567046179296090e-01 6.476526479848748741e-01 5.340420000000001277e-01
-6.399807864715146843e-01 7.264257576292992846e-01 2.504599999999999049e-01
-6.131089197216026410e-01 4.266739441327646043e-01 6.648659999999999570e-01
5.188427294172365256e-01 -8.171535738445204755e-01 2.511219999999999564e-01
6.320237977677648500e-01 -2.889389075465808587e-01 7.190689999999999582e-01
-2.372259290261315989e-01 -9.364167198404185211e-01 2.585489999999998623e-01
1.033491585997535628e-01 5.199247978772728596e-01 8.479370000000000518e-01
6.839575705220991564e-01 -2.664602222673626009e-02 7.290349999999999886e-01
-5.539002663226986201e-01 -6.576213161931748763e-01 5.106159999999999588e-01
-5.669486404705779137e-01 -1.280359188062611120e-01 8.137419999999999654e-01
6.838724433152707505e-01 2.458681593822220901e-01 6.869260000000000366e-01
4.051827367976706396e-01 -3.652537627351009064e-01 8.381030000000000424e-01
-6.367834599871240453e-01 1.693011222964183882e-01 7.522259999999999502e-01
5.627349139967549041e-01 4.664479287123748930e-01 6.824630000000000418e-01
-7.428425578984327871e-01 -4.678307215712898537e-01 4.788729999999998821e-01
9.342776597171907893e-01 2.084199240892506133e-01 2.892860000000000431e-01
-7.163461535909377842e-01 -2.572380551541094129e-01 6.485959999999999503e-01
9.145877193207917477e-01 -6.874197890367013397e-02 -3.985020000000000784e-01
-5.515615462202134722e-01 -4.466216325562024081e-01 7.044920000000000071e-01
2.135271646141072843e-01 -1.686379197803977437e-01 9.622720000000000162e-01
6.626947310858539719e-01 -6.463637377127893213e-01 3.782190000000000829e-01
3.345332931680400357e-01 3.616283169127468833e-01 8.702370000000000383e-01
-1.326308773344208325e-01 -7.481143080956960123e-01 6.501799999999999802e-01
-2.465909969849497119e-01 -8.636289894404706180e-01 -4.397019999999999262e-01
8.431594230557660774e-01 9.628504831108300466e-02 5.289719999999999978e-01
-3.319200507601634959e-02 8.613991317328069108e-01 5.068430000000000435e-01
-7.935792476419543107e-01 5.866801830776542381e-01 -1.613640000000000629e-01
-5.152569468974589340e-01 -8.134049161702363584e-01 -2.699679999999999858e-01
-7.134680410278413376e-01 -6.699940385278772004e-01 -2.051130000000000175e-01
-7.462932707799917464e-01 5.206201888983003068e-01 4.147299999999999320e-01
6.433620249649161238e-01 -7.650260296859464626e-01 2.864400000000004790e-02
5.256599533712234817e-02 -9.769059133433565245e-01 2.071030000000000093e-01
1.472169857703019835e-01 -4.158619598036187859e-01 8.974330000000000362e-01
4.361678835567465717e-01 -8.230907802603721901e-01 -3.637020000000000808e-01
-2.635657125820289326e-01 -1.046968858282201209e-01 9.589429999999999898e-01
-7.802419368568757063e-01 -1.020999917372889974e-03 6.254769999999999497e-01
5.009998732786723197e-02 9.642427561074791154e-01 2.602419999999999178e-01
-3.548318146880648505e-01 -6.144716790903995696e-01 7.046409999999999618e-01
-7.984042761667514698e-01 2.731580944849442694e-01 5.365959999999999619e-01
2.512228779074728302e-01 -8.917155666325933261e-01 3.764710000000000001e-01
3.083541112212735413e-01 9.321593362236620939e-01 1.897280000000000355e-01
-4.079770628046598957e-01 -9.119131403814084713e-01 4.437499999999991451e-02
