5.570480775363800818e-01 2.545570354321858852e-01 7.905050000000000132e-01
5.018278869187240421e-01 -8.567768069349730453e-01 1.187530000000000113e-01
3.661329930964025148e-01 -8.321809843088638914e-01 4.164390000000000591e-01
4.589019126800408244e-01 -3.423629348551037177e-01 8.198760000000000492e-01
8.767861915989838550e-01 -3.936040860120103013e-01 2.762640000000001206e-01
6.841790578706071768e-01 -4.187670354209944712e-01 5.971039999999999681e-01
-5.044111433346402107e-01 -6.220341767586738957e-01 5.988679999999999559e-01
7.634200088679944374e-01 5.885330068364823530e-01 2.661180000000000767e-01
3.785649289547864949e-01 9.252628263560885857e-01 2.402700000000003791e-02
-9.730975459049857612e-01 -5.408997475896470258e-03 2.303300000000000902e-01
3.620695575887483697e-02 5.391283412413735432e-01 8.414449999999999985e-01
-1.538975993859372227e-01 2.609613206861228774e-01 9.530030000000000445e-01
4.599078041110153392e-01 6.996467019987900882e-01 5.467899999999999983e-01
5.405037033619406461e-01 7.990895614454158746e-01 2.632710000000000328e-01
-8.931259298706673011e-01 2.643749792409554322e-01 3.639120000000000132e-01
-7.341969661229316158e-01 5.489489746705817907e-01 3.995119999999999227e-01
1.894451598563960670e-01 -2.364551995241053473e-01 9.529950000000000365e-01
8.257294851313458361e-02 -7.533085302881198375e-01 6.524630000000000152e-01
-9.453202769481340584e-02 9.145172679238523505e-01 3.933469999999998912e-01
4.043282291529960992e-01 -6.258863547210484768e-01 6.669220000000000148e-01
-8.938455874948777469e-01 -3.169448537315866510e-01 3.171530000000000737e-01
-6.299397298380672305e-01 7.562556756650113954e-01 1.767860000000000265e-01
-3.336180711556900325e-01 9.251401973184155691e-01 1.811480000000000867e-01
-4.456196577133730297e-01 7.708364079098861676e-01 4.552299999999999680e-01
2.933983915094580674e-01 -5.056116746858827504e-01 -8.113409999999998679e-01
-7.297674466357977341e-01 2.412501476510806320e-01 6.397169999999999801e-01
6.032302364124411675e-02 -9.182123598573360690e-01 3.914679999999999271e-01
-2.101011519747008061e-01 -5.975554322361261717e-01 7.738120000000000553e-01
-5.529930027314505780e-01 5.225080025808732653e-01 6.489869999999999806e-01
8.689610343467735198e-01 4.936840195134793996e-01 -3.439200000000010304e-02
6.394071239028730202e-01 -6.551561269546795074e-01 4.024040000000000949e-01
-4.810838914438232972e-01 2.252989491614809658e-01 8.472300000000000386e-01
1.268259776796796245e-01 -5.196559085448690940e-01 8.449100000000000499e-01
-6.259689026949163404e-01 -7.366498854898737014e-02 7.763609999999999678e-01
-4.793677950821371714e-01 -8.217206487347692434e-01 3.081909999999998817e-01
-1.819969698935274827e-01 -9.609328410396714704e-01 2.085310000000000497e-01
8.028576585244185937e-01 1.567381285606282426e-01 5.751979999999999871e-01
2.375770677099322270e-01 9.064352583358341597e-01 3.491879999999999984e-01
9.803971387002110571e-01 1.964120277870962938e-01 1.561300000000008861e-02
1.446550961401743274e-01 7.637675076125436391e-01 6.290740000000000220e-01
-7.247900841158733121e-01 -5.954350691035129595e-01 3.466069999999999429e-01
-8.441254981754688913e-01 -5.442596764428322964e-02 5.333760000000000723e-01
-1.865489031546616050e-01 7.436696139299981967e-01 6.419930000000000359e-01
8.455544904203475820e-01 -1.665048996545936966e-01 5.072610000000000730e-01
6.485319821633814819e-01 -8.219112447360342466e-02 7.567369999999999930e-01
-1.440606253749317223e-01 -3.193491695426552979e-01 9.366229999999999833e-01
-2.379299718879964720e-01 -8.149689037094466348e-01 5.284079999999999888e-01
7.546400748740290654e-01 -6.465280641473499790e-01 1.118920000000000747e-01
-3.338254975024702587e-01 -5.326107937535857345e-02 9.411289999999999933e-01
3.836612970198825523e-01 1.288400997444140959e-02 9.233839999999999826e-01
8.974795056197619747e-01 3.131721764341584002e-01 3.105700000000000127e-01
-1.967050301567191406e-01 9.742331493590454805e-01 -1.103489999999999888e-01
-4.548461320442110378e-01 -3.603331046065850751e-01 8.144169999999999465e-01
2.004713400979967752e-01 2.706884592207678408e-01 9.415620000000000100e-01
6.801488781492202040e-01 4.674629162525696380e-01 5.646910000000000540e-01
9.792580464911093685e-01 -2.016610095740281328e-01 1.966000000000009060e-02
3.642398621982178564e-01 5.095248072329973121e-01 7.795600000000000307e-01
-8.757795137504611471e-01 4.702882758808748509e-01 1.088079999999999048e-01
-6.649267732280546017e-01 -7.453817457890468123e-01 4.773300000000008786e-02
-7.136937158644497403e-01 -3.598198567486152188e-01 6.009750000000000369e-01
-0.000000000000000000e+00 -0.000000000000000000e+00 1.000000000000000000e+00
9.628482679014466195e-01 -1.057100294125987855e-02 2.698359999999999093e-01
3.909198898045231074e-02 9.941937197491002021e-01 1.002529999999999394e-01
