-4.498878830827874320e-01 -5.666878527287204648e-01 6.902650000000000174e-01
-5.560906967112354271e-02 -4.398335510557511707e-01 8.963560000000000416e-01
2.626300622079169589e-02 9.506382251730921551e-01 -3.091880000000000739e-01
8.795326855885946538e-01 2.275599186528994289e-01 -4.178980000000002137e-01
2.863626744472630992e-01 -1.268354128877689224e-01 9.496890000000000054e-01
-9.775331847721383527e-01 1.624730307104552129e-01 1.342809999999999560e-01
5.353343901295857243e-01 -2.303637375621095107e-01 8.126189999999999802e-01
9.021897196755868098e-02 -8.926937226261406622e-01 4.415409999999999613e-01
7.049850279387965823e-01 5.463610216524731333e-01 4.522010000000000196e-01
-5.127958656176614394e-01 6.870748199464402628e-01 5.147510000000000696e-01
8.834711857072378161e-01 3.899440819669498515e-01 2.596579999999999999e-01
-2.460330927618864794e-01 -9.692353654309262545e-01 7.108000000000055246e-03
3.395651768997153819e-01 6.215943238254876269e-01 7.059149999999999592e-01
-2.723401346165554293e-01 -8.421054162490800854e-01 4.654989999999999961e-01
-1.761440937161972420e-01 7.302553885271231282e-01 6.600759999999999961e-01
-9.424641298798595024e-01 1.207070166344901413e-01 3.117550000000000598e-01
-3.801398895792477139e-01 -8.718437467520641082e-01 3.088399999999999479e-01
-8.224647236149510432e-01 3.546978808055978871e-01 -4.446810000000001040e-01
6.056719394381125943e-01 5.369719463075099952e-01 5.872159999999999602e-01
7.979102661327184265e-01 -2.245310748894554509e-01 5.593970000000000331e-01
-6.817072243286405042e-01 2.149000707169281543e-01 6.993519999999999737e-01
4.553010993222548208e-01 -6.499741417894607798e-01 6.084690000000000376e-01
-2.602472832612542919e-01 -1.468395955937512598e-01 9.543110000000000204e-01
-2.976222011554542912e-01 6.119544136047898597e-01 7.327569999999999917e-01
4.403348667917590387e-01 -8.244517505903445898e-01 3.555060000000000442e-01
-7.302704152636589896e-01 -1.228969015949668148e-01 6.720129999999999715e-01
-8.851991393601715830e-01 -3.601640567019581685e-01 2.944559999999999955e-01
-3.488963758371715906e-01 1.036398145921696261e-02 9.371040000000000481e-01
1.593099599172100589e-01 9.757797544913385801e-01 1.499139999999999917e-01
-7.797839371265448127e-01 3.536519714852791596e-01 5.165920000000001622e-01
-7.760046616267712860e-01 4.289298129671475363e-02 6.292670000000000208e-01
-7.834310921048863730e-01 -2.561140301103105865e-01 5.662519999999999776e-01
2.956170332077026064e-01 -6.886100773539958197e-01 6.621380000000000043e-01
-7.628888869885406265e-01 -6.272969070746210463e-01 1.565219999999999390e-01
-8.184856235667518076e-01 -5.744997357793522053e-01 5.598000000000016158e-03
-9.390972599080344985e-01 -3.146340870792950772e-01 1.382089999999998875e-01
8.000823181580476451e-01 -5.052192009037707043e-01 3.234530000000000460e-01
-4.002314160333655391e-01 4.722713109219393579e-01 7.853499999999999925e-01
4.487407910882330042e-01 -3.971168151218315012e-01 8.005809999999999871e-01
4.317881226955141427e-01 -8.965712547667828991e-01 -9.858499999999990882e-02
-1.782703193631991756e-01 6.807897630177656839e-03 9.839579999999999993e-01
4.578872389162282897e-01 -9.882826740195815862e-02 8.834999999999999520e-01
-9.992739043441213331e-01 3.167999696741993776e-02 2.116700000000001913e-02
7.063803970405164723e-01 -3.808102140448471062e-01 5.966660000000000297e-01
-9.903822287375205757e-01 -1.008700232968226668e-01 -9.470099999999992413e-02
-4.104293200082412829e-01 -4.282903339343215321e-01 8.050559999999999938e-01
-7.747935177662377271e-01 5.587716522188815871e-01 2.957519999999999039e-01
-1.305909275403045466e-01 6.101106614739354450e-01 7.814799999999999525e-01
-9.847586925122299162e-01 5.456598296194546671e-02 -1.651449999999998752e-01
-9.787074775906977608e-01 -5.907002882505359327e-03 2.051750000000000518e-01
-6.604280816992613712e-01 2.682500331842778071e-02 7.504100000000000215e-01
-8.500841168217964094e-01 5.020710689965179885e-01 -1.590020000000000877e-01
5.489171540964772333e-01 -8.357892346295352493e-01 1.209599999999990717e-02
-8.436621271270757783e-01 4.058890611613198973e-01 3.514090000000001379e-01
-3.385851956126489370e-01 -2.941231699253634146e-01 8.937850000000000517e-01
-1.519209949605435372e-01 -7.962909735857857108e-01 5.855259999999999909e-01
-5.463621902423838606e-01 4.578661594282167346e-01 7.013179999999999970e-01
6.699131407359327772e-01 6.734311414749976077e-01 3.125810000000000533e-01
4.991532274789850510e-01 -8.469113859627301899e-01 1.832679999999999865e-01
-1.932776897264744664e-01 3.272304746887073068e-01 9.249669999999999837e-01
-8.769697427907073850e-01 2.431299286916367708e-01 4.145019999999999261e-01
8.020340444098527088e-01 5.171150286334506019e-01 -2.988870000000000138e-01
-0.000000000000000000e+00 0.000000000000000000e+00 1.000000000000000000e+00
3.736411028735179829e-01 -2.646460728642334170e-01 8.890190000000000037e-01
-7.895553791286354928e-01 6.011352886530922923e-01 1.234449999999999853e-01
1.499649213128355085e-01 2.985698433392678930e-01 9.425320000000000364e-01
-8.689588283842063499e-01 -4.740819063707740755e-01 1.419750000000000734e-01
2.368388648544395361e-02 -2.959395815904736216e-01 9.549130000000000118e-01
8.893487691164916331e-01 -3.611969062298034383e-01 2.803489999999999593e-01
8.937301809477934400e-01 -2.079540421031155495e-01 3.974940000000000140e-01
-5.096324809674952494e-01 -2.850307097119810784e-01 8.118079999999999741e-01
4.752721754817860189e-01 3.503171293454124258e-01 8.070899999999999741e-01
-2.107869757459904236e-01 -9.228028938185333097e-01 3.224960000000001159e-01
-4.823288559454685931e-01 -8.617317426312758322e-01 1.574080000000000201e-01
-5.950442634123754848e-01 7.505243322398172934e-01 -2.874639999999999418e-01
2.157242840624113145e-01 -5.750437572087537808e-01 7.891690000000000094e-01
2.220549982965415725e-01 -9.666869925842195288e-01 1.273100000000000065e-01
7.217420495257688140e-01 3.979730273088150083e-01 5.663089999999999513e-01
-3.061479488589741726e-01 -5.673909052191821178e-01 7.644220000000000459e-01
7.139018146363551587e-01 2.391099379154266180e-01 6.581569999999999920e-01
-7.770529680715744236e-01 6.274189742199041131e-01 -5.034000000000007219e-02
-9.767890493874263613e-02 1.629271734517239445e-01 9.817909999999999693e-01
6.872490813297068568e-01 -2.134800252634282969e-01 6.943449999999999900e-01
7.850120708008175852e-01 5.400450487070611594e-01 3.034919999999999840e-01
-8.748888094244486879e-01 4.841918945292976728e-01 1.130400000000005706e-02
-2.200349463011394835e-01 8.249127986825363079e-01 5.206760000000000277e-01
3.035607781614650946e-01 7.470564540602041559e-01 5.914030000000000120e-01
-9.424620957337824789e-01 3.271560332319833897e-01 6.880499999999990790e-02
-6.801860479453797348e-01 6.937890489042368714e-01 2.366510000000000835e-01
-1.609375574186198143e-01 -2.987920348873585596e-01 9.406499999999999861e-01
-4.564055504715992528e-01 6.004664085814597208e-01 6.566079999999999695e-01
4.251950898412888424e-01 2.034390429855054139e-01 8.819420000000000037e-01
9.116990977130764451e-01 4.100130439439240160e-01 2.634500000000002465e-02
-5.248848608923000203e-01 3.188949154848204626e-01 7.891780000000000461e-01
-7.936222938566802609e-01 1.995330738816525618e-01 5.747609999999999664e-01
8.611900213405511428e-02 8.893250220377444393e-01 4.490929999999999089e-01
1.296300372404642354e-01 -7.056992027351567387e-01 6.965519999999999490e-01
-9.867641021908776233e-01 -1.320460136748977109e-01 9.412999999999989431e-02
-1.143300402099518831e-02 9.902803482822709613e-01 1.386150000000000437e-01
-9.509256527823868321e-01 2.098779233659211207e-01 -2.273579999999999768e-01
6.065923668468168328e-01 -5.773993491918542054e-01 5.464940000000000353e-01
4.272982954164637470e-01 7.766195369228000578e-01 4.629019999999999246e-01
1.874866910971274558e-01 1.330719100525631395e-02 9.821769999999999667e-01
-8.139528833083246040e-01 -4.008509425323395492e-01 -4.204750000000000432e-01
-5.091903526748107200e-01 6.002004157100819352e-03 8.606329999999999814e-01
1.567299874502982304e-01 -9.445319243693297562e-01 2.886090000000000044e-01
-9.256744740364738488e-01 2.893011481506727600e-01 2.437859999999999749e-01
3.834900443144641929e-02 9.536301101974060668e-01 2.985280000000000711e-01
-2.400288402496692786e-01 4.769206825871560307e-01 8.455369999999999830e-01
5.645343268864190245e-01 8.254094779428559070e-01 -4.329999999998971716e-04
3.005784569656514971e-01 3.445755238538394938e-01 8.893370000000000442e-01
6.089853823385052989e-01 3.801766144070732878e-01 6.961340000000000305e-01
-7.424601226935641229e-02 -9.970951647727003264e-01 1.699300000000007055e-02
2.686570068135450406e-01 -8.728590221370154945e-01 4.073580000000000534e-01
5.306026524106571829e-01 -7.142215321248549520e-01 4.564520000000000799e-01
5.774800966831225013e-01 6.743851129071960493e-01 4.601320000000000410e-01
-3.823998430640795053e-03 7.226027034456780074e-01 6.912530000000000063e-01
-8.429492232242381533e-01 -9.238802446558548598e-02 5.300010000000000554e-01
-9.299478961134001187e-01 3.516599607152638973e-01 -1.073880000000000806e-01
7.486500234157509315e-01 6.448800201701053725e-01 1.537949999999999318e-01
-5.429899894356521317e-01 -7.824739847762801626e-01 3.047890000000000321e-01
1.445299557691932246e-01 9.743907018051614077e-01 -1.722609999999999975e-01
-5.651297758741988808e-01 8.070816799180723367e-01 1.710190000000000599e-01
-3.966901033905086138e-02 -7.036061833829492240e-01 7.094819999999999460e-01
3.795680228836505465e-01 8.691760524014662259e-01 3.169560000000000710e-01
3.951705157984085337e-02 5.939267752260678490e-01 8.035480000000000400e-01
4.889242352892908539e-01 5.125102466397936096e-01 7.058940000000000214e-01
2.887288040525462507e-01 -4.272607100370761635e-01 8.567869999999999653e-01
-4.785050130650055911e-01 -6.704550183059700963e-01 5.670300000000000340e-01
-7.128379805954071502e-01 -5.412349852667157624e-01 4.460119999999999640e-01
-5.944442852283068346e-01 -1.336648392787249673e-01 7.929500000000000437e-01
-6.517933404448852386e-01 6.384013334499684111e-01 4.094010000000001259e-01
3.689849979749956210e-01 -7.740059957522243961e-01 5.145530000000001492e-01
-3.949079763335771598e-01 8.014369519707204015e-01 4.491619999999999502e-01
2.610550302819931168e-01 8.494080985300691555e-01 4.586459999999998871e-01
6.804609901805396266e-01 -7.304589894590384214e-01 -5.833100000000007723e-02
-1.403960009450092306e-01 9.616630064729790872e-01 2.355699999999999461e-01
-1.995231491327092155e-01 8.046046013982064427e-01 -5.592869999999998676e-01
-6.560051512419617925e-01 -2.784340641929626825e-01 7.015209999999999502e-01
-4.315111574182241561e-01 -1.460100532654670380e-01 8.902130000000000321e-01
-3.459299014573504749e-01 7.233517939437958955e-01 5.975740000000000496e-01
-6.326671328945467909e-01 -7.584121593078488877e-01 1.566629999999999412e-01
-3.612245502524867868e-01 3.286025005593971038e-01 8.726610000000000200e-01
-6.238988614492133600e-01 -7.651498300812562547e-01 -1.590469999999999662e-01
-4.813251703873122622e-01 -8.616633050255910753e-01 -1.608180000000000442e-01
-7.377641013528186686e-01 6.378630876285817930e-01 -2.209859999999999880e-01
5.400598326711490982e-01 -5.032008440913136038e-01 6.746290000000000342e-01
8.930891212255682721e-01 9.023701224853469816e-02 4.407369999999999344e-01
-1.273681906029900113e-01 -5.713768550497302368e-01 8.107440000000000202e-01
-8.079121586315055059e-02 -1.513634044224487496e-01 9.851710000000000189e-01
3.551093851816402580e-01 4.731621807910237898e-01 8.062350000000000350e-01
-8.760772271925716392e-01 7.438201928944362940e-02 4.763990000000001279e-01
2.025429609745657555e-01 -2.878309445415059842e-01 9.360180000000000167e-01
5.848741808007050791e-01 2.171590671298438691e-01 7.815140000000000420e-01
1.709818038861968814e-01 6.844382149586784037e-01 7.087379999999999791e-01
6.796474536169008207e-01 7.825305222841172359e-02 7.293530000000000291e-01
1.060412521992752377e-01 -1.437243418214523560e-01 9.839200000000000168e-01
-2.102549639143183047e-01 -6.823198828946646088e-01 7.001659999999999551e-01
8.191409127739094354e-01 2.490069734845317961e-01 5.167239999999999611e-01
6.735928974225187105e-01 -6.318109037852515097e-01 3.835200000000000276e-01
-7.015805631911166129e-01 -7.125855563393322933e-01 2.557000000000007184e-03
2.979310591087429572e-01 -9.319011848867575498e-01 -2.068750000000000033e-01
9.476380993410711273e-01 1.865100195518786530e-01 -2.592220000000000635e-01
4.126301635547124230e-02 -9.870653912442924893e-01 1.549169999999999714e-01
-9.799553877930696766e-01 1.934890765685089997e-01 -4.742800000000001182e-02
-2.655804293606491839e-01 1.707969192333785025e-01 9.488389999999999880e-01
-5.695356815085118596e-01 1.607731923817990460e-01 8.060899999999999732e-01
-1.196843129510269665e-01 4.410811533407888452e-01 -8.894510000000001027e-01
-7.005398895585086827e-02 4.694699259871429886e-01 8.801649999999999752e-01
-4.667651227733142782e-01 -6.571041728382289726e-01 -5.918989999999998419e-01
2.632650478877338607e-01 -8.911771621045219138e-01 -3.694519999999998916e-01
8.520888076640154019e-01 5.026638865372333731e-01 1.458550000000000124e-01
-5.492617705100517611e-01 7.586576830212445888e-01 3.503570000000000295e-01
-4.242341147624561493e-01 1.711746428146272703e-01 8.892269999999999897e-01
5.333552135038622799e-01 7.840523138587435215e-01 3.174810000000000687e-01
3.668797333346382472e-01 3.572907141677034160e-02 9.295820000000000194e-01
3.807373083212357012e-01 -5.502644456043843668e-01 7.431339999999999613e-01
-3.169580449568700220e-01 -9.345371325533934348e-01 1.617960000000001064e-01
6.177073726665953668e-01 -7.573204568960137384e-02 7.827530000000000321e-01
1.093399938552298001e-01 -9.939619441405884714e-01 -9.188000000000048559e-03
-8.731410380315116626e-01 4.519170196842051679e-01 1.827449999999999630e-01
-9.665151363226999193e-01 -2.557990360793265805e-01 -2.037999999999999534e-02
-4.341357243246563580e-01 -7.830915027384129923e-01 4.453019999999999756e-01
-6.711789223438422436e-01 3.725819568918475877e-01 6.408599999999999852e-01
6.869177284092894409e-01 6.607367387606215559e-01 -3.026070000000000149e-01
2.487300382044357883e-02 -8.119441247129929318e-01 5.832049999999999734e-01
7.560593334661391829e-01 -6.407602826125517737e-02 6.513590000000000213e-01
8.995682162066808152e-01 2.453280589633608233e-01 3.613739999999999175e-01
-9.266497759159348924e-01 -5.563598654600855620e-02 3.717859999999999498e-01
-9.376901003233341358e-02 9.086610972175248602e-01 4.068689999999998697e-01
-2.369915389118155691e-01 -4.388189978615436582e-01 8.667599999999999749e-01
1.076388535581969952e-01 4.455253938662497859e-01 8.887749999999999817e-01
-5.622728874786460107e-01 -4.266829146127434358e-01 7.083720000000000017e-01
6.518878050984397987e-01 -7.489057760919852758e-01 1.190900000000000153e-01
7.275807716540767522e-01 -4.919298456114025719e-01 4.781540000000000235e-01
-9.473535132911047318e-01 -2.627518650095575503e-01 -1.829829999999999235e-01
3.879431682131317949e-01 -9.189123984427229885e-01 7.141500000000000625e-02
7.739264446184343504e-02 1.515833450059823617e-01 9.854100000000000081e-01
-7.006010681155281361e-01 -4.082120396881761537e-01 5.852530000000000232e-01
-2.289902333145355656e-02 3.158673218322299858e-01 9.485270000000000090e-01
-4.735503504355378229e-02 8.281726128622123317e-01 5.584689999999999932e-01
-6.016849792993882451e-01 -5.475349811623863028e-01 5.815329999999999666e-01
2.128690243226606937e-01 9.264241058542888041e-01 3.105240000000000777e-01
8.056300052038360970e-01 3.920130025321443279e-01 -4.441690000000000915e-01
9.392804142377429999e-01 -5.418202389514244210e-02 3.388459999999999805e-01
-4.577402390570020629e-02 5.815023036923245847e-01 -8.122559999999999780e-01
-7.324281620090984379e-01 4.990921103964416350e-01 4.630940000000000056e-01
-3.249370632216090349e-01 -9.324521814232169525e-01 -1.579520000000000923e-01
-2.627061138816116359e-01 9.635394176888778528e-01 5.076699999999998575e-02
2.096441482077239793e-01 5.452473854621018301e-01 8.116370000000000529e-01
-3.300117242785263194e-01 -7.288323910678736750e-01 5.999130000000000296e-01
8.006964757936094745e-01 9.168293997627753600e-02 5.920130000000000114e-01
-4.111751126336509743e-01 -9.115552497033322377e-01 1.432999999999911992e-03
5.297670621085530662e-01 6.304200739088582084e-02 8.457970000000000210e-01
8.596774119496852773e-01 -6.755303237080564904e-02 5.063509999999999955e-01
1.305999137537082744e-01 7.990334723298666564e-01 5.869320000000000093e-01
-6.133750674194505814e-01 5.463790600555483712e-01 5.702990000000000004e-01
4.307272403919013004e-01 -8.569844782890627677e-01 -2.829340000000000188e-01
-9.053096545604644163e-02 -8.864816617446725777e-01 4.538220000000001142e-01
5.983944908189147149e-01 -3.568736963318700495e-01 7.173319999999999697e-01
9.576873605608688944e-01 1.033640389156516154e-01 2.686089999999999867e-01
2.648829876655239834e-01 1.708743469494058143e-01 9.490199999999999747e-01
3.362798402098672867e-01 -9.090875680287494598e-01 2.459180000000000532e-01
-5.919363656549432307e-01 -6.751264170436653833e-01 4.402450000000000530e-01
