2.972971825403256108e-01 6.910934243310264957e-01 6.587899999999999867e-01
-8.408189540119318517e-01 -5.139879718877485848e-01 -1.698229999999999185e-01
3.663791746695424512e-01 4.017071915120076775e-01 8.392840000000000300e-01
3.278201590073606675e-02 -9.006764368681373645e-01 4.332520000000001370e-01
-2.120515994685817918e-01 -1.698392810683564680e-01 9.623869999999999925e-01
-4.997192817266485898e-01 -4.190102362253246282e-01 7.580970000000000208e-01
-2.116749790388058050e-01 -5.192379485822671281e-01 8.280009999999999870e-01
-6.038377523756901510e-01 7.829336789312837386e-01 1.496490000000000598e-01
-5.276458380081906485e-01 8.412387417324729277e-01 -1.179290000000000893e-01
-3.453220731409510913e-01 9.326061975306810803e-01 1.048729999999999107e-01
-9.152209963836416273e-01 -1.751609993078775129e-01 3.628900000000000459e-01
4.502358787121720218e-01 6.227998322256343977e-01 6.398500000000000298e-01
-6.366629154029967985e-01 -4.019249465939586097e-01 6.581160000000000343e-01
4.133287547509728599e-01 7.406435605384078524e-01 5.297230000000000549e-01
-2.995820528044964570e-01 9.142261611420031686e-01 2.728390000000001092e-01
-7.259238350226018266e-01 -6.793458456081691299e-01 1.073490000000000555e-01
6.811309745126929993e-01 7.293529727082691538e-01 6.406899999999997319e-02
4.588798222516486391e-01 6.724512049431792537e-02 8.859500000000000153e-01
-2.694390070609208876e-01 -9.100800238495651007e-01 3.148919999999999497e-01
-8.256521129367314638e-01 7.338101003741324957e-02 5.593869999999999676e-01
-3.750157588797702335e-01 -5.504876460583197906e-01 7.458730000000000082e-01
-5.808856113313946024e-01 2.661398219267405857e-02 8.135499999999999954e-01
-2.670499654999415259e-02 9.768938737955442653e-01 2.120499999999999052e-01
-6.173281344627816747e-01 1.762260383845185574e-01 7.667140000000000066e-01
-3.838778175052014463e-01 9.207875622593103548e-01 -6.919599999999999362e-02
-7.380507770558356051e-02 -6.303496636628537209e-01 7.727950000000000097e-01
-7.690505166170452656e-02 8.706215848483831454e-01 4.859050000000000313e-01
3.000114007036008834e-01 1.246317510382624338e-01 9.457590000000000163e-01
7.244215940912421825e-01 -5.041804134735499571e-02 6.875109999999999832e-01
8.299577270613315294e-01 -5.179998296513434880e-02 5.554160000000000208e-01
-4.123008982873394013e-01 -8.415237924001038872e-01 3.490639999999999299e-01
-1.495910095531038930e-01 9.358590597653489995e-01 -3.190460000000000518e-01
-5.640722523544836609e-01 7.655573424948256545e-01 3.094260000000000899e-01
-9.945580478987680051e-01 -1.010110048647765713e-01 2.551600000000003865e-02
4.763004349763702572e-01 4.861284233176665359e-01 7.326780000000000515e-01
2.442899593028137750e-01 9.621368397139927753e-01 1.208929999999999866e-01
-4.080122110016039527e-01 5.698062946726567546e-01 7.133350000000000524e-01
1.382389943247757658e-01 7.423899695221336525e-01 6.555509999999999948e-01
-7.357468964074252993e-01 6.735329051671055112e-01 -7.092199999999999893e-02
7.364217899803852108e-01 6.457988158250876909e-01 2.015609999999999902e-01
-1.209940316981856917e-01 9.818732572325301611e-01 -1.458950000000000247e-01
-1.348910643699957057e-01 9.350494462054558253e-01 3.278519999999999768e-01
-7.924252181373635517e-01 -6.089091676194009484e-01 -3.594300000000002354e-02
2.322399806705392200e-01 -1.542916515212266748e-01 9.603429999999999467e-01
7.112597523134053801e-02 -7.029237552163042357e-01 7.076999999999999957e-01
-9.816112351097996958e-02 5.476416890687396677e-01 8.309349999999999792e-01
7.525952318187981716e-01 -1.998487960124090412e-01 6.274239999999999817e-01
-2.302000770975834096e-02 -3.567401194778108131e-01 9.339199999999999724e-01
-8.151331616057327922e-01 5.549421100210745195e-01 1.661239999999999384e-01
-5.273158555009535009e-01 4.678488717965423871e-01 7.092640000000000056e-01
6.480378256549262916e-02 -9.687118013219610246e-02 9.931849999999999845e-01
-4.456850554715497403e-01 6.672540830488200569e-01 5.967719999999999692e-01
-2.895428962862861555e-01 6.891797531371253172e-01 6.642259999999999831e-01
-3.519500763856273085e-01 2.974890645656595445e-01 8.874859999999999971e-01
-9.545598785834733535e-01 -2.486599683713599032e-02 2.969800000000001328e-01
-3.144646828996777166e-01 1.469948517731325122e-01 9.378189999999999582e-01
-8.830602161129637029e-01 -5.196101271651493853e-02 4.663740000000000108e-01
8.357404430717603194e-01 -4.640852460369946919e-01 2.935349999999998793e-01
-1.722799353406524736e-01 -9.643366380694143869e-01 2.009340000000000293e-01
-5.780519622948975256e-01 5.890529615773258953e-01 5.646879999999999677e-01
-2.299599588922413701e-02 2.404059570249096611e-01 9.704000000000000403e-01
5.207811585410159205e-01 7.612082317340488347e-01 3.864569999999999950e-01
-4.941190290636043314e-01 8.679260510505725223e-01 5.050499999999989026e-02
8.233219418629563746e-01 5.522949610009224575e-01 -1.308100000000000096e-01
-4.062570875252474734e-01 -9.063121952586224994e-01 -1.164190000000000363e-01
-9.965487956180801854e-02 -4.070795080228872820e-02 9.941889999999999894e-01
-8.456127308374798979e-01 2.238909287344617027e-01 4.845740000000000047e-01
-4.784218431111192937e-01 -8.765007125691111067e-01 5.346999999999994119e-02
7.214769909999169117e-01 -5.051849936980568057e-01 -4.735600000000000365e-01
9.841197676959368978e-01 7.774998164691204749e-02 1.595719999999999916e-01
-6.406916392011618999e-01 3.194338201141641020e-01 6.981950000000000101e-01
-8.433886245036749107e-01 -4.568257966104797285e-01 2.828529999999999101e-01
-9.710071518312054506e-01 1.943110303833787966e-01 -1.392420000000000324e-01
8.862609646049972589e-01 -4.492469820582212781e-01 1.127770000000000300e-01
-8.504098776769709600e-01 -3.380299513777428322e-01 4.031610000000000471e-01
7.997624546588263383e-01 2.572401462390517812e-01 5.424090000000000300e-01
-9.620552094824721401e-01 1.398280304468197677e-01 2.343030000000000945e-01
-5.517850669082779991e-01 -8.289261005138076621e-01 -9.173199999999991083e-02
-1.894263797060962429e-01 2.767450937730275284e-01 9.420880000000000365e-01
2.577736576952538994e-01 -4.954133421269659165e-01 8.295289999999999608e-01
2.686388358003506394e-01 -9.430384235882610655e-01 1.962439999999998907e-01
-4.751500460553863547e-01 1.740500168703356665e-01 8.625190000000000357e-01
-8.320837524245616734e-01 -2.131579365776949675e-01 5.120550000000001489e-01
-4.617039023198218906e-01 -2.794509408780875281e-01 8.418649999999999745e-01
6.718761185486820109e-01 -7.098181252433312105e-01 2.115199999999999581e-01
8.824634910257159737e-01 2.510911397136628698e-01 3.977580000000001115e-01
-6.289808963577183665e-01 7.771528719422204912e-01 -2.040700000000006398e-02
7.626448261678480112e-01 -3.438729216199101768e-01 5.478359999999999896e-01
9.542094085711946838e-02 -5.768016424924100605e-01 8.112920000000000131e-01
2.154657023600996812e-01 4.644873583666933592e-01 8.589679999999999538e-01
-4.336016919790661728e-01 2.224598419695087217e-02 9.008300000000000196e-01
7.796673816459304129e-01 5.345932616825423978e-01 3.260809999999999542e-01
-3.105852408872702419e-01 -2.804972175512552290e-01 9.082170000000000520e-01
-6.588650684024085491e-01 -6.317860655911062828e-01 4.083420000000000383e-01
-9.709867373057006201e-01 -1.500129594149458845e-01 1.862280000000001157e-01
-7.962410386381580940e-01 5.758130279417332797e-01 -1.855790000000000772e-01
5.107215688876515225e-01 3.262177246317800039e-01 7.954529999999999657e-01
2.192401720541922727e-02 6.552245142037776970e-01 7.551160000000000094e-01
-3.468042676689007120e-01 7.790796013056929814e-01 5.222659999999998970e-01
-7.912899509366594364e-02 -9.930449384269911528e-01 -8.718000000000002137e-02
-6.181020079915695853e-02 -2.096726811512836519e-01 9.758160000000000167e-01
5.296129616049154443e-01 -4.329389686134413329e-01 7.294340000000000268e-01
2.538399822822220431e-01 8.037979438957039147e-01 5.380279999999999507e-01
-6.535604619585473340e-01 -5.246263708235892054e-01 5.455510000000000081e-01
-3.458981654339242651e-01 -4.215982016392450515e-01 8.382180000000000186e-01
5.013499883022647097e-02 -8.119399810554307484e-01 5.815839999999999899e-01
4.074792423056026736e-01 2.310975702815847577e-01 8.834899999999999975e-01
-2.348700308064927481e-02 7.761441018021650873e-01 6.301179999999999559e-01
-9.584515361745628015e-01 -2.775628656784274728e-01 6.579900000000007965e-02
3.947804488297062542e-01 -3.919404456008790949e-01 8.309819999999999984e-01
6.101707204166205711e-01 3.873098225326364052e-01 6.911460000000000381e-01
-6.967899471400177402e-01 6.698049491871578276e-01 2.566030000000001365e-01
-2.547721178261893038e-01 5.663952619446585013e-01 7.837650000000000450e-01
1.418339864079827539e-01 1.889179818959014490e-01 9.716960000000000042e-01
6.967309897081203074e-01 5.399629920238452341e-01 4.722350000000000714e-01
3.325291095924143292e-01 9.426073106573468197e-01 -3.026299999999999824e-02
-6.503046227456217299e-01 4.541807365209082348e-01 6.089529999999999665e-01
-5.062001511194353515e-02 -4.998871492347713441e-01 8.646099999999999897e-01
8.763728025078562078e-01 3.904789120048942630e-01 2.819520000000000359e-01
4.938571581598495963e-01 -6.944412223977470822e-01 5.233130000000000281e-01
7.253512467877579750e-01 -5.997702040610595198e-01 3.378479999999999261e-01
-7.545459279044832712e-01 -3.740869642566583275e-01 5.391839999999999966e-01
6.113317272350144993e-01 7.570156622335192376e-01 2.306530000000000247e-01
7.177059121180884294e-01 4.013339508573161019e-01 5.690600000000000103e-01
-8.269980539942325404e-01 3.875150253006357515e-01 4.073160000000000669e-01
-8.754344099455929618e-01 4.155711946023344372e-01 2.468100000000001126e-01
-9.410499413629218324e-02 -7.456829535362924366e-01 6.596220000000000416e-01
8.754487318607504509e-01 1.000639693516288536e-01 4.728390000000001203e-01
5.960699600840045631e-02 5.134129656191539492e-01 8.560689999999999689e-01
9.682644164477938187e-01 -6.515802802428402596e-02 2.412849999999999995e-01
-2.341760718486438908e-01 9.720322982337257223e-01 -1.774199999999997654e-02
6.901797164343752566e-01 2.528008961348148786e-01 6.780439999999999801e-01
5.929922796609173874e-01 5.299072499094048538e-01 6.062659999999999716e-01
9.117671093827239837e-01 -5.827700699136623141e-02 4.065519999999999690e-01
2.374580295211325687e-01 -6.336840787805394504e-01 7.362459999999999560e-01
-7.263418201006029973e-01 -2.445349394339043081e-01 6.423630000000000173e-01
4.493801303648619627e-01 -7.995832319585370884e-01 3.984019999999999784e-01
-1.843180233943421398e-01 -9.819031246268660196e-01 4.351000000000001394e-02
9.421365317710379550e-01 8.902995575333046141e-02 3.231910000000001171e-01
-1.792016530041507516e-01 -3.683542867397905374e-01 9.122510000000000341e-01
-6.014964527453479093e-01 -2.675922014161910001e-01 7.527260000000000062e-01
9.442167994082730775e-01 -2.902919383296703737e-01 -1.555159999999999598e-01
7.544920892500415199e-01 -4.779940565426595844e-01 4.497370000000000534e-01
3.308062447362534186e-01 5.572204122414199379e-01 7.616249999999999964e-01
3.094801121229530036e-02 9.951413605342728230e-01 -9.346599999999991026e-02
-4.083150910666937250e-01 8.329481857727991656e-01 3.734649999999998804e-01
9.218292086241526295e-01 2.939540665263342123e-01 -2.526299999999999657e-01
3.747539279703820947e-01 -2.267589564157711235e-01 8.989660000000000428e-01
4.104850830868868039e-01 -8.794191780045234053e-01 2.410889999999999145e-01
3.222099540413068952e-02 9.264298678578789525e-01 3.750859999999999195e-01
-6.470544061677627745e-01 6.408404022671198019e-01 4.130909999999999305e-01
-5.060563214354381056e-01 3.230822052144508016e-01 7.997030000000000527e-01
3.487572024739022947e-01 -4.439589847697075764e-02 9.361610000000000209e-01
-7.140395642919139529e-01 4.611397186118042224e-02 6.985850000000000115e-01
6.604381677611146362e-01 6.596921675716194144e-01 3.586469999999999936e-01
8.507916946770665012e-01 -2.022959274022226861e-01 4.850050000000000194e-01
-5.237997886160370431e-01 -5.451887799843232463e-01 6.545250000000000234e-01
1.782927513799280883e-01 6.137651441360735260e-01 7.690930000000000266e-01
-3.956187812189532749e-01 -6.657416318383806431e-01 6.326720000000000121e-01
-2.654979121242695417e-01 -8.446957204186923418e-01 4.647579999999998934e-01
9.402654291972407652e-01 2.367741080788368091e-01 2.446200000000000596e-01
-2.365577655589872763e-01 -6.482263575740646599e-01 7.237700000000000244e-01
2.009289314874324883e-01 8.933436953884650311e-01 4.019510000000000027e-01
-7.505029730679582123e-01 -6.014659784161989764e-01 2.738320000000000753e-01
-9.118353100778148201e-01 1.000890340361781095e-01 3.981689999999999952e-01
2.102219388129083766e-01 -7.536447806445299991e-01 6.227570000000000050e-01
-2.676887425692948685e-01 -8.718024183822680601e-03 9.634660000000000446e-01
3.716308991844374243e-01 -6.726748175176223699e-01 6.398430000000000506e-01
1.848060406629052355e-01 -8.554721882296937308e-01 4.837500000000000133e-01
5.507380363938284562e-01 -7.909840522697472176e-01 2.665179999999998661e-01
9.240885624090026118e-01 -2.050599028963552839e-01 3.225070000000000991e-01
-9.838138503931299628e-01 1.719309738547541155e-01 5.049799999999995265e-02
6.015373369770752321e-01 -6.978503909309849984e-01 3.887900000000000800e-01
-3.814208300764994064e-01 -1.302729419632265295e-01 9.151759999999999895e-01
-7.923099545895115337e-02 9.962299429020308184e-01 3.533199999999990515e-02
9.039360860742580162e-01 4.053000385933260286e-01 -1.364969999999999239e-01
9.232146297331451645e-01 3.656128533663604019e-01 1.183300000000000046e-01
7.866420483599005919e-01 1.053320064754297847e-01 6.083579999999999544e-01
-3.811335960966205083e-01 4.401855335167866312e-01 8.130030000000000312e-01
9.971960600550970888e-01 -5.012200301854558004e-02 5.556799999999990913e-02
5.215477767856636637e-01 -5.720517551707463566e-01 6.330440000000000511e-01
9.839497764745805397e-02 3.563479190478823777e-01 9.291580000000000394e-01
6.104689682884167912e-01 7.879369590696173598e-01 -8.051700000000006074e-02
-1.192719875294416809e-01 -9.192159038907979918e-01 3.752549999999999497e-01
2.247769974139973703e-02 7.505533650804266377e-02 9.969259999999999788e-01
-6.679647331620819362e-01 -1.101699559894104979e-01 7.359930000000000083e-01
-1.085489723840493415e-01 -8.431457854952291164e-01 5.266140000000000265e-01
-5.104701537181606241e-01 7.269652189114398366e-01 4.592839999999999145e-01
-9.912750594227119905e-01 2.031900121803755996e-02 1.302339999999999332e-01
-4.576191704039278552e-01 8.626403212218988203e-01 2.154910000000000714e-01
-6.290579863452125386e-02 3.991137224114864046e-01 9.147410000000000263e-01
-2.240332274827651349e-01 4.268264333984665426e-01 8.761440000000000339e-01
1.176699668798203424e-01 -4.330628781072118905e-01 8.936500000000000554e-01
5.172229363976651451e-01 -2.803359655273950368e-01 8.086360000000000214e-01
6.491143796549959655e-01 -3.176301857760214231e-01 6.912030000000000118e-01
2.530115551118445882e-01 -3.344314119455377710e-01 9.078220000000000178e-01
-1.350131127060771874e-01 6.807255682552376674e-01 7.199889999999999901e-01
8.294420627854346417e-01 -5.585870422827968751e-01 2.526000000000095877e-03
-3.602789192986632361e-01 -9.144917951567347325e-01 1.841300000000000991e-01
1.856146172971090413e-01 1.440689267842993129e-02 9.825169999999999737e-01
-6.409900325206649985e-01 -7.262490368462851675e-01 2.483829999999999927e-01
-8.842767814493337486e-01 -4.668898846072885855e-01 -8.271000000000068228e-03
6.782763757307949115e-01 1.019289061870949226e-01 7.277029999999999887e-01
-5.312387321279846697e-01 -1.264999362136252636e-01 8.377250000000000529e-01
-8.997132613949632152e-01 4.301071249596299384e-01 7.432300000000009732e-02
1.102523071319948672e-01 -2.606327260496505982e-01 9.591220000000000301e-01
-1.475807932832318425e-01 1.201414598624971630e-01 9.817259999999999875e-01
1.400170355429879165e-01 9.573762430276582247e-01 2.526379999999999737e-01
8.910605299050887440e-02 8.474745039849002071e-01 5.233039999999999914e-01
-7.865465349052388477e-01 -8.398005711216127711e-02 6.117939999999999490e-01
-7.444720425259309105e-01 1.975890112867323412e-01 6.377460000000000351e-01
3.941274453019155133e-01 -5.416096119335268577e-01 7.425110000000000321e-01
-2.426118359701068261e-01 8.686474127073735563e-01 4.319619999999999571e-01
2.561526424179619843e-01 2.995115818900759841e-01 9.190639999999999921e-01
-4.091508908665061894e-01 -7.634457963648397794e-01 4.997460000000000235e-01
-7.287003657672353439e-03 -9.649014843271270792e-01 2.625109999999999388e-01
3.378321241546660136e-01 -7.855932887086971572e-01 5.183750000000000302e-01
-9.718954026279901237e-01 -2.207780914619404122e-01 -8.170899999999990670e-02
3.092388635999994695e-01 9.125095975075445676e-01 2.677640000000001130e-01
-1.846630294258506666e-01 7.911331260661933484e-01 5.831020000000000092e-01
-5.385598851364707951e-01 -6.558568601194861847e-01 5.289660000000000473e-01
-7.580057800836338400e-01 3.426239005962685158e-01 5.550100000000000033e-01
-5.427739485741382985e-01 -7.480769291224257378e-01 3.818079999999999807e-01
3.658650587165563350e-01 8.379691344830850763e-01 4.049080000000000457e-01
5.632374409111332580e-01 1.787058226104505931e-01 8.067389999999999839e-01
5.890001126887260963e-01 -6.600001262725962818e-03 8.081059999999999910e-01
-9.486543559820825866e-01 3.146571180749296870e-01 -3.233899999999993724e-02
8.073477498971519672e-01 4.019468754835716084e-01 4.320049999999998613e-01
-9.071433657286381846e-01 2.637921063517978393e-01 3.278790000000000315e-01
5.629461211982496049e-01 6.550671410312424170e-01 5.039630000000001608e-01
-4.680802599709228962e-01 -8.457094697054970966e-01 -2.562740000000000018e-01
-5.118012341472887305e-01 -8.311373802424676382e-01 2.174170000000000824e-01
6.519668212286868769e-01 -4.589488741548032325e-01 6.035770000000000302e-01
-7.610471184847746873e-01 -4.942430769469829954e-01 4.201560000000000294e-01
4.872441673364011350e-01 -1.166330400557964164e-01 8.654420000000000446e-01
9.171399232786904276e-01 -3.320769722208361530e-01 2.204069999999999363e-01
8.522816234920329581e-01 -3.412148492633119146e-01 3.964700000000000446e-01
6.360281712117930031e-01 -5.864501578659367942e-01 5.015419999999999323e-01
7.278518050533788752e-01 -6.790488181246898680e-01 -9.552200000000000968e-02
6.278131789315333222e-01 -1.662510473828136270e-01 7.604020000000000223e-01
-2.545160611672614426e-01 -7.571261819583990915e-01 6.016489999999999894e-01
-1.885250351287730552e-01 9.690851805742851655e-01 1.591609999999999414e-01
-7.775116775585245721e-01 5.383197767536772593e-01 3.250959999999998851e-01
3.003478342308733562e-01 -8.800825142614889796e-01 3.677580000000000848e-01
