-4.879466303457106191e-01 -4.143095352188583269e-01 7.682809999999999917e-01
6.966419927649406540e-01 5.246529945511532178e-01 4.893149999999999999e-01
9.154937586642999392e-01 -2.791989263996420001e-01 2.896880000000001121e-01
1.255159342273402534e-01 8.368065614979594002e-01 5.329169999999998630e-01
7.499109950309419403e-01 -5.596189962918544092e-01 3.527890000000000748e-01
1.536881171100648036e-01 5.104133889340709551e-01 8.460839999999999472e-01
3.601046452761779704e-01 -6.081254009614447398e-01 7.074660000000000393e-01
4.046323335255925802e-01 3.352612763452314515e-01 8.508069999999999800e-01
-7.582915467885951166e-01 4.676973372470273893e-01 4.541510000000000269e-01
2.392191985562495959e-01 -2.989659983896257311e-01 9.237929999999999753e-01
9.824475269736769878e-01 2.158598960683292406e-02 1.852859999999999507e-01
-7.266750925557391438e-01 -3.147180400852611637e-01 6.106519999999999726e-01
8.681778404967736007e-01 -2.023329628270166824e-01 4.531319999999998682e-01
-5.336792934900418811e-02 -4.066094617111112308e-01 9.120420000000000194e-01
9.866424672783877248e-02 2.274565687963928107e-01 -9.687769999999999992e-01
-9.079757405823765670e-02 2.768457012852806876e-01 9.566149999999999931e-01
7.237781755645500414e-01 6.124151485515779703e-01 3.179509999999999836e-01
4.853950619484178053e-01 -7.733980987047301969e-01 4.077340000000000408e-01
3.907379514529377706e-01 -9.119388866965602025e-01 1.252650000000000152e-01
5.572206892799084210e-01 5.787746772608696189e-01 5.954199999999999493e-01
1.560133340781679756e-01 5.761838474665872956e-02 9.860729999999999773e-01
4.624868819499801109e-01 8.863917737480335735e-01 2.038399999999993689e-02
-3.622221459102013541e-01 6.214752503424483265e-01 6.946679999999999522e-01
3.228403514342517017e-02 3.988654341928593028e-01 9.164409999999999501e-01
8.653408700713930424e-01 4.768749283985104781e-01 -1.541929999999999135e-01
-2.668738906547328260e-01 -1.802396015247641758e-01 9.467269999999999852e-01
1.475629481607995397e-01 9.172966777515838555e-01 3.698540000000001271e-01
1.050200496092651078e-02 -8.994094248621151699e-01 4.369810000000000638e-01
4.753020092319965584e-01 8.560230166269052754e-01 2.032550000000000467e-01
6.806937936587847959e-01 -2.240129320941353086e-01 6.974770000000000136e-01
-6.139230279151238756e-01 -4.566000207616355833e-01 6.439059999999999784e-01
2.490611585011225648e-01 -7.277574631407628392e-01 6.390130000000000532e-01
-7.100040039894098820e-01 1.872460010521081186e-01 6.788469999999999782e-01
-1.516810626495137260e-01 9.783254040821562914e-01 1.409689999999999555e-01
9.513946346029746870e-01 2.984438853782605539e-01 7.602299999999999336e-02
3.009300711745024892e-01 8.370601979773670820e-01 4.569149999999999601e-01
-3.551219646222689708e-01 8.549729148264405554e-01 3.780339999999999812e-01
-7.453366123409665978e-01 3.344002747308855716e-01 5.767579999999999929e-01
8.231647302222152573e-01 5.382798235882406690e-01 1.807060000000000888e-01
3.964392870814927305e-01 6.158354459572118467e-01 6.808689999999999465e-01
-4.926211785650857489e-01 4.927321786053209807e-01 7.173140000000000072e-01
-5.780090185011426129e-01 -6.087400194847926160e-01 5.434529999999999639e-01
5.521825807292963795e-01 -3.239327540387573756e-01 7.682200000000000140e-01
3.128919834673808409e-01 -8.167129568464359668e-01 4.848489999999999744e-01
7.675425711522295691e-01 -3.121622322895975521e-01 5.598509999999999875e-01
-5.083119184611404329e-01 6.318558986433180369e-01 5.851300000000000390e-01
1.309609584139687644e-01 -8.261397376632446665e-01 5.480350000000000499e-01
-8.293668119460031463e-01 1.705999613174724039e-01 5.320209999999999662e-01
7.039777122121374520e-01 -4.955157974318933900e-01 5.088019999999998655e-01
-5.433141751571309852e-01 5.696701836539513897e-01 -6.166729999999999157e-01
-4.085639725258127242e-01 -2.951379801532276748e-01 8.636949999999999905e-01
-2.112380400597884955e-01 1.475543294610469069e-01 9.662330000000000085e-01
2.593520909630270960e-02 -8.353845246430537108e-02 9.961670000000000247e-01
2.031299772069124557e-02 9.971298881126766656e-01 7.293399999999995720e-02
-7.793776216856183048e-01 -3.525758288576641419e-01 -5.179390000000002603e-01
-9.733216647828759616e-01 2.270319218090066371e-01 3.318800000000007855e-02
-7.808467799644301932e-01 1.678699526957630819e-02 6.244969999999999688e-01
-5.445099860779745865e-02 -8.058739793954223796e-01 5.895780000000000465e-01
5.190509270960795840e-01 -8.212878846450252235e-01 2.367960000000000065e-01
-4.594370832991277465e-01 -8.416141525904791143e-01 2.839070000000000205e-01
-1.052700293591378594e-01 -9.456342637313468469e-01 3.077240000000000530e-01
5.705588193633698291e-01 2.975434272936934854e-01 7.654609999999999470e-01
-6.357609132149120157e-01 4.922439328058204056e-01 5.945620000000000349e-01
1.862779831369662242e-01 -6.015019455483281430e-01 7.768500000000000405e-01
3.362733768902635423e-01 2.464095434066559259e-02 9.414420000000000011e-01
2.942674295195693568e-01 -4.675746824828576620e-01 8.335350000000000259e-01
9.266920677584391530e-01 9.299200679944663595e-02 3.641349999999999865e-01
6.385795578210358148e-01 -4.158813632865631660e-01 6.475020000000000220e-01
4.135619753624118489e-01 7.028479581284559075e-01 -5.787670000000000314e-01
2.257039104266294061e-01 3.567748584095130626e-01 9.065149999999999597e-01
-3.905898399148065026e-01 1.862634005362455991e-01 9.015239999999999920e-01
3.331905135647047489e-01 4.913592826491510746e-01 8.047050000000000036e-01
3.741169326759972158e-01 -1.472419735031532673e-01 9.156180000000000430e-01
9.871148568580455362e-02 2.318797918420257842e-01 9.677229999999999999e-01
-6.850430941486344016e-01 -7.248020996128979876e-01 7.333400000000005192e-02
-4.879688773129939872e-01 8.367487896214109711e-01 2.484710000000000252e-01
6.039399301024596101e-01 -6.465089251756980238e-01 4.661359999999999948e-01
2.725479624764944875e-01 7.447148974701065516e-01 6.091940000000000133e-01
8.887676609219543611e-01 4.573478255150207339e-01 3.041399999999990639e-02
1.220429794621575581e-01 -4.440249252778489253e-01 8.876640000000000086e-01
3.175528998522415547e-01 9.030147152131199340e-01 2.893520000000000536e-01
-7.544970010861090648e-01 6.562960009447473819e-01 -3.136000000000030256e-03
-9.982556619377336293e-01 5.585098108589796329e-02 -1.913899999999995466e-02
-1.772960284629020999e-01 -8.688941394912741423e-01 4.621569999999999845e-01
-6.596730157059080835e-01 7.421150176687388855e-01 -1.187299999999999883e-01
2.865744152589602134e-01 1.939302810135258293e-01 9.382249999999999757e-01
6.442903207733122750e-01 -7.034773502408036006e-01 3.000160000000000604e-01
-9.188021453649553028e-01 1.501710237587650099e-01 3.650359999999999716e-01
-3.690760340999341138e-01 7.532050695906555848e-01 5.444860000000000255e-01
7.624022867664200787e-01 6.163894233626488611e-02 6.441609999999999836e-01
5.944400972036190112e-01 6.749791103734633646e-01 4.370859999999999190e-01
-7.254666184817393226e-01 -6.760806444535079063e-01 -1.288920000000000621e-01
4.415619905505099863e-01 7.199879845921537402e-01 5.353879999999999750e-01
4.615978524055837084e-01 1.719939450054938646e-01 8.702560000000000295e-01
8.111328184380539597e-01 4.568918977304576856e-01 3.651209999999999178e-01
-9.307699087906405877e-01 2.817689723884846953e-01 2.329670000000000629e-01
-1.803470308434884928e-01 9.279581587021787925e-01 3.261419999999999320e-01
-2.118619634282716546e-01 -9.632808337179338265e-01 1.649380000000000290e-01
6.872901032850496639e-02 -7.159901075980480423e-01 6.947189999999999754e-01
-2.301939070133146581e-01 -3.570418557731649400e-01 9.052799999999999736e-01
5.359708758130868889e-01 -1.609719627020570754e-01 8.287480000000000402e-01
-1.612661819115733530e-01 -5.327486009513900944e-01 8.307660000000000045e-01
6.504406732793556190e-01 4.152847913997075868e-01 6.359759999999999858e-01
-9.765807485319440984e-01 1.189619693674741491e-01 1.792710000000000969e-01
-2.093589700103651585e-01 8.465758787322014145e-01 4.893649999999999389e-01
-6.115229503171619729e-01 3.494079716125460533e-01 7.098970000000000002e-01
-3.244170427605999607e-01 1.254200165312986844e-02 9.458309999999999773e-01
-5.993630375414379374e-01 -2.859780179123925237e-01 7.476500000000000368e-01
8.699612813068280381e-01 -1.310000423595936679e-02 4.929459999999999953e-01
5.379549843137398923e-01 -8.412619754695941365e-01 5.369100000000007894e-02
1.888900038699232176e-01 -9.051770185450027650e-01 3.807560000000000944e-01
8.824942685899566097e-01 2.779190845855634140e-01 3.794270000000000143e-01
4.653969880261469849e-01 8.015609793772338065e-01 3.753740000000000410e-01
9.728517815931303492e-01 -1.688809620859384741e-01 1.582360000000000155e-01
7.725070388149725131e-01 -6.082000305592909495e-01 1.825529999999999653e-01
-4.982547591016528443e-01 4.289389317320066453e-02 8.659689999999999888e-01
-6.789974277915862277e-01 -6.230983925732835882e-01 3.882149999999999213e-01
9.553526158245982947e-01 1.952579214810435393e-01 2.217560000000000364e-01
-6.384238185561550427e-01 6.196058239043412685e-01 4.566219999999999168e-01
-7.572651193108610457e-01 -6.187930974939098716e-01 2.089130000000000154e-01
-7.108551339574453731e-01 -1.414450266546775081e-01 6.889690000000000536e-01
-6.226490072668542375e-01 -7.377580086102765167e-01 2.608089999999999575e-01
-4.162200239326843687e-02 -9.925050570691188456e-01 1.148969999999999297e-01
2.184380219304171422e-01 6.311190633621572843e-01 7.442940000000000111e-01
-1.957919548386237996e-01 -9.806287738081471694e-01 -5.720000000000061841e-03
-8.330980749837808563e-01 5.373540483650596222e-01 1.311419999999998975e-01
7.996909908308141857e-01 6.000549931198227993e-01 -2.069599999999990197e-02
4.319801598843319157e-01 -7.023352599480584546e-01 5.657900000000000151e-01
-1.110659433918759209e-01 -6.826486520674251990e-01 7.222570000000000379e-01
9.374603837277122043e-02 7.260872972070308018e-01 6.811819999999999542e-01
4.998997613424777664e-01 4.628507790300604441e-01 7.320309999999999873e-01
-3.311550854669413346e-01 4.718541217795841902e-01 8.171230000000000437e-01
1.197001243567527226e-02 -5.745655969176102218e-01 8.183709999999999596e-01
6.616508009596632212e-01 -4.905098524429410412e-02 7.482060000000000377e-01
-6.519563069863971716e-01 3.157101486583064470e-02 7.575990000000000224e-01
-3.174459348214962451e-01 9.250238100726414503e-01 2.087080000000000046e-01
-5.458099432105949500e-01 -8.286029137870847272e-01 1.245339999999999780e-01
-2.016072146958619582e-01 5.896416279220597634e-01 7.820979999999999599e-01
9.405110343094349457e-01 -9.047300330041593841e-02 3.274960000000000648e-01
-2.860560616614304941e-01 9.581012065255695154e-01 1.462900000000000832e-02
-9.581697650594819260e-01 -1.905139532865172680e-01 2.135769999999999613e-01
-2.707274298530311096e-01 3.217885109263103338e-01 9.072810000000000041e-01
-8.810842854831260063e-01 -2.963000960052206492e-03 4.729499999999999260e-01
-5.730628182385630875e-01 -1.285081834883506913e-01 8.093730000000000091e-01
-6.191983458958524311e-01 7.263364057451893174e-01 2.983769999999999478e-01
-5.022788313640889069e-01 7.506937479608613017e-01 4.291559999999999264e-01
-5.261607221762255593e-01 -7.377396104581838143e-01 4.229600000000000581e-01
-2.837525528690410664e-02 9.956889580287109354e-02 9.946260000000000101e-01
-9.445727052614084629e-01 -3.137429021016162056e-01 9.668400000000007544e-02
7.871726984246968373e-01 -1.197909541066485423e-01 6.049870000000000525e-01
-2.373020005320217729e-01 -7.634530017116314404e-01 6.006890000000000285e-01
-8.025857350513142530e-01 -4.927168373448806982e-01 3.362829999999999431e-01
-8.244873822616990422e-01 -3.356447485217832205e-01 4.555909999999999682e-01
-3.584898435246395287e-01 -8.156336439883284939e-01 4.541219999999999701e-01
9.334585811682961642e-01 -3.427172133746295146e-01 1.058299999999999519e-01
-3.686006371069376966e-03 5.709349868312786347e-01 8.209870000000000223e-01
5.329904687591457968e-02 -8.116517138385890284e-01 -5.817050000000001386e-01
-7.199179640306213601e-01 6.743329663081918390e-01 1.642960000000000254e-01
6.077529561263180780e-01 -7.879709431163827160e-01 -9.868199999999993643e-02
8.258558737350163437e-01 -3.901489403501856024e-01 4.071190000000000642e-01
-6.904896719089295698e-02 6.914696714432752023e-01 7.190980000000000150e-01
6.240904439663381709e-01 1.255700893282268304e-01 7.711959999999999926e-01
-4.536601076009369460e-01 3.406830808045892556e-01 8.234850000000000225e-01
-4.274243539116021617e-01 -1.268961050712328897e-01 8.951010000000000355e-01
8.602851320341801111e-01 -4.518230693445536850e-01 2.361470000000000513e-01
-3.719150075005873690e-01 -9.199910185538976437e-01 1.236759999999998971e-01
-4.413908687695975996e-01 8.935057343508322480e-01 8.259300000000008302e-02
-9.032944537051866840e-01 -1.804220906220976861e-01 3.892389999999998906e-01
-2.330830810588259971e-01 9.531563314772265594e-01 -1.927830000000000654e-01
8.365776973917985471e-01 1.715421430017606552e-01 5.202989999999998449e-01
9.899833720845880869e-01 1.385180520619171962e-01 2.730699999999999794e-02
-4.571003924868789481e-01 -5.683134879794259353e-01 6.841629999999999656e-01
-8.535135833268955308e-01 3.133178470427156470e-01 4.163490000000000801e-01
-2.938710211208998002e-01 -9.032900649206541122e-01 3.125810000000000533e-01
-1.417530493386471024e-01 4.499771566193055961e-01 8.817180000000000017e-01
3.589571561179651371e-01 -8.793343824408907938e-01 3.129230000000000067e-01
4.008621462904303767e-01 -3.182383222530397737e-01 8.590889999999999915e-01
7.163287157983324605e-01 2.411419043275387641e-01 6.547699999999999632e-01
-9.911211027485716807e-01 -5.185200537544759625e-02 1.224349999999999189e-01
-2.877479260489873569e-01 -6.326078374202350751e-01 7.190330000000000332e-01
-8.204508839864872449e-01 -1.630149769493329515e-01 5.479840000000000266e-01
5.055163159784119564e-01 5.262003289071768598e-03 8.628010000000000401e-01
-5.651166268595536613e-01 1.974612190352323660e-01 8.010319999999999663e-01
-7.508367366802521925e-01 5.808467962960196518e-01 3.144219999999999238e-01
7.133293530318586539e-02 -2.680447568915151901e-01 9.607620000000000049e-01
1.630879440338212083e-01 9.674076680189284128e-01 1.937129999999999130e-01
2.024633419825598579e-01 -1.207892040260759720e-01 9.718120000000000092e-01
4.622842806433872243e-01 -4.741742878615688994e-01 7.493009999999999948e-01
-6.047830332663941544e-01 -7.928440436107844214e-01 -7.507200000000005535e-02
-2.237978256184699477e-01 7.335134284520256065e-01 6.417730000000000379e-01
-1.512676443028189155e-01 -3.857190930036976523e-02 9.877399999999999514e-01
1.241100049610400491e-01 -9.909070396094533661e-01 5.196099999999998637e-02
-3.293850241380378296e-01 -4.779000350215347748e-01 8.143200000000000438e-01
-8.552302262920625786e-01 4.358471153242010621e-01 2.803900000000000281e-01
-8.942264245746416318e-01 -3.459501642555655176e-01 2.840380000000000682e-01
6.773600567418450180e-02 -9.642560807748671303e-01 2.561680000000000068e-01
-2.809099511762299869e-02 9.025508431314558377e-01 4.296659999999999924e-01
-9.520234213368891085e-01 -2.042198758701658720e-02 3.053429999999999755e-01
3.260498918929134460e-01 9.393136885554363991e-01 1.066829999999999168e-01
8.611859766479472711e-01 -5.055379862917535050e-01 5.282100000000011092e-02
-7.200502642399492226e-01 -4.800911761811285094e-01 5.010389999999999011e-01
-8.076999010186023537e-03 9.659568816246352219e-01 2.585770000000000568e-01
6.114738796939513943e-01 7.462648531741441493e-01 2.630369999999999653e-01
-9.177810812735666124e-01 3.878810343485780687e-01 8.500699999999991596e-02
8.967720119813686885e-01 3.805590050844782080e-01 2.257760000000000600e-01
