3.386404868808516877e-01 4.631672981937517974e-01 8.190229999999999455e-01
-9.121230111850618938e-01 -3.379290041439112491e-01 2.320250000000000368e-01
-1.705139744207033736e-01 9.500428574813116755e-01 2.614259999999998807e-01
1.480120209629201267e-01 9.353261324700984369e-01 3.213370000000000393e-01
3.443811653025279362e-01 1.059443584900720686e-01 9.328330000000000233e-01
-3.677403350141104643e-01 6.174295624828064488e-01 6.953759999999999941e-01
6.033819321223882204e-01 2.460019723259423419e-01 7.585600000000000120e-01
-9.491142217205682519e-01 2.612000610183940960e-02 3.138469999999998761e-01
2.688616822211630231e-01 -2.398666086478197790e-01 9.328330000000000233e-01
2.388819615310751321e-01 7.452778799824035794e-01 6.224920000000000453e-01
7.361494907656904174e-02 3.084647866182689269e-01 9.483829999999999760e-01
2.671088288601777827e-01 -7.567165151626759068e-01 5.966850000000000209e-01
-8.588981141655684937e-01 5.121100680701659025e-01 6.107999999999981500e-03
-6.168099156966626306e-02 -3.110709574839521929e-01 9.483829999999999760e-01
7.954321169092432031e-01 7.442001093793796686e-03 6.059970000000000079e-01
1.147238255226938758e-01 -5.621741450195291145e-01 8.190229999999999455e-01
6.513899106451076504e-02 -9.270308728338542137e-01 3.692840000000000011e-01
-2.553858628083429116e-01 -9.118775101452158971e-01 3.213370000000000393e-01
-7.441006467083970469e-03 6.044425253295443445e-01 7.966140000000000443e-01
-8.198373822522045939e-01 -1.987320926595715354e-01 5.370030000000000081e-01
7.199130028431646178e-01 -3.383680013363224992e-01 6.059970000000000079e-01
-9.941943167741081888e-01 -1.074260342285060649e-01 6.107999999999981500e-03
-9.039243022170763142e-01 -4.054161355463934413e-01 -1.362299999999999345e-01
6.526188680115181384e-01 -7.453388492594255066e-01 1.362300000000000733e-01
-8.042610261219123036e-01 5.001790162455124200e-01 -3.209130000000000038e-01
1.122389569190975767e-01 -9.921606191770127037e-01 5.495200000000009105e-02
7.913236712966369435e-01 3.643088486718544239e-01 4.910049999999999137e-01
4.456731382827563426e-01 8.154782530253024131e-01 3.692840000000000011e-01
-3.811728752619964466e-01 -2.413005540824606776e-01 8.924579999999999735e-01
-2.458762915759898637e-01 3.782374485384000784e-01 8.924579999999999735e-01
-5.916580080714660683e-01 -4.079130055647957054e-01 6.953759999999999941e-01
5.582548057750579273e-01 5.764707994374496103e-01 5.966850000000000209e-01
9.214552885072532229e-01 -2.012300630050458949e-01 3.323049999999999615e-01
-6.882055976018126575e-01 6.874135980648999888e-01 2.320250000000000368e-01
-7.973892239347619704e-01 1.741360489034884662e-01 5.777949999999999475e-01
5.510488840177030223e-01 7.924658332053465815e-01 -2.614249999999999075e-01
7.156741277799525403e-01 6.411551144749640940e-01 2.770030000000000547e-01
-7.285190005457875539e-01 -5.392880004040204733e-01 4.224080000000000057e-01
4.458948444496941832e-01 -4.751468342451447557e-01 7.585600000000000120e-01
-3.246535450346832996e-01 7.089890064318940532e-02 9.431720000000000104e-01
9.395576223518209424e-01 1.193579520249613557e-01 3.209130000000001148e-01
5.644911083592855094e-01 -1.232750236637801394e-01 8.161819999999999631e-01
-4.368470328642902745e-01 -7.020460528153874558e-01 5.624019999999999575e-01
-6.298036775831060696e-01 -4.361304692170728942e-02 7.755290000000000239e-01
5.674059603929745288e-01 -6.610329538574656327e-01 4.910049999999999137e-01
-0.000000000000000000e+00 -0.000000000000000000e+00 1.000000000000000000e+00
1.044040224981209602e-01 -8.202461767556199490e-01 -5.624020000000000685e-01
2.133549459518652158e-01 9.769747525079021111e-01 6.123233995736766036e-17
-5.542846888976094011e-01 3.021973755886709911e-01 7.755290000000000239e-01
3.832311921535186405e-01 -8.811374418055295532e-01 2.770030000000000547e-01
-6.623503414015553536e-01 5.224172692745168156e-01 5.370030000000000081e-01
4.373731911727257171e-01 -7.938993470077845283e-01 -4.224079999999998947e-01
-2.587459437566350107e-01 -5.463118812486950082e-01 7.966140000000000443e-01
7.743802557657730734e-01 6.283342075290312412e-01 -7.437299999999995304e-02
-8.735953176171028511e-01 3.719291352240011728e-01 3.138469999999998761e-01
-9.769747525079022221e-01 2.133549459518650493e-01 6.123233995736766036e-17
-9.356094600376217707e-02 -7.770135515670760773e-01 6.224920000000000453e-01
4.419368753778900039e-01 -8.939577479121859627e-01 -7.437299999999995304e-02
5.156370594980427269e-01 8.550430986612382878e-01 5.495200000000009105e-02
