-2.190596918239514912e-01 1.752329535475430355e-01 9.598470000000000057e-01
-6.128557742808603548e-01 7.447667256971187699e-01 2.640650000000001052e-01
-8.264999943286392009e-03 -7.513799948441117760e-01 6.598180000000000156e-01
9.545244562894397156e-01 -1.900898917221231776e-02 2.975260000000000682e-01
-8.483360433791299338e-01 1.601760081904995137e-01 5.046479999999999855e-01
9.631090812019083014e-01 4.636000390871693883e-02 -2.650879999999999348e-01
8.197200223545594300e-01 2.568430070043576929e-01 5.119479999999999587e-01
1.791450415378619820e-01 8.888452060940631450e-01 4.217360000000000553e-01
4.669080818197682836e-01 8.669001519133472389e-01 -1.745879999999999932e-01
4.751798857465938108e-01 7.939358091041452958e-01 3.793019999999999725e-01
-8.116023618406138507e-01 5.761442568651858886e-01 9.674399999999991340e-02
1.529049963728994488e-01 -9.834029766724339261e-01 9.766599999999996118e-02
7.602376924600127150e-01 6.295337453338583078e-01 1.603930000000000633e-01
-6.947510081979121899e-02 4.379536355427133820e-01 8.963090000000000224e-01
5.048493871240147257e-01 -1.844481414368460137e-01 8.432709999999999928e-01
-5.122093066154833618e-01 3.451592066170128259e-01 7.864520000000000399e-01
-4.275599411506547654e-01 -4.425829390828896481e-01 -7.882339999999998792e-01
9.040054243298407677e-01 1.236670580479072856e-01 4.092440000000000522e-01
-5.912031261050328945e-01 -5.939371266882015332e-01 5.456349999999999811e-01
3.466790187582792226e-01 9.297760503087809658e-01 1.238150000000000084e-01
6.964452953390515288e-01 -6.750922862839578986e-01 2.433400000000000007e-01
7.584280470441652211e-01 6.514040404056251621e-01 -2.143999999999995909e-02
8.932030677014216602e-01 3.020320228928874973e-01 3.331139999999999657e-01
8.039770123672493884e-01 5.032960077419964540e-01 -3.167240000000000055e-01
3.763342140593976537e-01 -8.153804637894838947e-02 9.228889999999999594e-01
9.697720023437944592e-01 -1.659440004010619141e-01 1.788990000000000302e-01
8.128502516569019454e-02 -9.162772836777157703e-01 3.922100000000000586e-01
2.015099194468315813e-02 9.895516044288166224e-01 1.427639999999999465e-01
-6.932147157097112711e-01 7.143597070380609537e-01 9.562199999999999867e-02
3.698805750527964231e-01 -4.516584811000591837e-01 8.119070000000000453e-01
-7.435180477618335004e-01 6.133390393994432310e-01 2.664509999999999379e-01
-5.995922182930839561e-01 -2.917021061997645548e-01 7.452509999999999968e-01
3.317569753671200661e-01 9.408719301404735447e-01 -6.853700000000004233e-02
5.717615040065202603e-01 1.739311533199328075e-01 8.017710000000000115e-01
3.358468830021483220e-01 8.890356902896201508e-01 3.111630000000000229e-01
8.986827907451685471e-01 3.642599151834796101e-01 -2.443029999999998814e-01
5.295925574960658189e-01 -3.450487116926772568e-01 7.749019999999999797e-01
9.392978187787295319e-01 -2.797899460193684074e-01 -1.985880000000000423e-01
6.398810706631332668e-01 -7.644560844201596650e-01 7.847999999999996645e-02
-2.288886446812263553e-01 -2.945108295107999943e-02 9.730069999999999553e-01
-9.294043010499727364e-01 1.360310440627853223e-01 3.430790000000000783e-01
6.908061428316392139e-01 3.413095764951235705e-02 7.222340000000000426e-01
-6.070991817552705561e-01 -4.496081346051035155e-01 6.551970000000000294e-01
8.613859659876517139e-01 5.046719800727202943e-01 5.762300000000007694e-02
-1.545910397837007288e-01 -9.770132514324431083e-01 1.467879999999999741e-01
7.310151386538576990e-01 -5.587841059862754811e-01 3.916339999999999266e-01
9.791816397183472631e-01 -1.129399584446917348e-01 -1.686650000000000926e-01
3.230297948718192230e-02 -6.041666163462282579e-01 7.962029999999999941e-01
-1.901929159413195958e-01 8.077336430097102893e-01 5.580260000000000220e-01
1.396090415757022529e-01 8.004502383748247629e-01 5.829140000000000432e-01
2.072875336819278158e-01 -3.703261669070437856e-01 9.054780000000000051e-01
7.705350925004924578e-01 -6.328590759728878190e-01 7.592799999999998162e-02
3.913147838141540769e-01 -8.822935125679446378e-01 2.615930000000000755e-01
-5.223054344477062738e-01 5.613293921925671670e-02 8.509090000000000265e-01
-3.670998460562335253e-01 8.062274656999501854e-02 9.266809999999999770e-01
-8.502301217184311810e-02 -1.446857224373803430e-01 9.858179999999999721e-01
6.294678668168377511e-01 7.305458454307026672e-01 2.647130000000000316e-01
-3.378941393436021290e-01 8.427343475338159307e-01 4.190780000000000616e-01
7.365213848782246053e-01 5.855603059916733022e-01 3.386080000000000201e-01
1.095900345361401282e-02 -8.641732723350703527e-01 -5.030749999999999389e-01
8.316664883342120840e-01 1.772158909715495778e-01 -5.262369999999998438e-01
-2.162300597202968799e-01 9.400652596353918922e-01 -2.636700000000000155e-01
-6.244941067836855542e-01 -7.750961325354724929e-01 9.608899999999992447e-02
6.467128255675590465e-01 -1.487409598813450584e-01 7.480900000000000327e-01
4.071457996216736874e-01 1.031579492304299239e-01 9.075189999999999646e-01
2.030293470141208145e-01 -5.379559194646151843e-01 8.181580000000000519e-01
7.042810965849634064e-01 3.776570517918096948e-01 6.011349999999999749e-01
3.043149214451091322e-01 -7.592968039975258598e-01 5.752049999999999663e-01
8.277512071591284215e-01 -2.464310616736569148e-01 5.040829999999999478e-01
3.312637982979623752e-01 -6.233786204332059100e-01 7.082819999999999672e-01
-4.432935357980511415e-01 -2.709607162591321505e-01 8.544420000000000348e-01
4.676350921760676904e-01 -6.778781336173048677e-01 5.672730000000000272e-01
6.247486335271946745e-01 -4.291264351562405488e-01 6.523339999999999694e-01
1.172110455214776525e-01 6.703712603533672487e-01 7.327099999999999724e-01
-7.267238744188233568e-01 -4.770249175679340814e-01 4.942869999999999209e-01
8.832397058039920257e-01 -6.128304897178005195e-02 4.648999999999999799e-01
-2.636715883144544748e-01 -2.111984712343646375e-01 9.412080000000000446e-01
-5.498331530156711500e-01 8.302742310609462217e-01 9.125900000000000678e-02
3.274162503026374349e-01 8.054126157205141467e-01 4.940740000000000132e-01
8.473796148086167879e-01 4.710217858887209008e-01 2.451250000000000928e-01
-3.674297838593444387e-01 4.455987378764391660e-01 8.163559999999999706e-01
7.970991782605074683e-01 4.249650950377262260e-01 4.289960000000000440e-01
-4.003667329123620777e-01 2.481168344794066338e-01 8.821250000000000480e-01
6.166979059072935643e-01 -5.728679125946565254e-01 5.399129999999999763e-01
-2.915944924144404649e-01 -3.795253393510962248e-01 8.780280000000000307e-01
-5.459701581906555024e-02 -8.635522502076250495e-01 5.012949999999999351e-01
9.957490196338064647e-01 5.477400108001326262e-02 -7.405199999999997895e-02
4.054506456339351805e-02 -4.436147064058520439e-01 8.952999999999999847e-01
2.046080444812715116e-01 -6.850871489362139188e-01 -6.991359999999999797e-01
4.679460419073135924e-01 6.877760615943816491e-01 5.549690000000000456e-01
2.588399033633657642e-01 2.198579179171027131e-01 9.405660000000000132e-01
2.371186326829554103e-01 3.020582582161501078e-02 9.710109999999999575e-01
7.096174981916615332e-01 2.099471473947844280e-01 6.725809999999999844e-01
-8.502300151211451551e-01 4.567980081240475276e-01 2.616190000000000460e-01
-6.201842449778836169e-02 2.611237873151583955e-01 9.633110000000000284e-01
1.856380083750942267e-01 9.817020442896756682e-01 4.242199999999993199e-02
2.213978214301169645e-01 -1.745768591938749448e-01 9.594300000000000050e-01
5.871748763511519531e-01 7.613638396699764499e-01 -2.748649999999999705e-01
1.839469647990406020e-01 9.550888172296965184e-01 2.323119999999999630e-01
9.032600732472135796e-01 -4.185600339418924509e-01 -9.449200000000011757e-02
-3.679729589773594323e-01 6.037109326966396683e-01 7.071979999999999933e-01
9.786161391608773075e-01 2.024960287952792537e-01 3.613600000000007084e-02
-2.534508823872945182e-01 -8.603306007675780576e-01 4.422600000000000420e-01
9.143809213133817781e-01 2.000369827859119209e-01 -3.519840000000000191e-01
8.137184766348999343e-01 8.106204748202477939e-02 5.755789999999999518e-01
4.372651204362129618e-01 -7.942082187492799372e-01 4.219389999999999530e-01
-5.203947234087570317e-01 5.011747336242352580e-01 6.913850000000000273e-01
-5.274890418183874052e-01 -7.221030572470382713e-01 4.475740000000000274e-01
-8.348842800576764533e-01 -3.448421156755299144e-01 4.290129999999999222e-01
9.636588728742369325e-02 5.078644059857981841e-01 8.560299999999999576e-01
-4.627001048750185586e-01 8.480471922173004051e-01 2.583109999999999573e-01
-2.919911308997272803e-01 -9.216964131968282681e-01 2.553760000000001029e-01
-2.360307997757039589e-01 3.514007019077246552e-01 9.059840000000000115e-01
9.143299488952880694e-01 -2.093619882981147817e-01 3.466530000000000444e-01
2.568237312349811452e-01 5.599214140444549459e-01 7.877370000000000205e-01
-3.384099574582192377e-02 7.528409053597786560e-01 6.573320000000000274e-01
5.614018150085590131e-01 5.159428299880673974e-01 6.470169999999999533e-01
-6.440493147043787614e-01 6.365403110352243488e-01 4.242839999999998835e-01
-3.055078623811761651e-01 -5.344107592697626696e-01 7.880800000000000027e-01
-7.381520331188402562e-01 1.795700080568095880e-01 6.502970000000000139e-01
9.296390515094214990e-01 3.649160202192594515e-01 -5.106399999999996359e-02
1.866400474085499681e-02 -9.738732473741299467e-01 2.263240000000000252e-01
-4.832502807438389392e-02 6.101963544930515404e-01 7.907750000000000057e-01
8.185598755818019878e-01 -5.236839204019014815e-01 2.360400000000000831e-01
-8.723188787634618135e-01 3.122249566063814430e-01 3.762650000000000716e-01
-7.162869558130773306e-01 -1.535239905292807572e-01 6.807079999999999798e-01
4.853065313680567372e-01 -5.334894848406155354e-01 6.927240000000000064e-01
3.263590669455045945e-01 -9.409001930053260132e-01 9.053499999999996273e-02
-5.716709426737115463e-01 -1.228219876835986296e-01 8.112380000000000146e-01
8.469812468993404009e-01 -3.881661131523959085e-01 3.632490000000000441e-01
-4.616684584939157454e-01 -4.357384889080280765e-01 7.726539999999999520e-01
-6.751750092311472606e-01 2.070300028305601878e-02 7.373669999999999947e-01
9.286077214195558316e-01 3.421828973458206913e-01 1.435219999999999552e-01
9.926405421125559236e-01 -1.210279441719598614e-01 4.121999999999946020e-03
-4.089804747040913235e-01 -9.962187204532965690e-02 9.070890000000000342e-01
-8.974070327225337484e-01 -2.316600084471162960e-02 4.405950000000000144e-01
4.264525103561154218e-01 2.780306807709668204e-01 8.607190000000000119e-01
2.672210425637212561e-01 -8.649771377759980506e-01 4.247440000000000104e-01
6.955999697230261410e-03 9.995399564935921743e-01 -2.952099999999999863e-02
-8.007228374256616377e-01 -7.999998375711453837e-05 5.990349999999999842e-01
-7.672417722023772146e-01 4.860638556853980052e-01 4.184280000000000221e-01
9.175151687102459652e-01 -3.449590634301539782e-01 1.979119999999999213e-01
7.485627051677957722e-01 -4.191418349149506617e-01 5.137840000000000185e-01
-1.130532615241314626e-01 -3.295757624018435528e-01 9.373359999999999470e-01
5.444505045508298835e-01 -2.581002391855435896e-03 8.387890000000000068e-01
9.565448758091101844e-01 -2.911119622041217769e-01 1.660500000000000864e-02
5.966510156197230019e-01 6.721410175959752209e-01 4.384449999999999736e-01
3.627285445723250068e-01 -2.832526443591352749e-01 8.878040000000000376e-01
-6.560149198243453439e-01 3.506899571400038940e-01 6.683270000000000044e-01
-3.593137886383912516e-01 7.363275668649962302e-01 5.733369999999999855e-01
-1.640231095383974103e-01 9.013286019279288519e-01 4.008780000000000121e-01
1.016948096198764667e-01 3.366563697546464118e-01 9.361199999999999521e-01
4.958480831770789021e-01 8.454961418295275921e-01 1.981690000000000673e-01
-5.980769755895392059e-01 1.934659921037019947e-01 7.777370000000000116e-01
9.098479898513693598e-02 1.469666753030568207e-01 9.849480000000000457e-01
-3.813612743211547973e-01 -7.521805410592224961e-01 5.373900000000000343e-01
6.713715138140741168e-01 5.345996128599406205e-01 5.132870000000000488e-01
8.766141757037706483e-01 -4.756300953327056158e-01 7.296300000000005559e-02
4.934439362717396582e-01 8.696998876783020860e-01 1.162699999999989610e-02
3.844969867278137943e-01 -9.193319682662142167e-01 -8.361099999999997701e-02
7.088333493250560391e-01 -2.763251361776978277e-01 6.489989999999999926e-01
9.926110586850729334e-01 2.586400152912946698e-02 1.185509999999999065e-01
1.286259053955120246e-01 -8.232733944815565641e-01 5.528800000000000381e-01
9.632708270066397960e-01 2.136229616355516114e-01 -1.627099999999999103e-01
-2.996488680913941827e-01 9.212545944539686227e-01 2.479929999999998802e-01
-6.942550459373790506e-02 6.026743803170044739e-02 9.957650000000000112e-01
4.896871265755715630e-01 -8.678432243223197506e-01 8.399199999999992783e-02
-7.319390552858017207e-01 -6.505530491384450276e-01 2.025980000000000558e-01
7.735098335334993080e-02 -5.819598747568295594e-02 9.953039999999999665e-01
8.467286561925503330e-01 5.155837906512944491e-01 -1.312400000000000788e-01
4.089651777447563807e-01 5.936072579940375737e-01 6.930929999999999591e-01
7.767622491243317828e-01 -3.365331079333937492e-01 -5.323400000000002574e-01
2.812501985336764987e-01 7.096845009641731261e-01 6.459460000000000202e-01
2.670622624480905594e-01 3.969893901304004658e-01 8.781099999999999461e-01
5.516820027981335084e-01 -7.954570040345613213e-01 2.507889999999999842e-01
9.589145126847317124e-01 1.678559146965146465e-01 2.287079999999999669e-01
6.043724636255393828e-02 -2.608930634879200183e-01 9.634740000000000526e-01
7.804020860803726478e-01 -9.914301093573105184e-02 6.173680000000000279e-01
-6.809079195715208588e-01 -6.269049259503255422e-01 3.786219999999999586e-01
-4.987898099939068741e-01 7.563597118767249050e-01 4.232359999999999456e-01
-1.266720490538114641e-01 9.640823733413595997e-01 2.334510000000000196e-01
-3.026271270308550920e-01 -6.729662824845319413e-01 6.749319999999999764e-01
-6.563496605989007637e-01 5.036445069051260770e-01 5.617360000000000131e-01
-1.190840077392018581e-01 -9.332910606540543164e-01 3.388019999999999921e-01
5.787947022341620729e-01 3.470188214732274901e-01 7.379529999999999701e-01
-1.372620742995910859e-01 -6.493693515018810203e-01 7.479829999999999535e-01
6.387160044748483312e-01 7.646970053574719817e-01 8.532500000000009521e-02
-2.120149445186898796e-01 5.344768601349705328e-01 8.181589999999999696e-01
-1.839869861797923389e-01 -7.818429412717601279e-01 5.957099999999999618e-01
2.595899036645063496e-02 9.410166507826280835e-01 3.373630000000000240e-01
1.981079226508342395e-01 -9.774856183509663676e-01 -7.262999999999994460e-02
-5.162138884645068870e-01 6.399088617384147692e-01 5.692450000000000010e-01
-4.602227131427870654e-01 -5.930616303441759163e-01 6.606610000000000538e-01
-7.338524593556575715e-01 -3.205212006305560579e-01 5.989379999999999704e-01
1.647012025720648309e-01 -6.968548570874106840e-01 6.980450000000000266e-01
5.924907152428406931e-01 -6.965096652502585917e-01 4.047580000000000622e-01
-4.183977172018643054e-01 -8.359904349478342045e-01 3.550539999999998697e-01
1.324679087341760486e-01 4.982366567321137030e-01 -8.568619999999999015e-01
