5.778439273599257353e-01 3.846349516479967146e-01 7.198280000000000234e-01
3.335568307847224245e-01 -9.039625414146605920e-01 -2.675660000000000260e-01
4.108250250847738649e-01 -7.544640460672031868e-01 5.118659999999999322e-01
-1.247079379514910158e-01 -9.444525300870802997e-01 3.040679999999999494e-01
4.940207743266960549e-01 -8.182796262022240530e-01 -2.938740000000000241e-01
-4.826533462786836148e-01 4.643033711324839330e-01 7.426089999999999636e-01
-2.544521973267891424e-01 6.776895255458569300e-01 6.899210000000000065e-01
-9.256378455010503270e-01 -3.772029370407575244e-01 -3.020800000000006813e-02
-1.683625171121337083e-01 -3.232452330145647174e-02 9.851950000000000429e-01
6.815417691820725432e-01 -1.410189522410749408e-01 7.180630000000000068e-01
3.034722025901147591e-01 5.390373598472599781e-01 7.857119999999999660e-01
-7.283058038553055780e-02 -1.802979612106214713e-01 9.809120000000000061e-01
1.663110889077801247e-01 -7.035843761272051466e-01 6.908760000000000456e-01
7.138380443467733372e-01 3.204410199072119658e-01 6.226979999999999738e-01
2.322708293376620214e-01 7.758374299489517734e-01 5.866230000000000055e-01
9.048197482306653827e-02 3.522919019735168966e-01 9.315059999999999452e-01
-4.698433239256795679e-01 1.716097530646043534e-02 8.825830000000000064e-01
-4.315799859529654281e-01 -1.830069940435014864e-01 8.833159999999999901e-01
7.247828293163217639e-01 -3.832669097420590143e-01 5.725350000000000161e-01
-9.110011951538938835e-01 3.120010668366006157e-01 2.696889999999999565e-01
5.190210570591524686e-01 6.284420690884719995e-01 5.793770000000000309e-01
-2.980150033099148166e-01 9.494760105453909915e-01 9.839899999999997260e-02
-7.663380289236695342e-01 -4.829790182289340761e-01 4.236240000000000561e-01
9.406599946239853072e-01 3.117649982182156831e-01 -1.340200000000000558e-01
-6.459568291897032077e-01 -7.608607988056583782e-01 6.189200000000000257e-02
4.106349252936583039e-01 4.032289266410232220e-01 8.177929999999999922e-01
3.420461864444314659e-01 9.367575106129767404e-01 7.409299999999992281e-02
6.687511267871713017e-01 5.870261112930911240e-01 4.562590000000000257e-01
-6.327856958502183771e-01 -4.922287634092050723e-01 -5.977399999999999380e-01
-9.765972497441985922e-01 -2.131960545204050761e-01 -2.837699999999993006e-02
3.618339129701639290e-01 2.361525958542481096e-01 9.018359999999999710e-01
6.801786388337208167e-02 -5.900588191805482552e-01 8.044900000000000384e-01
-8.679582572906464621e-01 -3.531261046778952917e-01 -3.492140000000000799e-01
-2.355899861623217129e-01 7.966599532071616530e-01 5.566240000000000077e-01
-5.753002199975331132e-01 -1.762340673927433321e-01 7.987309999999999688e-01
-8.426632103578938215e-01 -3.175090792612520474e-01 4.348639999999999728e-01
9.527822837714913229e-01 -3.026490901393583122e-01 2.468700000000005612e-02
-1.684669828278858028e-01 9.564159025109676415e-01 2.385110000000000841e-01
-5.054725991106898686e-01 -3.324023939794716331e-01 7.962449999999999806e-01
7.615690365022766972e-01 4.230460202767472033e-01 4.909629999999999272e-01
-7.215862177882770290e-01 6.837402063656412843e-02 6.889399999999999968e-01
4.087605646891210448e-02 1.757602428069280076e-01 9.835840000000000138e-01
-3.941852248718152318e-01 -9.140835214594761338e-01 9.523300000000003984e-02
-7.098552327625239355e-01 4.745281555984460775e-01 5.205079999999999707e-01
3.888801432185332030e-02 9.988393678570660628e-01 2.841899999999992349e-02
-2.353850202077745202e-01 -4.772570409724572471e-01 8.466519999999999602e-01
-1.408849487778322251e-01 5.895167856667589135e-01 7.953750000000000542e-01
-3.750587670536508766e-01 3.670997719969263384e-01 8.512159999999999727e-01
-9.280343901335595946e-01 -2.318810974797904101e-01 2.915189999999999726e-01
2.529754901705122405e-01 3.834327429471680593e-01 8.882470000000000088e-01
5.004110273864800229e-01 9.840900538572514011e-02 8.601769999999999694e-01
1.408868915122703791e-01 5.179696011456750293e-01 8.437170000000000503e-01
-6.688544422173320347e-01 -7.064974671052555166e-01 2.312900000000000234e-01
3.363698385527527090e-01 6.709196779790493892e-02 9.393369999999999775e-01
9.906521365711054572e-02 -1.471013172581095152e-01 9.841480000000000228e-01
8.458939160115173106e-01 -2.861259715906618872e-01 4.501060000000000616e-01
-5.198309796134800154e-01 8.363039672021708171e-01 -1.742739999999999567e-01
8.026401015716509713e-02 9.865541248454088308e-01 -1.423679999999999390e-01
4.583250455123626388e-01 -8.785710872434231433e-01 -1.343540000000000290e-01
6.821088775231622936e-01 6.692418798335109109e-01 2.946909999999999252e-01
8.217700602781607966e-02 -8.145120597457746747e-01 5.742969999999999464e-01
7.882631659505222599e-01 -4.473700941833945732e-01 4.224939999999999807e-01
-1.295052419193650772e-01 1.409973521255157847e-01 9.815030000000000143e-01
-2.581228853303760284e-01 -8.867816060523140420e-01 3.833940000000001236e-01
7.859621799934609632e-01 5.123891173424026668e-01 3.460070000000000645e-01
-3.111612761403173555e-01 -5.997635322606144070e-01 7.371990000000000487e-01
-6.625329392766727832e-01 -2.882499735809401220e-01 6.913479999999999626e-01
-9.129587503064109377e-01 3.946308920687232047e-01 1.037920000000000509e-01
-9.547168662090009805e-01 -5.342399251333073557e-02 2.926800000000000512e-01
3.350896999213754945e-01 -6.741403962956102891e-01 6.582170000000000520e-01
-8.203789028865887678e-01 -3.797399550477941615e-02 5.705580000000000096e-01
-6.369716698479983563e-01 -5.446147177179961885e-01 5.455839999999999579e-01
-1.989209663863119038e-01 -7.101068800060563735e-01 6.754099999999999548e-01
6.476660749867741984e-01 -5.364790621135424598e-01 5.410350000000000437e-01
2.493779689663538357e-01 -7.974299007644598536e-01 5.494689999999999852e-01
-5.121219123898094194e-01 7.323788747098077812e-01 4.487230000000000940e-01
-5.462211189711013715e-01 -7.636801663353304237e-01 3.441440000000000610e-01
4.379301389046280635e-02 -9.570983035766962299e-01 2.864350000000000507e-01
3.561560142304507903e-01 6.597070263590337769e-01 6.617699999999999694e-01
-5.400989749114342153e-01 3.102489855883784342e-01 7.823290000000000521e-01
-3.407100914740088249e-02 9.279112491260560480e-01 3.712410000000000987e-01
3.945280337135683157e-01 7.577250647498111613e-01 5.198079999999999368e-01
6.716894705796654097e-02 7.667683956392074007e-01 6.383999999999999675e-01
-7.490521497217691449e-01 5.578931115125876916e-01 3.573179999999999690e-01
2.587310652638031283e-01 8.638562179040315536e-01 4.322159999999999336e-01
9.756022804230295442e-01 1.086670312347959022e-01 1.907660000000000744e-01
8.012289910469651000e-01 -5.916929933883470216e-01 8.905899999999990213e-02
-5.673488934209970358e-01 8.234728453069780629e-01 2.775999999999907882e-03
3.127145027606699768e-01 -4.171596706803607502e-01 8.533389999999999587e-01
-4.832829984128149126e-01 -5.844829980804566727e-01 6.517800000000000260e-01
-9.195698749380086801e-01 -1.822799752098265835e-01 -3.480880000000000640e-01
8.688523541523928140e-01 7.669203126039338125e-02 4.890949999999999465e-01
4.717240853469738537e-01 5.260840951820924261e-01 7.076099999999999612e-01
-2.531435319958955099e-01 2.698685671445323897e-01 9.290260000000000185e-01
7.363146590828932858e-01 6.740876878942699824e-01 5.870700000000000918e-02
7.872820332679181243e-01 -3.236600136767947555e-02 6.157430000000000403e-01
-0.000000000000000000e+00 -0.000000000000000000e+00 1.000000000000000000e+00
2.991320699172517195e-01 9.192482148593057456e-01 2.559349999999999681e-01
5.703308964169740980e-01 -4.695299147243650606e-02 8.200720000000000232e-01
-9.392342913074266386e-01 -4.956001537124508742e-03 -3.432409999999999628e-01
-4.106780178288723104e-01 6.058700263027939625e-01 6.813700000000000312e-01
6.411077621523117998e-01 2.043409241905662088e-01 7.397470000000000434e-01
1.320489461863487424e-01 -9.891055969117122926e-01 -6.506299999999992645e-02
-8.770657189687184330e-01 2.267009273600018582e-01 4.235120000000000551e-01
-4.145599182083827827e-01 -4.734809065834216790e-01 7.771460000000000035e-01
2.150870531665051155e-01 9.760832412740980679e-01 -3.160800000000007354e-02
5.341918964320555574e-01 -2.155123616531637032e-01 8.174310000000000187e-01
2.994270469416151492e-01 -8.688081362043198475e-01 3.943550000000000111e-01
6.233289840758493572e-01 7.712249802975585933e-01 1.291240000000000443e-01
-1.933676601110138893e-01 4.298832443794377012e-01 8.819350000000000245e-01
1.008999640566539922e-03 9.794406510961882750e-01 2.017300000000000482e-01
2.083988883277942683e-01 -9.439724941648138801e-01 2.559020000000000739e-01
1.693738809861876082e-01 3.463777115630740921e-02 9.849430000000000129e-01
8.702898288279801164e-01 -1.048249793826115661e-01 4.812559999999999616e-01
6.026131931310407808e-01 -7.395272370105180348e-01 2.999280000000000834e-01
8.991446956278680291e-01 -4.383198516230498581e-02 -4.354510000000000325e-01
7.195672522520465408e-01 -6.934532430974994499e-01 -3.668200000000007566e-02
-8.706057961288811153e-01 -4.745508888736772457e-01 1.297960000000000502e-01
-2.629670790945266567e-01 -9.439582839212190546e-01 1.994770000000000987e-01
3.681981338080075883e-01 -9.035543283634362988e-01 2.191340000000000232e-01
7.020827920623916585e-01 -5.943288239761524983e-01 3.922410000000000618e-01
4.569980416225664643e-01 8.713270793589161789e-01 1.787230000000001040e-01
2.567939549960833734e-01 -9.632948311796702967e-01 7.822999999999995235e-02
9.534963159542999556e-01 -2.442330809300369832e-01 1.766209999999998892e-01
6.382263365865519233e-01 -3.092241630780318551e-01 7.050159999999999760e-01
-1.080898715276275290e-02 -7.087001576602981467e-01 7.054270000000000262e-01
-3.017923430106174698e-01 1.054407704598268880e-01 9.475249999999999506e-01
-9.802934878440678901e-01 6.651196525071512156e-02 -1.860129999999999284e-01
2.047261157827132971e-01 2.101901455623529924e-01 9.559849999999999737e-01
-5.292862340208452920e-01 -6.806783009579716603e-01 5.064909999999999135e-01
3.246809050261732082e-02 -3.185078878193032814e-01 9.473639999999999839e-01
-8.692380826335958099e-01 -4.026660382792048853e-01 2.868540000000001089e-01
-3.330046942552033484e-01 -6.050412614027698976e-02 9.409819999999999851e-01
5.572122415143795360e-01 7.809813385033733679e-01 2.821040000000001324e-01
-6.305839458473663228e-01 6.193809468094458870e-01 4.676870000000000749e-01
-8.444579690439856234e-01 4.800419824026925797e-01 2.375929999999999431e-01
-5.337322027677759984e-01 -8.275123143764433475e-01 1.742220000000000713e-01
4.137449686234812574e-01 8.350219366757705153e-01 3.627030000000000531e-01
7.844032525529047728e-01 5.897211898714711520e-01 1.921990000000000920e-01
2.659291462793292871e-01 -1.129126375130218851e-01 9.573570000000000135e-01
8.389131201917142677e-01 -5.406610774609195147e-01 -6.253299999999997749e-02
-5.823097253626009495e-01 -4.444957903604175864e-01 6.806900000000000173e-01
-9.486007240317270162e-01 1.293729623626335701e-01 2.888239999999999696e-01
4.099771787168907666e-01 -5.311652315450802186e-01 7.414730000000000487e-01
7.749447918463578944e-01 -2.166959417944994415e-01 5.937200000000000255e-01
8.767857957902170929e-01 4.402018974737794133e-01 1.935690000000000188e-01
-7.910587707397329638e-01 -2.215909357797436474e-01 5.701960000000000361e-01
-3.617738706891915901e-01 8.299897033322521933e-01 4.245429999999999482e-01
-8.676100349342910634e-02 -8.079440325318412164e-01 5.828370000000000495e-01
-5.151640903873532240e-01 -8.569851503610612653e-01 -1.350600000000009605e-02
-3.075995553882175382e-01 5.233602435225385152e-01 7.946550000000000002e-01
-6.376731584991042201e-01 7.042351750436613989e-01 3.121309999999999918e-01
-7.718009251154221984e-01 3.144699694883097973e-01 5.526590000000000114e-01
8.903909905423513793e-01 -3.529879962505950153e-01 2.874079999999999413e-01
-7.077199297485768648e-02 8.442099161999737644e-01 5.313199999999999035e-01
-6.144669569398372166e-01 7.728269458424029681e-01 1.586469999999999270e-01
8.259186031419685214e-01 -5.023797586040061880e-01 2.558770000000000766e-01
1.341979232412272294e-01 9.373704638411334278e-01 3.214460000000000650e-01
-3.394833333101309747e-01 -3.395833331137476652e-01 8.771740000000000093e-01
4.162118358513445249e-01 -9.083876417434648687e-01 3.999499999999996808e-02
-4.111095262173552339e-02 -4.720624559722298441e-01 8.806059999999999999e-01
5.485183049667405886e-01 7.132633965621771877e-01 4.363290000000000224e-01
-9.672663566480915742e-01 2.153270793948755812e-01 1.342760000000001175e-01
2.413896312239835473e-02 6.355260290935184075e-01 7.717019999999999991e-01
-8.247502883411494956e-01 3.981291391900254606e-01 4.015969999999999818e-01
-5.550838087525982179e-01 5.720478029078592819e-01 6.038569999999999771e-01
-1.293340620748512082e-01 8.949054295165598250e-01 -4.271030000000000104e-01
1.484036677047513297e-01 3.452612269148935820e-01 -9.266990000000000505e-01
4.965912915430483188e-01 -6.181793629260096123e-01 6.093039999999999567e-01
-1.232728342561626306e-01 -5.988551948221311205e-01 7.913130000000000441e-01
-4.066090735027429459e-01 -7.965621439945793636e-01 4.473900000000000654e-01
-9.110902752837450602e-02 9.895662989950868571e-01 -1.116140000000000049e-01
-7.701483080939032499e-02 3.115033156716006668e-01 9.471190000000000442e-01
-2.467294244910025469e-01 -2.075723571223746511e-01 9.465930000000000177e-01
4.579488061096541052e-01 -8.158996545573128367e-01 3.529739999999999545e-01
-5.828391621823347801e-01 1.481237870755200414e-01 7.989730000000000443e-01
6.610002637581876561e-01 -7.413172958070021190e-01 1.163070000000000770e-01
-8.126876189476356371e-01 1.440089324771993418e-01 5.646240000000000148e-01
5.705509987494065127e-01 -4.657489989791225304e-01 6.764240000000000252e-01
6.774029595405849369e-01 4.476199732648905583e-02 7.342490000000000405e-01
-7.157204912796514273e-01 -1.163250798470149006e-01 6.886309999999999931e-01
5.631131957352144557e-01 -6.859512384330784807e-01 4.608410000000000006e-01
4.245919802273947496e-01 -7.941699630167080304e-02 9.018950000000000022e-01
-4.048248860113359826e-01 -8.699167550529813830e-01 2.817119999999999624e-01
-5.083054756876349556e-01 -2.605632438429628661e-01 -8.208119999999998750e-01
8.929157676307101221e-01 -4.380918859924931574e-01 1.038120000000000986e-01
1.411873001254950466e-01 -4.474969512558418794e-01 8.830700000000000216e-01
7.715579249057048505e-01 6.268679389881115505e-01 -1.083279999999998966e-01
2.434492912676075593e-01 -5.697836817006077803e-01 7.849070000000000213e-01
-3.706520286884004145e-01 -7.077430547791855320e-01 6.014289999999999914e-01
-9.532297826745801672e-02 7.328718329136559850e-01 6.736560000000000326e-01
-2.412100419240930868e-02 4.804980835141278162e-01 8.766639999999999988e-01
-6.872321096627933557e-01 2.419230386040698288e-01 6.849709999999999965e-01
-6.081452129456783595e-01 -1.771997706701585601e-02 7.936280000000000001e-01
3.746047574282915793e-01 -2.520108368128060050e-01 8.922790000000000443e-01
-9.268404967123864413e-01 1.737629056442628606e-01 -3.328260000000000107e-01
4.763607110454035620e-01 -3.752685601490186040e-01 7.951439999999999619e-01
1.886499825257496321e-01 6.621619386653346817e-01 7.252260000000000373e-01
2.001129698273546309e-01 -8.925198654275861010e-01 -4.041819999999999857e-01
-4.302084078413832557e-01 1.987671884330560745e-01 8.805749999999999966e-01
7.299562884779700056e-01 -6.420472537364103616e-01 2.343909999999999327e-01
8.463520566331570461e-01 5.316280355735817365e-01 3.255500000000002142e-02
7.500355050768205967e-01 -6.326325825470567876e-01 -1.929320000000000479e-01
-9.406878431167202681e-01 -2.788479534951133210e-01 -1.932620000000000449e-01
1.730720388751212646e-01 9.741142188037337224e-01 1.454219999999999680e-01
-9.897975358780422006e-01 3.617201958359199387e-02 1.378129999999999078e-01
9.550503913091108743e-02 8.669313552044378701e-01 4.891920000000000712e-01
-6.320464080973668963e-01 4.097552645692508766e-01 6.577370000000000161e-01
2.074826264568464529e-01 -2.864874842197627225e-01 9.353479999999999572e-01
7.708228803226445658e-01 1.492599768260131354e-01 6.193170000000000064e-01
9.987411212648399372e-01 4.303100522472525641e-02 2.577800000000001965e-02
-9.806587107244467694e-01 -1.404139585805690427e-01 1.363539999999999475e-01
-8.879013086606362126e-01 -1.398080486013939527e-01 4.382749999999999702e-01
7.814161429909310952e-01 5.625441029396510695e-01 -2.700610000000000510e-01
-6.660256717542027971e-01 -6.332726878962671169e-01 3.941769999999999441e-01
-9.913210176093818493e-01 1.295110023005753563e-01 -2.257299999999991605e-02
-3.981490881283783478e-01 7.216951597437388788e-01 5.662449999999999983e-01
8.320906388884151683e-01 2.559818889087062121e-01 4.920350000000000557e-01
-7.264207748193728387e-01 -3.907628788687864119e-01 5.653470000000000439e-01
-5.357597835820635673e-02 -8.933336391415924727e-01 4.461890000000000578e-01
-2.445561725813540643e-01 -8.128145735968067553e-01 5.287010000000000876e-01
