-2.750779538167592020e-01 -5.745279035416686053e-01 7.708760000000000057e-01
-5.540592784409524851e-01 1.586807933478121824e-01 8.172139999999999960e-01
5.034970333251735930e-01 5.416220358485694941e-01 6.731540000000000301e-01
2.684239627712194376e-01 -9.390768697557165812e-01 2.146700000000000275e-01
3.207113194403488077e-01 1.599786605201787559e-01 9.335689999999999822e-01
6.131139220862530381e-01 6.855309128835928023e-01 3.926050000000000373e-01
5.115418906058787352e-01 -3.884259169344433937e-01 7.664530000000000509e-01
2.056108199392429892e-01 -5.850704876328254311e-01 7.844849999999999879e-01
4.359781157697527054e-01 -8.650502297056836820e-01 2.482159999999999922e-01
3.040772710708712287e-02 2.001612036614010548e-01 9.792910000000000226e-01
-2.504180394057877734e-01 8.056741267808973372e-01 5.368239999999999679e-01
4.835500611929210435e-01 2.173355780453865016e-01 8.479060000000000485e-01
9.791443696019632714e-01 1.360060513388067771e-01 1.509259999999999491e-01
5.111290013305176405e-01 -5.401320014060152497e-01 6.685839999999999561e-01
-9.528377904807359133e-01 3.021639335572479101e-01 -2.823300000000011217e-02
-1.610099344363011969e-02 7.810786819425608041e-01 -6.242250000000001409e-01
9.864405952462933502e-01 -1.513569378956199363e-01 -6.345099999999997964e-02
-3.778690255285546001e-02 -2.006254826148986536e-01 9.789390000000000036e-01
-3.923806157418581186e-01 -2.876637182910635748e-01 8.736629999999999674e-01
7.903049133498978307e-01 -6.095209331712985179e-01 -6.246900000000006614e-02
3.287902239543249311e-02 9.193506262125025197e-01 3.920630000000000503e-01
-3.095288821426028236e-01 9.134166522039932623e-01 2.643140000000000489e-01
2.165688646372809223e-01 7.508665306835290432e-01 6.239369999999999639e-01
-6.902483422128529167e-01 1.684690835239757434e-01 7.036869999999999514e-01
9.773983014475704501e-01 -1.608810496186676986e-01 1.371489999999999654e-01
-8.927299906898874537e-01 1.743689981815385315e-01 4.154860000000000220e-01
-3.646929075482167604e-01 9.262167651986374928e-01 9.550700000000003631e-02
-3.968080276395977712e-01 9.146360637088241097e-01 -7.735799999999999621e-02
-8.119575394751173958e-01 -3.170892106781829645e-01 4.900810000000000444e-01
-3.493914746682392769e-01 -1.249288121617794928e-01 9.286109999999999642e-01
-5.346679870084595221e-01 -8.350599797094346854e-01 1.296339999999999992e-01
-1.073870170342561964e-01 -5.441530863162356013e-01 8.320849999999999635e-01
1.634139974971287601e-01 9.476149854861986022e-01 2.744480000000000253e-01
2.550415794394825797e-01 -2.311086189046485939e-01 9.389049999999999896e-01
1.865009039263484658e-01 -7.266526256738188305e-01 6.612059999999999604e-01
9.863756079325839421e-01 -3.433998635044337167e-03 -1.644729999999999526e-01
-5.811452884666413743e-01 -5.900102928670176716e-01 5.604980000000000517e-01
-2.467859681544809225e-01 -9.686598750031176763e-01 2.819099999999994874e-02
-6.980816580741456834e-01 -3.161308451566403055e-01 6.424509999999999943e-01
-2.950078716461678185e-01 4.252612564998437678e-02 9.545479999999999521e-01
-8.117608580595055967e-01 3.389049407407557224e-01 4.755920000000001258e-01
8.589618092995279230e-01 2.857069365694178131e-01 4.249189999999999912e-01
-7.076167801039153771e-01 3.359698955953749344e-01 6.216129999999999711e-01
6.445266556679110082e-01 -5.366467133017195357e-01 5.446060000000000345e-01
6.057508022475478482e-01 9.022711949548410659e-02 7.905219999999999470e-01
-1.003419489111375545e-01 7.550926155464073863e-01 6.478939999999999699e-01
4.369371170736933152e-01 5.810481556870563669e-01 -6.866360000000000241e-01
3.868103795400534839e-02 3.852863780446966202e-01 9.219859999999999722e-01
2.288951052837824851e-01 -4.182641923869722111e-01 8.790120000000000156e-01
-5.652491612543093513e-01 6.196861767841039814e-01 5.445020000000000415e-01
-6.691449952266015355e-01 6.291189955121301303e-01 3.955429999999999224e-01
1.652431591176429793e-01 7.941911523569976372e-02 9.830499999999999794e-01
-1.560359099261165727e-01 -8.110225318260453342e-01 5.638220000000000454e-01
1.379550375053885392e-01 -9.276772522046053959e-01 3.469630000000000214e-01
-6.211104464700475392e-01 6.637974771545749331e-01 -4.166469999999999341e-01
-2.531295182140076983e-01 -4.223131962036520970e-01 8.703889999999999683e-01
6.064818453848939139e-01 7.624198056304239968e-01 2.256010000000000515e-01
-4.136539884810223611e-01 7.214399799101393063e-01 5.553510000000000391e-01
5.896611814827443787e-01 -7.642772352251334667e-01 2.611129999999998730e-01
6.966955919260857666e-01 -7.357395690569464020e-02 7.135839999999999961e-01
9.990879359087774247e-01 -5.193999666806316251e-03 4.238300000000010115e-02
-1.236880947023888400e-01 -6.895965279929220371e-01 7.135529999999999928e-01
-1.307062142723673381e-01 1.185563802651966453e-01 9.843070000000000430e-01
1.275698956042179144e-01 -1.185928325807634326e-01 9.847139999999999782e-01
-9.267303100210114719e-01 -2.748270919384767086e-01 -2.562050000000000161e-01
-5.815469387692707715e-01 4.793889495254243793e-01 6.572590000000000376e-01
2.111100084977616045e-02 -9.738690392009188290e-01 -2.261269999999998837e-01
-7.034518876522252162e-01 4.896839217929470633e-01 5.151360000000000383e-01
8.142246766881385822e-01 -5.489197820352519075e-02 5.779490000000000460e-01
5.597728802114818603e-01 -7.782912238193302745e-02 8.249830000000000219e-01
8.015030832671884431e-01 5.945700617691666023e-01 -6.386899999999991195e-02
8.584380381484262301e-01 -3.549040157717028854e-01 3.703069999999999973e-01
4.594421456633038248e-01 8.661142745961987188e-01 1.968729999999999092e-01
4.934366244004278479e-01 6.858244779565039195e-01 5.349439999999998641e-01
4.259608117223018242e-01 -1.610403068827107875e-01 8.902940000000000298e-01
9.292476267113842781e-01 1.233979504297360863e-01 3.482410000000001338e-01
5.516918233544007011e-01 -8.290067345612438521e-01 9.156400000000007589e-02
2.030986417051468540e-01 4.543291984987586907e-01 8.673729999999999496e-01
6.269101322270415055e-02 8.197451728995485132e-01 5.692869999999999875e-01
7.554660123500391844e-01 -5.179420084670971480e-01 4.012569999999999748e-01
7.642310808788161935e-01 -3.788170400903267954e-01 5.219660000000000410e-01
2.280490320388753323e-01 -9.731591367202652165e-01 3.090199999999991912e-02
-7.532362470622013806e-01 2.010000659282220898e-03 6.577469999999999706e-01
-3.651965541615530553e-01 5.015433877069139790e-01 -7.842739999999999156e-01
-5.128560448241102909e-01 -1.350340118021021163e-01 8.477879999999999860e-01
-1.244626633452917547e-01 3.026631813369385915e-01 9.449359999999999982e-01
-3.069179705033494021e-01 8.697089164157770780e-01 -3.865330000000000710e-01
8.958406465134306496e-01 4.434248250305780070e-01 -2.905099999999993798e-02
-3.037800105576656320e-02 -9.570560332618230914e-01 2.883070000000000910e-01
-5.770421893014634485e-01 -4.510791479786822600e-01 6.808450000000000335e-01
-5.238188356053382622e-01 7.474617654175146342e-01 4.085519999999999152e-01
-8.602002960061188030e-01 5.652001944927402197e-03 5.099250000000000727e-01
-5.494900087979188302e-02 9.979710159785767365e-01 3.216299999999988612e-02
-8.038148393198724095e-01 1.731329653912499766e-01 5.691279999999999673e-01
-2.801149737008935547e-01 5.452099488119670490e-01 7.901150000000000118e-01
6.427333836985869020e-01 4.113602455735907992e-01 6.462790000000000479e-01
-8.917546234632462987e-01 -3.166628662914610648e-01 3.232620000000000493e-01
5.933596916886631212e-02 6.962476382278013354e-01 7.153450000000000086e-01
-7.485221799293514389e-01 6.208651492432246677e-01 2.328970000000000762e-01
1.160719529126739147e-01 9.882775990818764011e-01 9.916999999999996651e-02
3.882206191778875271e-01 -3.254165190108480599e-01 8.621999999999999664e-01
4.771110918514777088e-01 7.968641534090303846e-01 3.706380000000001340e-01
8.037631226774863968e-01 -5.849800892848712186e-01 1.084579999999999850e-01
-5.541162928916947283e-01 -2.990661580787192242e-01 7.768620000000000525e-01
3.265759082641446209e-01 8.856367512227849570e-01 3.301449999999999663e-01
7.334250351614254315e-01 5.500750263713686250e-01 3.993809999999999860e-01
4.957204579459796590e-02 5.512865092778330700e-01 8.328419999999999712e-01
2.972001663065669801e-03 -8.828194940060594131e-01 4.697029999999998706e-01
-1.115650133929642490e-01 6.253080750659051334e-01 7.723619999999999930e-01
1.697119873118789479e-01 -8.398139372132690239e-01 5.156650000000000400e-01
-1.183228948203317865e-01 4.742385784395199422e-01 8.724089999999999900e-01
9.880143091533155619e-01 1.420760444561175173e-01 -6.034999999999997311e-02
-9.542470543914605141e-01 1.695520096643541030e-01 2.463019999999999377e-01
-7.951684381337560670e-02 -3.803812528568662477e-01 9.214050000000000296e-01
8.990091627055410983e-01 4.106730743249207838e-01 1.520859999999999990e-01
-6.191937723990165177e-01 -2.250999172585870997e-03 7.852350000000000163e-01
6.879765432729022523e-01 -7.189835226882939079e-01 9.874700000000008471e-02
8.502634481395174859e-01 1.176390620027975981e-01 5.130430000000000268e-01
-5.774497564006529915e-01 3.251784259507792818e-01 7.488730000000000109e-01
4.363631398232555303e-01 7.054442260445468182e-01 -5.585120000000001195e-01
4.955501090229364469e-01 -6.718341478061052863e-01 5.505170000000000341e-01
-3.152520238941119435e-01 -8.916340675802300053e-01 3.249690000000000634e-01
-9.419548741714171003e-01 -3.036919594321024762e-01 1.431509999999999450e-01
2.138308587953422768e-01 6.124035955951324661e-01 7.610770000000000035e-01
-6.195370150467829351e-01 7.449030180915648947e-01 2.475750000000000173e-01
9.350043194533481650e-01 -3.245651108908367832e-01 -1.429139999999999855e-01
7.361970979422900463e-01 -2.291890304908815457e-01 6.367779999999999552e-01
-6.273049946814874822e-01 -7.318199937953723255e-01 2.663229999999999764e-01
-7.100600695577648225e-02 -9.932330972975056405e-01 9.190300000000001246e-02
3.609953183077742600e-01 5.057984459879930617e-01 7.834860000000000158e-01
7.576070391743755517e-01 6.072300313986751519e-01 -2.393809999999999549e-01
-7.067046619131867047e-01 -4.633327783420555512e-01 5.346880000000001631e-01
5.044549175906263283e-01 3.847349371484663494e-01 7.729840000000000044e-01
2.954228230189596127e-01 -4.278697436730460185e-02 9.544080000000000341e-01
7.598459671736416121e-01 4.129499821600104981e-01 5.021020000000000483e-01
-5.260427897320274493e-01 8.464456616617193063e-01 8.251500000000001889e-02
-2.817788788355838903e-01 3.872748334725113484e-01 8.778489999999999904e-01
8.393453284261934710e-01 4.445551739493371346e-01 3.128419999999999535e-01
6.221098208978115968e-02 -4.920928583290200553e-01 8.683170000000000055e-01
-1.843970703183725190e-01 9.709163702513213812e-01 1.527060000000000639e-01
9.588923073077247894e-01 2.799400897157599544e-01 4.646600000000008363e-02
5.757477870890186367e-01 8.161606981845538344e-01 4.895099999999994594e-02
8.876312958583716384e-01 -4.602511534073409627e-01 1.671999999999999181e-02
2.960471489269341228e-01 9.433564745567996068e-01 1.497820000000000262e-01
-4.732229585954515483e-01 8.436459261853681557e-01 2.536169999999999813e-01
-8.905212508209552347e-01 -1.580940445281899531e-01 4.265889999999999405e-01
3.524648147714810054e-01 -6.481306593921518644e-01 6.750519999999999854e-01
-3.638911192395951066e-01 -6.572272153597676914e-01 -6.600270000000001414e-01
1.224646799147353207e-16 -0.000000000000000000e+00 -1.000000000000000000e+00
4.449686415669910078e-01 4.058605851800106690e-02 8.946260000000000323e-01
7.403483870333047445e-01 9.815291873492089370e-02 6.650190000000000268e-01
-8.595991090360609599e-01 4.799060608738028311e-01 1.754409999999999581e-01
-9.386505399069481337e-01 6.684003844604382953e-03 3.448049999999999171e-01
-2.162474827968713098e-01 -2.562165720323666407e-01 9.421199999999999575e-01
8.471387426807999166e-01 -2.112269358396170194e-01 4.875849999999998796e-01
6.681824139613429248e-01 1.615698582929140092e-01 -7.262420000000001652e-01
6.679987719837070514e-01 -7.402607473176321395e-01 -7.610300000000005949e-02
4.124999789174527143e-02 -6.482199668699900608e-01 7.603349999999999831e-01
-5.386791475244835370e-01 -7.266531990036895206e-01 4.263799999999999257e-01
7.227967190559592137e-01 -6.372837522940160149e-01 2.672719999999999541e-01
9.291918495153405066e-01 -1.928609687657427962e-01 3.152889999999999304e-01
-1.606149834422364309e-01 -8.995949072609571440e-01 4.061180000000000345e-01
-2.842291819553296461e-01 -7.096724543118495543e-01 6.446539999999999493e-01
-3.732030235755877667e-01 -9.149500577982599969e-01 1.535769999999999358e-01
1.960918475277003969e-01 8.679853250932144659e-01 4.562340000000000284e-01
-6.817293862803637250e-01 -6.082003446174614192e-01 4.066169999999999507e-01
-8.876715523736671276e-01 3.369652096842105093e-01 3.138369999999999771e-01
3.357182043662075288e-01 -7.707684692001413040e-01 5.414879999999999693e-01
-9.601101009082578519e-02 8.624370906427548666e-01 4.969750000000000001e-01
-7.987495509929090076e-01 -4.700037357932659865e-01 3.756269999999999887e-01
-2.880963801547966607e-01 2.114205451244103862e-01 9.339709999999999956e-01
9.207534731812893058e-01 -3.387858061601646820e-01 1.934870000000000201e-01
4.221122664843954264e-01 4.408762783303349364e-01 -7.921169999999998490e-01
-7.943447620223593741e-01 -1.604549519293224369e-01 5.858929999999999971e-01
9.696579655126543740e-01 -1.953299930527946371e-02 2.436839999999999284e-01
6.260026803781585381e-01 5.601507140005812513e-01 5.425419999999999687e-01
-1.948549189859125064e-01 -9.576876018258738688e-01 2.118159999999999210e-01
-8.623364181634686210e-01 -4.629162244769557955e-01 2.051450000000000495e-01
-4.711872544244519734e-01 7.820784222946869368e-01 -4.078430000000000111e-01
1.879753251460437036e-01 2.790994827659829536e-01 9.416839999999999655e-01
3.499335210712004041e-01 3.403835341415794580e-01 8.727460000000000218e-01
-2.706980983449473466e-01 6.849522488439827583e-01 6.764339999999999797e-01
7.369721633095326352e-01 6.286511393061080533e-01 2.483339999999999437e-01
-1.665625112496645077e-01 -7.949724401012585318e-02 9.828209999999999447e-01
-4.220881184299404842e-01 -9.063512543050142867e-01 -1.920999999999993546e-02
-4.300095772629818902e-01 2.667867377253066996e-01 8.625059999999999949e-01
-3.585009056050696419e-01 8.381047793231732879e-01 4.111660000000000315e-01
6.474595552063513448e-01 -3.894217324739254193e-01 6.550930000000000364e-01
9.550093540464837938e-01 1.559600578183971131e-01 -2.522570000000000090e-01
1.617819938120677870e-01 -9.226079647115518201e-01 -3.501729999999999565e-01
-3.297859283617745052e-01 -8.139698231842273923e-01 4.782199999999999229e-01
-4.709373436118186596e-01 -8.275466038059995366e-01 3.055889999999999995e-01
7.110633937496980694e-01 6.987583869358292565e-01 7.826600000000002999e-02
9.288055635363565155e-02 -3.164504884661092921e-01 9.440509999999999735e-01
-4.372182960655580652e-01 4.388382971625537921e-01 7.850230000000000263e-01
-4.326587816373855810e-01 5.892247026186641090e-01 6.823639999999999706e-01
6.342775647851541798e-01 2.540632262276744102e-01 7.301670000000000105e-01
9.836099309412253688e-02 -9.819529310575624281e-01 1.615349999999999842e-01
8.221421309881277173e-01 5.571160887627462088e-01 1.170640000000000985e-01
9.060150437540592794e-01 -4.404000212681773163e-02 4.209480000000000444e-01
-7.961973632363604780e-01 4.897892234486862506e-01 3.552130000000001120e-01
8.418067907637534208e-01 -4.838948797249565392e-01 2.391799999999999204e-01
-4.525342483013792827e-01 4.278592892886256410e-02 8.907199999999999562e-01
7.615417400174285811e-01 2.610649108751060266e-01 5.932110000000000438e-01
5.927894498281062186e-01 -2.374017796658041968e-01 7.695720000000000338e-01
3.498029276124636766e-01 7.891158367019062148e-01 5.049099999999999699e-01
-6.797862324611166907e-01 -7.271132486451615806e-01 9.590100000000002789e-02
