6.548752939778313964e-01 3.556591596577386438e-01 6.668169999999999931e-01
2.719239675079185847e-01 9.339648884009250640e-01 2.318770000000000553e-01
-1.188110145958792691e-01 1.104379430933853795e-01 9.867559999999999665e-01
-3.268790994875889755e-01 8.665472637387893196e-01 3.771550000000000180e-01
-3.948171277156968806e-01 -1.083370350449334441e-01 9.123499999999999943e-01
9.062528295103888798e-01 -3.493339342812461501e-01 2.380580000000000473e-01
5.663300103151781562e-01 -4.709170085773183856e-01 6.763930000000000220e-01
-5.585399810727196268e-01 6.652029774582236543e-01 4.955179999999999585e-01
6.489041880218560099e-01 6.119891773256252998e-01 4.520979999999999999e-01
-4.352156441703072809e-01 4.979405928867665088e-01 7.500949999999999562e-01
-6.008499611589366435e-02 9.726439371248623011e-01 2.243960000000000399e-01
2.902952326896816593e-01 -6.193974964856119314e-01 7.294349999999999445e-01
-8.760997072635078042e-03 -5.487448166445795250e-01 8.359440000000000204e-01
9.884293000576285793e-02 6.379595482378767057e-01 7.637000000000000455e-01
-1.628870993837699399e-01 -9.172945596771746590e-01 3.633710000000001106e-01
9.504501454451697029e-02 -8.218361257636661588e-01 5.617400000000000171e-01
-2.149599408948782708e-01 7.210628017374564047e-01 6.586809999999999610e-01
7.416267611987636954e-01 3.991798714654705427e-02 6.696239999999999970e-01
-8.478515576005822840e-01 -2.003628954528919870e-01 4.909200000000000230e-01
-9.431578988515951778e-01 3.042219673738968955e-01 1.337990000000000845e-01
-2.156500117563403540e-01 -7.327370399457708849e-01 6.454389999999999850e-01
-6.035966754670624157e-02 -2.236227683145234624e-01 9.728050000000000308e-01
8.147233016390892368e-01 5.611202077463453008e-01 1.461850000000000649e-01
2.659641814504218882e-01 -3.350959686856992970e-01 9.038659999999999473e-01
4.419820387845067589e-01 -7.645170670873809859e-01 4.692179999999999129e-01
-5.661239855002768717e-01 8.076139793151689839e-01 -1.651159999999999572e-01
7.165912635440382372e-01 -5.846142150062370035e-01 3.804250000000000687e-01
3.312719618062103799e-01 -9.430278912742001696e-01 -3.093999999999998488e-02
4.657356981882140312e-01 1.680382519075248882e-01 8.688230000000000119e-01
-4.807159436892187721e-01 -7.892989075419931666e-01 3.819939999999999447e-01
9.613625589306173946e-01 2.531231471643300424e-01 1.082160000000001038e-01
9.203594728193545960e-01 -3.998997709379589587e-03 3.910530000000000395e-01
3.933310431105552230e-01 9.154351003351153260e-01 -8.526000000000000245e-02
8.522765912352833206e-01 3.245512251453782637e-01 4.102329999999999033e-01
5.711832190347622129e-01 7.994453065676769832e-01 1.861099999999999977e-01
5.354127000345489940e-01 -1.672259063115342781e-01 8.278699999999999948e-01
-4.427907932642073385e-01 2.032219051171744728e-01 8.732910000000000394e-01
-1.438481313344966428e-01 4.312693937524125221e-01 8.906819999999999737e-01
8.934603535511473904e-01 4.149101641840782784e-01 -1.719829999999998860e-01
-7.958251586652693721e-01 5.114071019602667301e-01 3.242300000000000182e-01
3.991076202294279729e-01 5.238705015113971353e-01 7.525110000000000410e-01
8.065346656818724869e-01 -5.905807551973143443e-01 2.676200000000010862e-02
-6.913799365885469062e-01 -7.102029348621539118e-01 1.326860000000000261e-01
-9.738472166793431528e-01 -8.005501781210465351e-02 2.126330000000000719e-01
-5.210700328604981474e-02 -9.960340628133897978e-01 7.211799999999994604e-02
-6.966940885889275625e-01 3.436000436908539374e-02 7.165449999999999875e-01
-6.262719754148436957e-01 -2.861999887648310481e-01 7.251710000000000100e-01
9.941080272412415875e-01 -7.268300199171032205e-02 8.041399999999995774e-02
-7.389387883757182474e-01 -5.195158512161351938e-01 4.290370000000000572e-01
-7.021817302571321529e-01 3.531748643279986610e-01 6.182299999999999462e-01
-5.050527282483164848e-01 -5.816136870534704961e-01 6.376889999999999503e-01
3.712296723892506423e-01 7.701793203155806733e-01 5.186639999999999029e-01
5.087003076044627897e-02 8.583705190454943290e-01 5.105020000000000113e-01
1.705686341172423515e-01 3.254833018134392075e-01 9.300359999999999738e-01
-3.121601602809084275e-01 -4.224882169296529932e-01 8.509170000000000345e-01
-8.870184749220334508e-01 1.521890814841517503e-01 4.359319999999999862e-01
-6.057668661523741838e-01 7.763318284650780887e-01 1.742280000000000773e-01
2.157910687803695216e-01 -9.371122986913712483e-01 2.743260000000001253e-01
2.107532159767520064e-01 -1.343295002806926472e-02 9.774469999999999548e-01
7.878534171621752735e-01 -2.744951453430161670e-01 5.513069999999999915e-01
