6.954333899384341766e-01 2.522241414253157399e-01 6.728709999999999969e-01
-3.155058056412198275e-01 8.003595069602689183e-01 5.097850000000001547e-01
6.933472114984221557e-01 5.762271757721620924e-01 4.327030000000000598e-01
8.203903065763178404e-01 -1.143370427272595302e-01 5.602559999999999762e-01
8.107986717018569323e-01 4.131798327005500177e-02 -5.838649999999998563e-01
8.929791696602263906e-01 -4.449290845336282829e-01 -6.801700000000007740e-02
-3.814663913831834452e-01 -4.660254781405109292e-01 7.983130000000000503e-01
-6.609321217551614724e-01 6.949591280235265511e-01 2.831970000000000320e-01
-3.297100934628469093e-02 -8.860472511676152907e-01 4.624210000000000820e-01
6.639462406469176514e-01 -7.438732696164214175e-01 7.634099999999990893e-02
-2.452801053349664903e-02 9.389804032429370784e-01 3.430949999999999833e-01
8.489829101080376139e-01 5.245009444648194297e-01 6.424000000000003319e-02
-5.686473159508832476e-01 5.514313063853523156e-01 6.103800000000000336e-01
8.318763662896424549e-01 -4.457101962539567475e-01 3.306420000000000470e-01
3.955980045363954867e-01 2.366890027141565767e-01 8.874009999999999954e-01
-3.607230732068179568e-01 -9.043501835330319816e-01 2.281000000000000527e-01
5.773811921076892339e-01 -6.931692306329699793e-01 4.314480000000000537e-01
-3.220620945899808629e-01 9.067452663120521006e-01 -2.721930000000000738e-01
-8.923486133985395474e-01 -3.269988583308875429e-01 3.111039999999999917e-01
-2.326009641768288227e-01 1.351083983326332172e-01 9.631420000000000536e-01
1.422510927701713945e-01 -1.130892787544546599e-02 9.897660000000000347e-01
2.786960084561885820e-01 -7.092430215198370913e-01 6.475360000000000005e-01
-1.259154369866698486e-01 -2.538188808726725698e-01 9.590210000000000123e-01
4.082391957286859996e-01 5.641202704652577005e-01 7.177109999999999879e-01
-2.664102175554166063e-01 5.098664163661651427e-01 8.179619999999999669e-01
3.664531120428636268e-01 8.113592480727019884e-01 4.554210000000000758e-01
-8.253207960463581072e-01 3.393249161458759544e-01 4.513360000000000705e-01
-5.814927862894111454e-01 2.249309173332498801e-01 7.818389999999999507e-01
-6.848260549169673528e-01 -4.243600340299058526e-01 5.923950000000000049e-01
-5.220604340960217221e-02 -6.308555245597161631e-01 7.741419999999999968e-01
-9.682465367044907900e-01 8.555795906144078589e-02 2.349009999999999432e-01
5.937787725791753290e-01 -4.243078374875580705e-01 6.836590000000000167e-01
2.806900102534570438e-02 -9.964520363998655705e-01 7.934400000000002562e-02
-6.874195044761726159e-01 -6.724265152838140303e-01 2.744030000000000635e-01
4.256198615313678407e-02 7.303927623783659229e-01 6.816999999999999726e-01
-3.976318344624378276e-01 -7.362556934904045391e-01 5.475550000000000139e-01
6.045508937364552082e-01 7.899568611471472490e-01 1.024029999999999246e-01
-5.168963828236968761e-01 -1.261970934640664066e-01 8.466949999999999754e-01
2.481220836772818905e-01 -3.869631305003668476e-01 8.880850000000000133e-01
-8.980789707034007030e-01 -2.340079923663299089e-01 -3.724169999999999425e-01
3.655730959006215364e-01 -9.218722418343199276e-01 -1.284829999999999861e-01
6.635494012547990539e-02 4.012476379393951076e-01 9.135630000000000139e-01
9.717881444196507790e-01 -1.430290212558688046e-01 1.875380000000000658e-01
5.310445944661716933e-01 -1.034109210299339748e-01 8.410100000000000353e-01
-2.745159917619613976e-01 -9.531099713978165022e-01 -1.273670000000000635e-01
-9.828007755697967252e-01 -1.839049580038721876e-01 -1.678099999999990016e-02
