5.352752452607539846e-01 -1.206620552868209878e-01 8.360149999999999526e-01
-9.679994791801056486e-01 2.287878769035721349e-01 1.031170000000000003e-01
8.137499740215460575e-02 9.441019698601414989e-01 3.194519999999999582e-01
8.091197736377058192e-01 -5.774298384561258324e-01 1.090869999999999063e-01
3.156578702993512175e-01 -4.763198042849760561e-01 8.206579999999999986e-01
8.460690453715433712e-01 5.052030270921635813e-01 1.701089999999998992e-01
-1.210510672081033245e-01 -8.201734553640340764e-01 5.591620000000000479e-01
-7.170546923631007097e-01 -5.244657749892350784e-01 4.590950000000000863e-01
-7.181191898333573465e-02 -4.493694930309920510e-01 8.904549999999999965e-01
3.221777685225926113e-01 -8.156204139952621945e-01 4.805880000000000152e-01
-9.912057226699200196e-01 -8.724997558827236183e-03 1.320420000000000482e-01
3.218285145642421075e-01 -2.319476501376408761e-01 9.179469999999999574e-01
1.077832740844017756e-01 3.611109182767072157e-01 9.262730000000000130e-01
4.976973253788368190e-01 -3.415592233006631284e-01 7.972669999999999479e-01
-4.492241918202768414e-01 6.879952937763593734e-01 5.699650000000000549e-01
6.400526356087744562e-01 5.960636606523344039e-01 4.848100000000000742e-01
-1.312298961268503969e-02 8.568023218103610894e-01 5.154779999999998807e-01
8.611399621681955496e-01 3.996829824410326748e-01 -3.141519999999998758e-01
8.449457813233274273e-01 1.994759483745139339e-01 4.962620000000000364e-01
9.415879774584082762e-01 3.310769920740254113e-01 6.164499999999996371e-02
7.144253032086447242e-01 1.412618622248624223e-01 6.853040000000000243e-01
7.064800514777742624e-01 6.569980478722607931e-01 2.631339999999998680e-01
-4.708987218051275958e-01 -4.667787242391162605e-01 7.485800000000000232e-01
-6.639048393055847486e-01 3.283939205141070961e-01 6.718539999999999512e-01
1.072071166953745408e-01 1.323001440092349545e-01 9.853950000000000209e-01
8.664980498353856975e-01 4.901460281900419935e-01 -9.454099999999995840e-02
-3.624761088284604860e-01 -8.106552433880743758e-01 4.598360000000000225e-01
8.223088123175312791e-01 -2.747569372899091866e-01 4.983139999999999237e-01
-9.193369819520615938e-01 -2.694549947102016230e-01 -2.867289999999999006e-01
-9.246480006223223302e-01 -1.445910000973152643e-01 3.523060000000000636e-01
-3.414199534318377860e-01 9.256328737477952373e-01 1.632059999999999622e-01
3.281448095912485874e-01 2.223985486965311398e-01 9.180739999999999457e-01
5.732894138846086340e-01 7.305135273920955186e-01 -3.710649999999999782e-01
-8.371902115895171748e-02 -6.723761699347969856e-01 7.354600000000000026e-01
-3.012593446810853948e-01 -3.226383691415560806e-01 8.972999999999999865e-01
-8.790081863210181812e-01 4.667780989417071313e-01 9.727700000000001623e-02
-4.169152039464013582e-01 8.285634053162923562e-01 3.737170000000000769e-01
-9.573883769507873787e-01 -2.464250970245059902e-01 1.506060000000000176e-01
-2.117300778274017470e-01 -9.677433557215479043e-01 1.365400000000000780e-01
1.060709614220423508e-01 5.706387924589456651e-01 8.143219999999999903e-01
-8.341577557782514640e-01 -4.644298640258707339e-02 5.495670000000000277e-01
-5.224557745346167792e-01 -8.099996504451942823e-04 8.526660000000000350e-01
9.876865438365526328e-01 -1.184769452813728002e-01 1.021690000000000376e-01
-6.547999749221009580e-01 -3.854299852385851266e-01 6.501390000000000224e-01
5.774618508229900637e-01 8.082397912056091815e-01 1.152660000000000212e-01
7.058589811522566482e-01 3.709939900937726520e-01 6.034289999999999932e-01
-1.898260461260925513e-01 -9.749122368952677364e-01 -1.162420000000000259e-01
5.406122476390763376e-01 3.166681450566599665e-01 7.793970000000000065e-01
-5.106276606744758473e-01 -2.387638413351412248e-01 8.259849999999999692e-01
1.184949827248779619e-01 -5.814939152252850407e-01 8.048750000000000071e-01
8.387917850703534572e-01 -4.449358859908806862e-01 3.137840000000001184e-01
-3.193744381284200351e-01 3.811683294151756440e-01 8.675890000000000546e-01
1.536579644489147745e-01 7.581888245815919802e-01 6.336709999999999843e-01
-6.128090261130882954e-01 7.093700302277565761e-01 3.482229999999999492e-01
7.041890027366758398e-01 -5.053220019638230420e-01 4.987659999999999871e-01
-2.896449482511166407e-01 6.029078922825673592e-01 7.433760000000000367e-01
-7.800160706938210620e-01 4.003610362852159099e-01 4.809220000000000717e-01
4.242158345409678954e-01 7.232127179217122670e-01 5.449810000000000487e-01
-9.276019121188789907e-01 3.569669661809051209e-01 -1.101329999999999254e-01
6.775079312227132444e-01 -3.204259674719251993e-01 6.620500000000000274e-01
2.831070688739195651e-01 -9.195782237137947179e-01 2.724450000000000482e-01
4.069159381106214890e-01 8.798348661825995398e-01 -2.455809999999999937e-01
-7.020796041364425755e-02 6.969046070543343241e-01 7.137189999999999923e-01
3.340870703972119715e-01 -6.653681402031572656e-01 6.675860000000000127e-01
-1.101592912047870965e-01 2.421184421432739237e-02 9.936190000000000300e-01
-9.833890028291168706e-02 -2.175259914289500163e-01 9.710879999999999512e-01
-6.423139534297419573e-01 7.606079448529677878e-01 -9.438399999999991241e-02
-6.915049334637376477e-01 6.535089371196937114e-01 -3.078099999999999170e-01
5.346223158443452750e-01 1.004080593191058746e-01 8.391049999999999898e-01
2.576318125851275176e-01 8.577163760521899771e-01 4.449139999999999762e-01
-1.092349475314649265e-01 4.899457646656393273e-01 8.648820000000000396e-01
6.304008769106836940e-01 -5.598408906879177582e-01 -5.377480000000000038e-01
1.216009743175924945e-01 -7.617098391251173606e-01 6.364049999999999985e-01
3.148339688441860185e-01 6.216769384791572817e-01 7.172150000000000469e-01
-1.648130227079898646e-01 -9.193121266631130162e-01 3.573540000000000605e-01
-8.203995949226687220e-03 -9.997215063813847946e-01 2.212699999999999390e-02
-4.909543221675563562e-01 4.817493161271691471e-01 7.258660000000000112e-01
-3.205653990705192302e-01 -9.333282503898972238e-02 9.426170000000000382e-01
-3.218730264412495434e-01 1.440974595215015475e-01 9.357529999999999459e-01
1.253202248081318193e-01 -3.475876235268443026e-01 9.292350000000000332e-01
-8.277450799413348381e-01 1.818700175645042438e-01 5.308120000000000616e-01
4.403801968425965357e-02 -9.694874333446972248e-01 2.411530000000000618e-01
5.281758494782347046e-01 -5.323598482858612480e-01 6.615309999999999802e-01
-1.012349863472943590e-01 9.792178679411763786e-01 1.757380000000000886e-01
-5.353257141797338470e-01 -6.187196696541640284e-01 5.749889999999999723e-01
-7.421752811849968712e-01 -6.248732367432381363e-01 2.422999999999999599e-01
-2.413961432848319988e-01 7.845494656828266855e-01 5.711479999999999890e-01
7.157163187086622580e-01 -9.034404023022454822e-02 6.925229999999999997e-01
-1.119425476952950332e-01 2.644952940819297327e-01 9.578680000000000527e-01
-9.902111215424670432e-01 -1.096700134613354666e-01 -8.633900000000001296e-02
4.063937813610590255e-01 9.136905084365601892e-01 -3.707999999999950485e-03
-7.327583630519867164e-01 6.719973329473658552e-01 1.071670000000000816e-01
9.278356538579143331e-01 -2.058869231909997155e-01 3.110169999999999324e-01
5.247918620523416289e-01 5.219328628038628626e-01 6.724430000000000129e-01
-1.937200030146541407e-01 9.080270141306382436e-01 3.714289999999999536e-01
8.875595173564196361e-02 -8.898535161089718981e-01 4.475299999999999279e-01
3.635588215158984116e-01 9.000625581269177111e-01 2.402340000000000864e-01
5.960710937726857450e-01 7.921221246150330630e-01 -1.313079999999999248e-01
-5.523123444580220198e-01 8.211575121274135025e-01 1.437059999999999449e-01
-4.465649659575953168e-01 8.922649319811306601e-01 -6.665600000000003467e-02
-2.634378588813011124e-01 -5.356087130845013089e-01 8.023240000000000371e-01
5.219768795395137717e-01 7.777298205175057211e-01 3.502520000000000078e-01
-2.271420794171634117e-01 9.726693400807115975e-01 -4.817500000000010663e-02
5.297599585206103079e-01 -6.924249457841920030e-01 4.897979999999999556e-01
9.487271170991762315e-01 3.366000415457583855e-02 3.142990000000000506e-01
-8.978707587647911659e-01 3.231259131842234011e-01 2.990279999999999605e-01
-6.927345280776928682e-01 9.172393751347665547e-02 7.153359999999999719e-01
1.095016923665777381e-01 -1.061626712543321666e-01 9.883009999999999851e-01
3.304425614747148465e-01 4.315034273583805424e-01 8.394120000000000470e-01
5.001411571250647947e-01 -8.158362563042912408e-01 2.902929999999999677e-01
-5.112248853306926577e-01 2.400309461603235828e-01 8.252479999999999816e-01
-9.363973749478464725e-01 9.257203706726084558e-02 3.385119999999999241e-01
-8.089348371482296685e-01 -2.844469427361931979e-01 5.145040000000000724e-01
8.025472665554312934e-01 4.433081472389219235e-01 3.992439999999999878e-01
7.451166846338740379e-01 6.668437177624333412e-01 1.098099999999992485e-02
3.274524516077879088e-01 -2.967013152869610749e-03 9.448630000000000084e-01
-6.900658127370401518e-01 -1.498389593382450646e-01 7.080659999999999732e-01
-7.779059404126745791e-01 5.510169577922920947e-01 3.020639999999998881e-01
-3.234407811164237145e-01 -6.918565317967285688e-01 6.455389999999999739e-01
8.551441736306115704e-01 -3.758400763115089804e-02 5.170260000000000966e-01
